exercicio;instituicao;cod_ibge;uf;anexo;rotulo;coluna;cod_conta;conta;valor;populacao
2014;Prefeitura Municipal de Jiquiriçá - BA;2918209;BA;DCA-Anexo I-C;NA;Receitas Brutas Realizadas;TotalReceitas;Total Receitas;25753279,64;14993
2014;Prefeitura Municipal de Jiquiriçá - BA;2918209;BA;DCA-Anexo I-C;NA;Deduções - FUNDEB;TotalReceitas;Total Receitas;2731833,27;14993
2014;Prefeitura Municipal de Jiquiriçá - BA;2918209;BA;DCA-Anexo I-C;NA;Receitas Brutas Realizadas;RO1.0.0.0.00.00.00;1.0.0.0.00.00.00 - Receitas Correntes;25753279,64;14993
2014;Prefeitura Municipal de Jiquiriçá - BA;2918209;BA;DCA-Anexo I-C;NA;Deduções - FUNDEB;RO1.0.0.0.00.00.00;1.0.0.0.00.00.00 - Receitas Correntes;2731833,27;14993
2014;Prefeitura Municipal de Jiquiriçá - BA;2918209;BA;DCA-Anexo I-C;NA;Receitas Brutas Realizadas;RO1.1.0.0.00.00.00;1.1.0.0.00.00.00 - Receita Tributária;722448,52;14993
2014;Prefeitura Municipal de Jiquiriçá - BA;2918209;BA;DCA-Anexo I-C;NA;Receitas Brutas Realizadas;RO1.1.1.0.00.00.00;1.1.1.0.00.00.00 - Impostos;684634,89;14993
2014;Prefeitura Municipal de Jiquiriçá - BA;2918209;BA;DCA-Anexo I-C;NA;Receitas Brutas Realizadas;RO1.1.1.2.00.00.00;1.1.1.2.00.00.00 - Impostos sobre o Patrimônio e a Renda;438540,57;14993
2014;Prefeitura Municipal de Jiquiriçá - BA;2918209;BA;DCA-Anexo I-C;NA;Receitas Brutas Realizadas;RO1.1.1.2.02.00.00;1.1.1.2.02.00.00 - Imposto sobre a Propriedade Predial e Territorial Urbana ¿ IPTU;50046,13;14993
2014;Prefeitura Municipal de Jiquiriçá - BA;2918209;BA;DCA-Anexo I-C;NA;Receitas Brutas Realizadas;RO1.1.1.2.04.00.00;1.1.1.2.04.00.00 - Imposto sobre a Renda e Proventos de Qualquer Natureza ¿ IR;379324,74;14993
2014;Prefeitura Municipal de Jiquiriçá - BA;2918209;BA;DCA-Anexo I-C;NA;Receitas Brutas Realizadas;RO1.1.1.2.04.31.00;1.1.1.2.04.31.00 - Retido nas Fontes - Trabalho;379324,74;14993
2014;Prefeitura Municipal de Jiquiriçá - BA;2918209;BA;DCA-Anexo I-C;NA;Receitas Brutas Realizadas;RO1.1.1.2.08.00.00;"1.1.1.2.08.00.00 - Imposto sobre Transmissão ""Inter Vivos"" de Bens Imóveis e de Direitos Reais sobre Imóveis ¿ ITBI";9169,70;14993
2014;Prefeitura Municipal de Jiquiriçá - BA;2918209;BA;DCA-Anexo I-C;NA;Receitas Brutas Realizadas;RO1.1.1.3.00.00.00;1.1.1.3.00.00.00 - Impostos sobre a Produção e a Circulação;246094,32;14993
2014;Prefeitura Municipal de Jiquiriçá - BA;2918209;BA;DCA-Anexo I-C;NA;Receitas Brutas Realizadas;RO1.1.1.3.05.00.00;1.1.1.3.05.00.00 - Imposto sobre Serviços de Qualquer Natureza ¿ ISSQN;246094,32;14993
2014;Prefeitura Municipal de Jiquiriçá - BA;2918209;BA;DCA-Anexo I-C;NA;Receitas Brutas Realizadas;RO1.1.2.0.00.00.00;1.1.2.0.00.00.00 - Taxas;37813,63;14993
2014;Prefeitura Municipal de Jiquiriçá - BA;2918209;BA;DCA-Anexo I-C;NA;Receitas Brutas Realizadas;RO1.1.2.1.00.00.00;1.1.2.1.00.00.00 - Taxas pelo Exercício do Poder de Polícia;37813,63;14993
2014;Prefeitura Municipal de Jiquiriçá - BA;2918209;BA;DCA-Anexo I-C;NA;Receitas Brutas Realizadas;RO1.3.0.0.00.00.00;1.3.0.0.00.00.00 - Receita Patrimonial;83502,27;14993
2014;Prefeitura Municipal de Jiquiriçá - BA;2918209;BA;DCA-Anexo I-C;NA;Receitas Brutas Realizadas;RO1.3.2.0.00.00.00;1.3.2.0.00.00.00 - Receitas de Valores Mobiliários;83502,27;14993
2014;Prefeitura Municipal de Jiquiriçá - BA;2918209;BA;DCA-Anexo I-C;NA;Receitas Brutas Realizadas;RO1.3.2.5.00.00.00;1.3.2.5.00.00.00 - Remuneração de Depósitos Bancários;83502,27;14993
2014;Prefeitura Municipal de Jiquiriçá - BA;2918209;BA;DCA-Anexo I-C;NA;Receitas Brutas Realizadas;RO1.7.0.0.00.00.00;1.7.0.0.00.00.00 - Transferências Correntes;24782866,82;14993
2014;Prefeitura Municipal de Jiquiriçá - BA;2918209;BA;DCA-Anexo I-C;NA;Deduções - FUNDEB;RO1.7.0.0.00.00.00;1.7.0.0.00.00.00 - Transferências Correntes;2731833,27;14993
2014;Prefeitura Municipal de Jiquiriçá - BA;2918209;BA;DCA-Anexo I-C;NA;Receitas Brutas Realizadas;RO1.7.2.0.00.00.00;1.7.2.0.00.00.00 - Transferências Intergovernamentais;23762476,73;14993
2014;Prefeitura Municipal de Jiquiriçá - BA;2918209;BA;DCA-Anexo I-C;NA;Deduções - FUNDEB;RO1.7.2.0.00.00.00;1.7.2.0.00.00.00 - Transferências Intergovernamentais;2731833,27;14993
2014;Prefeitura Municipal de Jiquiriçá - BA;2918209;BA;DCA-Anexo I-C;NA;Receitas Brutas Realizadas;RO1.7.2.1.00.00.00;1.7.2.1.00.00.00 - Transferências da União;14948773,36;14993
2014;Prefeitura Municipal de Jiquiriçá - BA;2918209;BA;DCA-Anexo I-C;NA;Deduções - FUNDEB;RO1.7.2.1.00.00.00;1.7.2.1.00.00.00 - Transferências da União;2295349,03;14993
2014;Prefeitura Municipal de Jiquiriçá - BA;2918209;BA;DCA-Anexo I-C;NA;Receitas Brutas Realizadas;RO1.7.2.1.01.00.00;1.7.2.1.01.00.00 - Participação na Receita da União;11976310,89;14993
2014;Prefeitura Municipal de Jiquiriçá - BA;2918209;BA;DCA-Anexo I-C;NA;Deduções - FUNDEB;RO1.7.2.1.01.00.00;1.7.2.1.01.00.00 - Participação na Receita da União;2293556,83;14993
2014;Prefeitura Municipal de Jiquiriçá - BA;2918209;BA;DCA-Anexo I-C;NA;Receitas Brutas Realizadas;RO1.7.2.1.01.02.00;1.7.2.1.01.02.00 - Cota-Parte do Fundo de Participação dos Municípios ¿ FPM;11973308,09;14993
2014;Prefeitura Municipal de Jiquiriçá - BA;2918209;BA;DCA-Anexo I-C;NA;Deduções - FUNDEB;RO1.7.2.1.01.02.00;1.7.2.1.01.02.00 - Cota-Parte do Fundo de Participação dos Municípios ¿ FPM;2292956,41;14993
2014;Prefeitura Municipal de Jiquiriçá - BA;2918209;BA;DCA-Anexo I-C;NA;Receitas Brutas Realizadas;RO1.7.2.1.01.05.00;1.7.2.1.01.05.00 - Cota-Parte do Imposto Sobre a Propriedade Territorial Rural ¿ ITR;3002,80;14993
2014;Prefeitura Municipal de Jiquiriçá - BA;2918209;BA;DCA-Anexo I-C;NA;Deduções - FUNDEB;RO1.7.2.1.01.05.00;1.7.2.1.01.05.00 - Cota-Parte do Imposto Sobre a Propriedade Territorial Rural ¿ ITR;600,42;14993
2014;Prefeitura Municipal de Jiquiriçá - BA;2918209;BA;DCA-Anexo I-C;NA;Receitas Brutas Realizadas;RO1.7.2.1.22.00.00;1.7.2.1.22.00.00 - Transferências da Compensação Financeira pela Exploração de Recursos Naturais;198177,03;14993
2014;Prefeitura Municipal de Jiquiriçá - BA;2918209;BA;DCA-Anexo I-C;NA;Receitas Brutas Realizadas;RO1.7.2.1.22.50.00;1.7.2.1.22.50.00 - Cota-Parte Royalties pela Participação Especial - Lei nº 9.478/97 artigo 50;18136,29;14993
2014;Prefeitura Municipal de Jiquiriçá - BA;2918209;BA;DCA-Anexo I-C;NA;Receitas Brutas Realizadas;RO1.7.2.1.22.70.00;1.7.2.1.22.70.00 - Cota-Parte do Fundo Especial do Petróleo ¿ FEP;178761,02;14993
2014;Prefeitura Municipal de Jiquiriçá - BA;2918209;BA;DCA-Anexo I-C;NA;Receitas Brutas Realizadas;RO1.7.2.1.22.90.00;1.7.2.1.22.90.00 - Outras Transferências Decorrentes de Compensação Financeira pela Exploração de Recursos Naturais;1279,72;14993
2014;Prefeitura Municipal de Jiquiriçá - BA;2918209;BA;DCA-Anexo I-C;NA;Receitas Brutas Realizadas;RO1.7.2.1.33.00.00;1.7.2.1.33.00.00 - Transferências de Recursos do Sistema Único de Saúde - SUS - Repasses Fundo a Fundo;1599162,89;14993
2014;Prefeitura Municipal de Jiquiriçá - BA;2918209;BA;DCA-Anexo I-C;NA;Receitas Brutas Realizadas;RO1.7.2.1.34.00.00;1.7.2.1.34.00.00 - Transferências de Recursos do Fundo Nacional de Assistência Social ¿ FNAS;197619,70;14993
2014;Prefeitura Municipal de Jiquiriçá - BA;2918209;BA;DCA-Anexo I-C;NA;Receitas Brutas Realizadas;RO1.7.2.1.35.00.00;1.7.2.1.35.00.00 - Transferências de Recursos do Fundo Nacional do Desenvolvimento da Educação ¿ FNDE;727762,81;14993
2014;Prefeitura Municipal de Jiquiriçá - BA;2918209;BA;DCA-Anexo I-C;NA;Receitas Brutas Realizadas;RO1.7.2.1.36.00.00;1.7.2.1.36.00.00 - Transferências Financeiras do ICMS ¿ Desoneração ¿ L.C. Nº 87/96;8961,00;14993
2014;Prefeitura Municipal de Jiquiriçá - BA;2918209;BA;DCA-Anexo I-C;NA;Deduções - FUNDEB;RO1.7.2.1.36.00.00;1.7.2.1.36.00.00 - Transferências Financeiras do ICMS ¿ Desoneração ¿ L.C. Nº 87/96;1792,20;14993
2014;Prefeitura Municipal de Jiquiriçá - BA;2918209;BA;DCA-Anexo I-C;NA;Receitas Brutas Realizadas;RO1.7.2.1.99.00.00;1.7.2.1.99.00.00 - Outras Transferências da União;240779,04;14993
2014;Prefeitura Municipal de Jiquiriçá - BA;2918209;BA;DCA-Anexo I-C;NA;Receitas Brutas Realizadas;RO1.7.2.2.00.00.00;1.7.2.2.00.00.00 - Transferências dos Estados;2854824,74;14993
2014;Prefeitura Municipal de Jiquiriçá - BA;2918209;BA;DCA-Anexo I-C;NA;Deduções - FUNDEB;RO1.7.2.2.00.00.00;1.7.2.2.00.00.00 - Transferências dos Estados;436484,24;14993
2014;Prefeitura Municipal de Jiquiriçá - BA;2918209;BA;DCA-Anexo I-C;NA;Receitas Brutas Realizadas;RO1.7.2.2.01.00.00;1.7.2.2.01.00.00 - Participação na Receita dos Estados;2218798,59;14993
2014;Prefeitura Municipal de Jiquiriçá - BA;2918209;BA;DCA-Anexo I-C;NA;Deduções - FUNDEB;RO1.7.2.2.01.00.00;1.7.2.2.01.00.00 - Participação na Receita dos Estados;436484,24;14993
2014;Prefeitura Municipal de Jiquiriçá - BA;2918209;BA;DCA-Anexo I-C;NA;Receitas Brutas Realizadas;RO1.7.2.2.01.01.00;1.7.2.2.01.01.00 - Cota-Parte do ICMS;2046245,39;14993
2014;Prefeitura Municipal de Jiquiriçá - BA;2918209;BA;DCA-Anexo I-C;NA;Deduções - FUNDEB;RO1.7.2.2.01.01.00;1.7.2.2.01.01.00 - Cota-Parte do ICMS;409248,89;14993
2014;Prefeitura Municipal de Jiquiriçá - BA;2918209;BA;DCA-Anexo I-C;NA;Receitas Brutas Realizadas;RO1.7.2.2.01.02.00;1.7.2.2.01.02.00 - Cota-Parte do IPVA;136180,70;14993
2014;Prefeitura Municipal de Jiquiriçá - BA;2918209;BA;DCA-Anexo I-C;NA;Deduções - FUNDEB;RO1.7.2.2.01.02.00;1.7.2.2.01.02.00 - Cota-Parte do IPVA;27235,35;14993
2014;Prefeitura Municipal de Jiquiriçá - BA;2918209;BA;DCA-Anexo I-C;NA;Receitas Brutas Realizadas;RO1.7.2.2.01.04.00;1.7.2.2.01.04.00 - Cota-Parte do IPI sobre Exportação;26824,77;14993
2014;Prefeitura Municipal de Jiquiriçá - BA;2918209;BA;DCA-Anexo I-C;NA;Receitas Brutas Realizadas;RO1.7.2.2.01.13.00;1.7.2.2.01.13.00 - Cota-Parte da Contribuição de Intervenção no Domínio Econômico;2532,75;14993
2014;Prefeitura Municipal de Jiquiriçá - BA;2918209;BA;DCA-Anexo I-C;NA;Receitas Brutas Realizadas;RO1.7.2.2.01.99.00;1.7.2.2.01.99.00 - Outras Participações na Receita dos Estados;7014,98;14993
2014;Prefeitura Municipal de Jiquiriçá - BA;2918209;BA;DCA-Anexo I-C;NA;Receitas Brutas Realizadas;RO1.7.2.2.33.00.00;1.7.2.2.33.00.00 - Transferências de Recursos do Estado para Programas de Saúde - Repasse Fundo a Fundo;486147,83;14993
2014;Prefeitura Municipal de Jiquiriçá - BA;2918209;BA;DCA-Anexo I-C;NA;Receitas Brutas Realizadas;RO1.7.2.2.99.00.00;1.7.2.2.99.00.00 - Outras Transferências dos Estados;149878,32;14993
2014;Prefeitura Municipal de Jiquiriçá - BA;2918209;BA;DCA-Anexo I-C;NA;Receitas Brutas Realizadas;RO1.7.2.4.00.00.00;1.7.2.4.00.00.00 - Transferências Multigovernamentais;5958878,63;14993
2014;Prefeitura Municipal de Jiquiriçá - BA;2918209;BA;DCA-Anexo I-C;NA;Receitas Brutas Realizadas;RO1.7.2.4.01.00.00;1.7.2.4.01.00.00 - Transferências de Recursos do Fundo de Manutenção e Desenvolvimento do Ensino Fundamental e de Valorização do Magistério - FUNDEB;4314602,34;14993
2014;Prefeitura Municipal de Jiquiriçá - BA;2918209;BA;DCA-Anexo I-C;NA;Receitas Brutas Realizadas;RO1.7.2.4.02.00.00;1.7.2.4.02.00.00 - Transferências de Recursos da Complementação ao Fundo de Manutenção e Desenvolvimento do Ensino Fundamental e de Valorização do Magistério - FUNDEB;1644276,29;14993
2014;Prefeitura Municipal de Jiquiriçá - BA;2918209;BA;DCA-Anexo I-C;NA;Receitas Brutas Realizadas;RO1.7.6.0.00.00.00;1.7.6.0.00.00.00 - Transferências de Convênios;1020390,09;14993
2014;Prefeitura Municipal de Jiquiriçá - BA;2918209;BA;DCA-Anexo I-C;NA;Receitas Brutas Realizadas;RO1.7.6.1.00.00.00;1.7.6.1.00.00.00 - Transferências de Convênios da União e de Suas Entidades;1020390,09;14993
2014;Prefeitura Municipal de Jiquiriçá - BA;2918209;BA;DCA-Anexo I-C;NA;Receitas Brutas Realizadas;RO1.7.6.1.01.00.00;1.7.6.1.01.00.00 - Transferências de Convênios da União para o Sistema Único de Saúde - SUS;908390,09;14993
2014;Prefeitura Municipal de Jiquiriçá - BA;2918209;BA;DCA-Anexo I-C;NA;Receitas Brutas Realizadas;RO1.7.6.1.99.00.00;1.7.6.1.99.00.00 - Outras Transferências de Convênios da União;112000,00;14993
2014;Prefeitura Municipal de Jiquiriçá - BA;2918209;BA;DCA-Anexo I-C;NA;Receitas Brutas Realizadas;RO1.9.0.0.00.00.00;1.9.0.0.00.00.00 - Outras Receitas Correntes;164462,03;14993
2014;Prefeitura Municipal de Jiquiriçá - BA;2918209;BA;DCA-Anexo I-C;NA;Receitas Brutas Realizadas;RO1.9.1.0.00.00.00;1.9.1.0.00.00.00 - Multas e Juros de Mora;17717,65;14993
2014;Prefeitura Municipal de Jiquiriçá - BA;2918209;BA;DCA-Anexo I-C;NA;Receitas Brutas Realizadas;RO1.9.1.1.00.00.00;1.9.1.1.00.00.00 - Multas e Juros de Mora dos Tributos;17717,65;14993
2014;Prefeitura Municipal de Jiquiriçá - BA;2918209;BA;DCA-Anexo I-C;NA;Receitas Brutas Realizadas;RO1.9.2.0.00.00.00;1.9.2.0.00.00.00 - Indenizações e Restituições;13388,75;14993
2014;Prefeitura Municipal de Jiquiriçá - BA;2918209;BA;DCA-Anexo I-C;NA;Receitas Brutas Realizadas;RO1.9.2.2.00.00.00;1.9.2.2.00.00.00 - Restituições;13388,75;14993
2014;Prefeitura Municipal de Jiquiriçá - BA;2918209;BA;DCA-Anexo I-C;NA;Receitas Brutas Realizadas;RO1.9.2.2.99.00.00;1.9.2.2.99.00.00 - Outras Restituições;13388,75;14993
2014;Prefeitura Municipal de Jiquiriçá - BA;2918209;BA;DCA-Anexo I-C;NA;Receitas Brutas Realizadas;RO1.9.3.0.00.00.00;1.9.3.0.00.00.00 - Receita da Dívida Ativa;80638,00;14993
2014;Prefeitura Municipal de Jiquiriçá - BA;2918209;BA;DCA-Anexo I-C;NA;Receitas Brutas Realizadas;RO1.9.3.1.00.00.00;1.9.3.1.00.00.00 - Receita da Dívida Ativa Tributária;78519,42;14993
2014;Prefeitura Municipal de Jiquiriçá - BA;2918209;BA;DCA-Anexo I-C;NA;Receitas Brutas Realizadas;RO1.9.3.2.00.00.00;1.9.3.2.00.00.00 - Receita da Dívida Ativa Não Tributária;2118,58;14993
2014;Prefeitura Municipal de Jiquiriçá - BA;2918209;BA;DCA-Anexo I-C;NA;Receitas Brutas Realizadas;RO1.9.9.0.00.00.00;1.9.9.0.00.00.00 - Receitas Diversas;52717,63;14993
2015;Prefeitura Municipal de Jiquiriçá - BA;2918209;BA;DCA-Anexo I-C;NA;Receitas Brutas Realizadas;TotalReceitas;Total Receitas;27924876,84;14993
2015;Prefeitura Municipal de Jiquiriçá - BA;2918209;BA;DCA-Anexo I-C;NA;Deduções - FUNDEB;TotalReceitas;Total Receitas;2910463,30;14993
2015;Prefeitura Municipal de Jiquiriçá - BA;2918209;BA;DCA-Anexo I-C;NA;Receitas Brutas Realizadas;RO1.0.0.0.00.00.00;1.0.0.0.00.00.00 - Receitas Correntes;27924868,31;14993
2015;Prefeitura Municipal de Jiquiriçá - BA;2918209;BA;DCA-Anexo I-C;NA;Deduções - FUNDEB;RO1.0.0.0.00.00.00;1.0.0.0.00.00.00 - Receitas Correntes;2910463,30;14993
2015;Prefeitura Municipal de Jiquiriçá - BA;2918209;BA;DCA-Anexo I-C;NA;Receitas Brutas Realizadas;RO1.1.0.0.00.00.00;1.1.0.0.00.00.00 - Receita Tributária;527044,57;14993
2015;Prefeitura Municipal de Jiquiriçá - BA;2918209;BA;DCA-Anexo I-C;NA;Receitas Brutas Realizadas;RO1.1.1.0.00.00.00;1.1.1.0.00.00.00 - Impostos;502703,92;14993
2015;Prefeitura Municipal de Jiquiriçá - BA;2918209;BA;DCA-Anexo I-C;NA;Receitas Brutas Realizadas;RO1.1.1.2.00.00.00;1.1.1.2.00.00.00 - Impostos sobre o Patrimônio e a Renda;300109,55;14993
2015;Prefeitura Municipal de Jiquiriçá - BA;2918209;BA;DCA-Anexo I-C;NA;Receitas Brutas Realizadas;RO1.1.1.2.02.00.00;1.1.1.2.02.00.00 - Imposto sobre a Propriedade Predial e Territorial Urbana ¿ IPTU;47977,82;14993
2015;Prefeitura Municipal de Jiquiriçá - BA;2918209;BA;DCA-Anexo I-C;NA;Receitas Brutas Realizadas;RO1.1.1.2.04.00.00;1.1.1.2.04.00.00 - Imposto sobre a Renda e Proventos de Qualquer Natureza ¿ IR;226615,23;14993
2015;Prefeitura Municipal de Jiquiriçá - BA;2918209;BA;DCA-Anexo I-C;NA;Receitas Brutas Realizadas;RO1.1.1.2.04.31.00;1.1.1.2.04.31.00 - Retido nas Fontes - Trabalho;203464,03;14993
2015;Prefeitura Municipal de Jiquiriçá - BA;2918209;BA;DCA-Anexo I-C;NA;Receitas Brutas Realizadas;RO1.1.1.2.04.34.00;1.1.1.2.04.34.00 - Retido nas Fontes - Outros Rendimentos;23151,20;14993
2015;Prefeitura Municipal de Jiquiriçá - BA;2918209;BA;DCA-Anexo I-C;NA;Receitas Brutas Realizadas;RO1.1.1.2.08.00.00;"1.1.1.2.08.00.00 - Imposto sobre Transmissão ""Inter Vivos"" de Bens Imóveis e de Direitos Reais sobre Imóveis ¿ ITBI";25516,50;14993
2015;Prefeitura Municipal de Jiquiriçá - BA;2918209;BA;DCA-Anexo I-C;NA;Receitas Brutas Realizadas;RO1.1.1.3.00.00.00;1.1.1.3.00.00.00 - Impostos sobre a Produção e a Circulação;202594,37;14993
2015;Prefeitura Municipal de Jiquiriçá - BA;2918209;BA;DCA-Anexo I-C;NA;Receitas Brutas Realizadas;RO1.1.1.3.05.00.00;1.1.1.3.05.00.00 - Imposto sobre Serviços de Qualquer Natureza ¿ ISSQN;202594,37;14993
2015;Prefeitura Municipal de Jiquiriçá - BA;2918209;BA;DCA-Anexo I-C;NA;Receitas Brutas Realizadas;RO1.1.2.0.00.00.00;1.1.2.0.00.00.00 - Taxas;24340,65;14993
2015;Prefeitura Municipal de Jiquiriçá - BA;2918209;BA;DCA-Anexo I-C;NA;Receitas Brutas Realizadas;RO1.1.2.1.00.00.00;1.1.2.1.00.00.00 - Taxas pelo Exercício do Poder de Polícia;23327,10;14993
2015;Prefeitura Municipal de Jiquiriçá - BA;2918209;BA;DCA-Anexo I-C;NA;Receitas Brutas Realizadas;RO1.1.2.2.00.00.00;1.1.2.2.00.00.00 - Taxas pela Prestação de Serviços;1013,55;14993
2015;Prefeitura Municipal de Jiquiriçá - BA;2918209;BA;DCA-Anexo I-C;NA;Receitas Brutas Realizadas;RO1.3.0.0.00.00.00;1.3.0.0.00.00.00 - Receita Patrimonial;91756,60;14993
2015;Prefeitura Municipal de Jiquiriçá - BA;2918209;BA;DCA-Anexo I-C;NA;Receitas Brutas Realizadas;RO1.3.1.0.00.00.00;1.3.1.0.00.00.00 - Receitas Imobiliárias;91756,60;14993
2015;Prefeitura Municipal de Jiquiriçá - BA;2918209;BA;DCA-Anexo I-C;NA;Receitas Brutas Realizadas;RO1.3.1.9.00.00.00;1.3.1.9.00.00.00 - Outras Receitas Imobiliárias;91756,60;14993
2015;Prefeitura Municipal de Jiquiriçá - BA;2918209;BA;DCA-Anexo I-C;NA;Receitas Brutas Realizadas;RO1.7.0.0.00.00.00;1.7.0.0.00.00.00 - Transferências Correntes;27158658,43;14993
2015;Prefeitura Municipal de Jiquiriçá - BA;2918209;BA;DCA-Anexo I-C;NA;Deduções - FUNDEB;RO1.7.0.0.00.00.00;1.7.0.0.00.00.00 - Transferências Correntes;2910463,30;14993
2015;Prefeitura Municipal de Jiquiriçá - BA;2918209;BA;DCA-Anexo I-C;NA;Receitas Brutas Realizadas;RO1.7.2.0.00.00.00;1.7.2.0.00.00.00 - Transferências Intergovernamentais;26873895,95;14993
2015;Prefeitura Municipal de Jiquiriçá - BA;2918209;BA;DCA-Anexo I-C;NA;Deduções - FUNDEB;RO1.7.2.0.00.00.00;1.7.2.0.00.00.00 - Transferências Intergovernamentais;2910463,30;14993
2015;Prefeitura Municipal de Jiquiriçá - BA;2918209;BA;DCA-Anexo I-C;NA;Receitas Brutas Realizadas;RO1.7.2.1.00.00.00;1.7.2.1.00.00.00 - Transferências da União;16678573,84;14993
2015;Prefeitura Municipal de Jiquiriçá - BA;2918209;BA;DCA-Anexo I-C;NA;Deduções - FUNDEB;RO1.7.2.1.00.00.00;1.7.2.1.00.00.00 - Transferências da União;2411756,47;14993
2015;Prefeitura Municipal de Jiquiriçá - BA;2918209;BA;DCA-Anexo I-C;NA;Receitas Brutas Realizadas;RO1.7.2.1.01.00.00;1.7.2.1.01.00.00 - Participação na Receita da União;12720573,96;14993
2015;Prefeitura Municipal de Jiquiriçá - BA;2918209;BA;DCA-Anexo I-C;NA;Deduções - FUNDEB;RO1.7.2.1.01.00.00;1.7.2.1.01.00.00 - Participação na Receita da União;2409945,67;14993
2015;Prefeitura Municipal de Jiquiriçá - BA;2918209;BA;DCA-Anexo I-C;NA;Receitas Brutas Realizadas;RO1.7.2.1.01.02.00;1.7.2.1.01.02.00 - Cota-Parte do Fundo de Participação dos Municípios ¿ FPM;12717992,59;14993
2015;Prefeitura Municipal de Jiquiriçá - BA;2918209;BA;DCA-Anexo I-C;NA;Deduções - FUNDEB;RO1.7.2.1.01.02.00;1.7.2.1.01.02.00 - Cota-Parte do Fundo de Participação dos Municípios ¿ FPM;2409429,47;14993
2015;Prefeitura Municipal de Jiquiriçá - BA;2918209;BA;DCA-Anexo I-C;NA;Receitas Brutas Realizadas;RO1.7.2.1.01.05.00;1.7.2.1.01.05.00 - Cota-Parte do Imposto Sobre a Propriedade Territorial Rural ¿ ITR;2581,37;14993
2015;Prefeitura Municipal de Jiquiriçá - BA;2918209;BA;DCA-Anexo I-C;NA;Deduções - FUNDEB;RO1.7.2.1.01.05.00;1.7.2.1.01.05.00 - Cota-Parte do Imposto Sobre a Propriedade Territorial Rural ¿ ITR;516,20;14993
2015;Prefeitura Municipal de Jiquiriçá - BA;2918209;BA;DCA-Anexo I-C;NA;Receitas Brutas Realizadas;RO1.7.2.1.22.00.00;1.7.2.1.22.00.00 - Transferências da Compensação Financeira pela Exploração de Recursos Naturais;151683,28;14993
2015;Prefeitura Municipal de Jiquiriçá - BA;2918209;BA;DCA-Anexo I-C;NA;Receitas Brutas Realizadas;RO1.7.2.1.22.40.00;1.7.2.1.22.40.00 - Cota-Parte Royalties pelo Excedente da Produção do Petróleo - Lei nº 9.478/97 artigo 49 I e II;14545,68;14993
2015;Prefeitura Municipal de Jiquiriçá - BA;2918209;BA;DCA-Anexo I-C;NA;Receitas Brutas Realizadas;RO1.7.2.1.22.70.00;1.7.2.1.22.70.00 - Cota-Parte do Fundo Especial do Petróleo ¿ FEP;123100,40;14993
2015;Prefeitura Municipal de Jiquiriçá - BA;2918209;BA;DCA-Anexo I-C;NA;Receitas Brutas Realizadas;RO1.7.2.1.22.90.00;1.7.2.1.22.90.00 - Outras Transferências Decorrentes de Compensação Financeira pela Exploração de Recursos Naturais;14037,20;14993
2015;Prefeitura Municipal de Jiquiriçá - BA;2918209;BA;DCA-Anexo I-C;NA;Receitas Brutas Realizadas;RO1.7.2.1.33.00.00;1.7.2.1.33.00.00 - Transferências de Recursos do Sistema Único de Saúde - SUS - Repasses Fundo a Fundo;2134518,68;14993
2015;Prefeitura Municipal de Jiquiriçá - BA;2918209;BA;DCA-Anexo I-C;NA;Receitas Brutas Realizadas;RO1.7.2.1.34.00.00;1.7.2.1.34.00.00 - Transferências de Recursos do Fundo Nacional de Assistência Social ¿ FNAS;144908,76;14993
2015;Prefeitura Municipal de Jiquiriçá - BA;2918209;BA;DCA-Anexo I-C;NA;Receitas Brutas Realizadas;RO1.7.2.1.35.00.00;1.7.2.1.35.00.00 - Transferências de Recursos do Fundo Nacional do Desenvolvimento da Educação ¿ FNDE;1515802,48;14993
2015;Prefeitura Municipal de Jiquiriçá - BA;2918209;BA;DCA-Anexo I-C;NA;Receitas Brutas Realizadas;RO1.7.2.1.36.00.00;1.7.2.1.36.00.00 - Transferências Financeiras do ICMS ¿ Desoneração ¿ L.C. Nº 87/96;9054,02;14993
2015;Prefeitura Municipal de Jiquiriçá - BA;2918209;BA;DCA-Anexo I-C;NA;Deduções - FUNDEB;RO1.7.2.1.36.00.00;1.7.2.1.36.00.00 - Transferências Financeiras do ICMS ¿ Desoneração ¿ L.C. Nº 87/96;1810,80;14993
2015;Prefeitura Municipal de Jiquiriçá - BA;2918209;BA;DCA-Anexo I-C;NA;Receitas Brutas Realizadas;RO1.7.2.1.99.00.00;1.7.2.1.99.00.00 - Outras Transferências da União;2032,66;14993
2015;Prefeitura Municipal de Jiquiriçá - BA;2918209;BA;DCA-Anexo I-C;NA;Receitas Brutas Realizadas;RO1.7.2.2.00.00.00;1.7.2.2.00.00.00 - Transferências dos Estados;2842895,75;14993
2015;Prefeitura Municipal de Jiquiriçá - BA;2918209;BA;DCA-Anexo I-C;NA;Deduções - FUNDEB;RO1.7.2.2.00.00.00;1.7.2.2.00.00.00 - Transferências dos Estados;498706,83;14993
2015;Prefeitura Municipal de Jiquiriçá - BA;2918209;BA;DCA-Anexo I-C;NA;Receitas Brutas Realizadas;RO1.7.2.2.01.00.00;1.7.2.2.01.00.00 - Participação na Receita dos Estados;2681378,69;14993
2015;Prefeitura Municipal de Jiquiriçá - BA;2918209;BA;DCA-Anexo I-C;NA;Deduções - FUNDEB;RO1.7.2.2.01.00.00;1.7.2.2.01.00.00 - Participação na Receita dos Estados;498706,83;14993
2015;Prefeitura Municipal de Jiquiriçá - BA;2918209;BA;DCA-Anexo I-C;NA;Receitas Brutas Realizadas;RO1.7.2.2.01.01.00;1.7.2.2.01.01.00 - Cota-Parte do ICMS;2275366,45;14993
2015;Prefeitura Municipal de Jiquiriçá - BA;2918209;BA;DCA-Anexo I-C;NA;Deduções - FUNDEB;RO1.7.2.2.01.01.00;1.7.2.2.01.01.00 - Cota-Parte do ICMS;455073,06;14993
2015;Prefeitura Municipal de Jiquiriçá - BA;2918209;BA;DCA-Anexo I-C;NA;Receitas Brutas Realizadas;RO1.7.2.2.01.02.00;1.7.2.2.01.02.00 - Cota-Parte do IPVA;219354,28;14993
2015;Prefeitura Municipal de Jiquiriçá - BA;2918209;BA;DCA-Anexo I-C;NA;Deduções - FUNDEB;RO1.7.2.2.01.02.00;1.7.2.2.01.02.00 - Cota-Parte do IPVA;43633,77;14993
2015;Prefeitura Municipal de Jiquiriçá - BA;2918209;BA;DCA-Anexo I-C;NA;Receitas Brutas Realizadas;RO1.7.2.2.01.04.00;1.7.2.2.01.04.00 - Cota-Parte do IPI sobre Exportação;26103,84;14993
2015;Prefeitura Municipal de Jiquiriçá - BA;2918209;BA;DCA-Anexo I-C;NA;Receitas Brutas Realizadas;RO1.7.2.2.01.13.00;1.7.2.2.01.13.00 - Cota-Parte da Contribuição de Intervenção no Domínio Econômico;10168,05;14993
2015;Prefeitura Municipal de Jiquiriçá - BA;2918209;BA;DCA-Anexo I-C;NA;Receitas Brutas Realizadas;RO1.7.2.2.01.99.00;1.7.2.2.01.99.00 - Outras Participações na Receita dos Estados;150386,07;14993
2015;Prefeitura Municipal de Jiquiriçá - BA;2918209;BA;DCA-Anexo I-C;NA;Receitas Brutas Realizadas;RO1.7.2.2.33.00.00;1.7.2.2.33.00.00 - Transferências de Recursos do Estado para Programas de Saúde - Repasse Fundo a Fundo;81500,00;14993
2015;Prefeitura Municipal de Jiquiriçá - BA;2918209;BA;DCA-Anexo I-C;NA;Receitas Brutas Realizadas;RO1.7.2.2.99.00.00;1.7.2.2.99.00.00 - Outras Transferências dos Estados;80017,06;14993
2015;Prefeitura Municipal de Jiquiriçá - BA;2918209;BA;DCA-Anexo I-C;NA;Receitas Brutas Realizadas;RO1.7.2.4.00.00.00;1.7.2.4.00.00.00 - Transferências Multigovernamentais;7352426,36;14993
2015;Prefeitura Municipal de Jiquiriçá - BA;2918209;BA;DCA-Anexo I-C;NA;Receitas Brutas Realizadas;RO1.7.2.4.01.00.00;1.7.2.4.01.00.00 - Transferências de Recursos do Fundo de Manutenção e Desenvolvimento do Ensino Fundamental e de Valorização do Magistério - FUNDEB;6016785,31;14993
2015;Prefeitura Municipal de Jiquiriçá - BA;2918209;BA;DCA-Anexo I-C;NA;Receitas Brutas Realizadas;RO1.7.2.4.02.00.00;1.7.2.4.02.00.00 - Transferências de Recursos da Complementação ao Fundo de Manutenção e Desenvolvimento do Ensino Fundamental e de Valorização do Magistério - FUNDEB;1335641,05;14993
2015;Prefeitura Municipal de Jiquiriçá - BA;2918209;BA;DCA-Anexo I-C;NA;Receitas Brutas Realizadas;RO1.7.6.0.00.00.00;1.7.6.0.00.00.00 - Transferências de Convênios;284762,48;14993
2015;Prefeitura Municipal de Jiquiriçá - BA;2918209;BA;DCA-Anexo I-C;NA;Receitas Brutas Realizadas;RO1.7.6.1.00.00.00;1.7.6.1.00.00.00 - Transferências de Convênios da União e de Suas Entidades;122762,48;14993
2015;Prefeitura Municipal de Jiquiriçá - BA;2918209;BA;DCA-Anexo I-C;NA;Receitas Brutas Realizadas;RO1.7.6.1.99.00.00;1.7.6.1.99.00.00 - Outras Transferências de Convênios da União;122762,48;14993
2015;Prefeitura Municipal de Jiquiriçá - BA;2918209;BA;DCA-Anexo I-C;NA;Receitas Brutas Realizadas;RO1.7.6.2.00.00.00;1.7.6.2.00.00.00 - Transferências de Convênios dos Estados e do Distrito Federal e de Suas Entidades;162000,00;14993
2015;Prefeitura Municipal de Jiquiriçá - BA;2918209;BA;DCA-Anexo I-C;NA;Receitas Brutas Realizadas;RO1.7.6.2.01.00.00;1.7.6.2.01.00.00 - Transferências de Convênios dos Estados para o Sistema Único de Saúde - SUS;50000,00;14993
2015;Prefeitura Municipal de Jiquiriçá - BA;2918209;BA;DCA-Anexo I-C;NA;Receitas Brutas Realizadas;RO1.7.6.2.99.00.00;1.7.6.2.99.00.00 - Outras Transferências de Convênios dos Estados;112000,00;14993
2015;Prefeitura Municipal de Jiquiriçá - BA;2918209;BA;DCA-Anexo I-C;NA;Receitas Brutas Realizadas;RO1.9.0.0.00.00.00;1.9.0.0.00.00.00 - Outras Receitas Correntes;147408,71;14993
2015;Prefeitura Municipal de Jiquiriçá - BA;2918209;BA;DCA-Anexo I-C;NA;Receitas Brutas Realizadas;RO1.9.1.0.00.00.00;1.9.1.0.00.00.00 - Multas e Juros de Mora;31285,72;14993
2015;Prefeitura Municipal de Jiquiriçá - BA;2918209;BA;DCA-Anexo I-C;NA;Receitas Brutas Realizadas;RO1.9.1.1.00.00.00;1.9.1.1.00.00.00 - Multas e Juros de Mora dos Tributos;18018,44;14993
2015;Prefeitura Municipal de Jiquiriçá - BA;2918209;BA;DCA-Anexo I-C;NA;Receitas Brutas Realizadas;RO1.9.1.1.99.00.00;1.9.1.1.99.00.00 - Multas e Juros de Mora de Outros Tributos;18018,44;14993
2015;Prefeitura Municipal de Jiquiriçá - BA;2918209;BA;DCA-Anexo I-C;NA;Receitas Brutas Realizadas;RO1.9.1.9.00.00.00;1.9.1.9.00.00.00 - Multas de Outras Origens;13267,28;14993
2015;Prefeitura Municipal de Jiquiriçá - BA;2918209;BA;DCA-Anexo I-C;NA;Receitas Brutas Realizadas;RO1.9.2.0.00.00.00;1.9.2.0.00.00.00 - Indenizações e Restituições;13523,37;14993
2015;Prefeitura Municipal de Jiquiriçá - BA;2918209;BA;DCA-Anexo I-C;NA;Receitas Brutas Realizadas;RO1.9.2.1.00.00.00;1.9.2.1.00.00.00 - Indenizações;13523,37;14993
2015;Prefeitura Municipal de Jiquiriçá - BA;2918209;BA;DCA-Anexo I-C;NA;Receitas Brutas Realizadas;RO1.9.3.0.00.00.00;1.9.3.0.00.00.00 - Receita da Dívida Ativa;44654,80;14993
2015;Prefeitura Municipal de Jiquiriçá - BA;2918209;BA;DCA-Anexo I-C;NA;Receitas Brutas Realizadas;RO1.9.3.1.00.00.00;1.9.3.1.00.00.00 - Receita da Dívida Ativa Tributária;41129,25;14993
2015;Prefeitura Municipal de Jiquiriçá - BA;2918209;BA;DCA-Anexo I-C;NA;Receitas Brutas Realizadas;RO1.9.3.1.11.00.00;1.9.3.1.11.00.00 - Receita da Dívida Ativa do Imposto sobre a Propriedade Predial e Territorial Urbana ¿ IPTU;37767,79;14993
2015;Prefeitura Municipal de Jiquiriçá - BA;2918209;BA;DCA-Anexo I-C;NA;Receitas Brutas Realizadas;RO1.9.3.1.99.00.00;1.9.3.1.99.00.00 - Receita da Dívida Ativa de Outros Tributos;3361,46;14993
2015;Prefeitura Municipal de Jiquiriçá - BA;2918209;BA;DCA-Anexo I-C;NA;Receitas Brutas Realizadas;RO1.9.3.2.00.00.00;1.9.3.2.00.00.00 - Receita da Dívida Ativa Não Tributária;3525,55;14993
2015;Prefeitura Municipal de Jiquiriçá - BA;2918209;BA;DCA-Anexo I-C;NA;Receitas Brutas Realizadas;RO1.9.9.0.00.00.00;1.9.9.0.00.00.00 - Receitas Diversas;57944,82;14993
2015;Prefeitura Municipal de Jiquiriçá - BA;2918209;BA;DCA-Anexo I-C;NA;Receitas Brutas Realizadas;RO2.0.0.0.00.00.00;2.0.0.0.00.00.00 - Receitas de Capital;8,53;14993
2015;Prefeitura Municipal de Jiquiriçá - BA;2918209;BA;DCA-Anexo I-C;NA;Receitas Brutas Realizadas;RO2.5.0.0.00.00.00;2.5.0.0.00.00.00 - Outras Receitas de Capital;8,53;14993
2015;Prefeitura Municipal de Jiquiriçá - BA;2918209;BA;DCA-Anexo I-C;NA;Receitas Brutas Realizadas;RO2.5.9.0.00.00.00;2.5.9.0.00.00.00 - Outras Receitas;8,53;14993
2016;Prefeitura Municipal de Jiquiriçá - BA;2918209;BA;DCA-Anexo I-C;NA;Receitas Brutas Realizadas;TotalReceitas;Total Receitas;29900871,44;15033
2016;Prefeitura Municipal de Jiquiriçá - BA;2918209;BA;DCA-Anexo I-C;NA;Deduções - FUNDEB;TotalReceitas;Total Receitas;3259799,14;15033
2016;Prefeitura Municipal de Jiquiriçá - BA;2918209;BA;DCA-Anexo I-C;NA;Receitas Brutas Realizadas;RO1.0.0.0.00.00.00;1.0.0.0.00.00.00 - Receitas Correntes;29900698,94;15033
2016;Prefeitura Municipal de Jiquiriçá - BA;2918209;BA;DCA-Anexo I-C;NA;Deduções - FUNDEB;RO1.0.0.0.00.00.00;1.0.0.0.00.00.00 - Receitas Correntes;3259799,14;15033
2016;Prefeitura Municipal de Jiquiriçá - BA;2918209;BA;DCA-Anexo I-C;NA;Receitas Brutas Realizadas;RO1.1.0.0.00.00.00;1.1.0.0.00.00.00 - Receita Tributária;621889,06;15033
2016;Prefeitura Municipal de Jiquiriçá - BA;2918209;BA;DCA-Anexo I-C;NA;Receitas Brutas Realizadas;RO1.1.1.0.00.00.00;1.1.1.0.00.00.00 - Impostos;585411,28;15033
2016;Prefeitura Municipal de Jiquiriçá - BA;2918209;BA;DCA-Anexo I-C;NA;Receitas Brutas Realizadas;RO1.1.1.2.00.00.00;1.1.1.2.00.00.00 - Impostos sobre o Patrimônio e a Renda;383212,15;15033
2016;Prefeitura Municipal de Jiquiriçá - BA;2918209;BA;DCA-Anexo I-C;NA;Receitas Brutas Realizadas;RO1.1.1.2.02.00.00;1.1.1.2.02.00.00 - Imposto sobre a Propriedade Predial e Territorial Urbana ¿ IPTU;43469,83;15033
2016;Prefeitura Municipal de Jiquiriçá - BA;2918209;BA;DCA-Anexo I-C;NA;Receitas Brutas Realizadas;RO1.1.1.2.04.00.00;1.1.1.2.04.00.00 - Imposto sobre a Renda e Proventos de Qualquer Natureza ¿ IR;328881,79;15033
2016;Prefeitura Municipal de Jiquiriçá - BA;2918209;BA;DCA-Anexo I-C;NA;Receitas Brutas Realizadas;RO1.1.1.2.04.31.00;1.1.1.2.04.31.00 - Retido nas Fontes - Trabalho;304516,29;15033
2016;Prefeitura Municipal de Jiquiriçá - BA;2918209;BA;DCA-Anexo I-C;NA;Receitas Brutas Realizadas;RO1.1.1.2.04.34.00;1.1.1.2.04.34.00 - Retido nas Fontes - Outros Rendimentos;24365,50;15033
2016;Prefeitura Municipal de Jiquiriçá - BA;2918209;BA;DCA-Anexo I-C;NA;Receitas Brutas Realizadas;RO1.1.1.2.08.00.00;"1.1.1.2.08.00.00 - Imposto sobre Transmissão ""Inter Vivos"" de Bens Imóveis e de Direitos Reais sobre Imóveis ¿ ITBI";10860,53;15033
2016;Prefeitura Municipal de Jiquiriçá - BA;2918209;BA;DCA-Anexo I-C;NA;Receitas Brutas Realizadas;RO1.1.1.3.00.00.00;1.1.1.3.00.00.00 - Impostos sobre a Produção e a Circulação;202199,13;15033
2016;Prefeitura Municipal de Jiquiriçá - BA;2918209;BA;DCA-Anexo I-C;NA;Receitas Brutas Realizadas;RO1.1.1.3.05.00.00;1.1.1.3.05.00.00 - Imposto sobre Serviços de Qualquer Natureza ¿ ISSQN;202199,13;15033
2016;Prefeitura Municipal de Jiquiriçá - BA;2918209;BA;DCA-Anexo I-C;NA;Receitas Brutas Realizadas;RO1.1.2.0.00.00.00;1.1.2.0.00.00.00 - Taxas;36477,78;15033
2016;Prefeitura Municipal de Jiquiriçá - BA;2918209;BA;DCA-Anexo I-C;NA;Receitas Brutas Realizadas;RO1.1.2.1.00.00.00;1.1.2.1.00.00.00 - Taxas pelo Exercício do Poder de Polícia;36477,78;15033
2016;Prefeitura Municipal de Jiquiriçá - BA;2918209;BA;DCA-Anexo I-C;NA;Receitas Brutas Realizadas;RO1.3.0.0.00.00.00;1.3.0.0.00.00.00 - Receita Patrimonial;113060,50;15033
2016;Prefeitura Municipal de Jiquiriçá - BA;2918209;BA;DCA-Anexo I-C;NA;Receitas Brutas Realizadas;RO1.3.2.0.00.00.00;1.3.2.0.00.00.00 - Receitas de Valores Mobiliários;113060,50;15033
2016;Prefeitura Municipal de Jiquiriçá - BA;2918209;BA;DCA-Anexo I-C;NA;Receitas Brutas Realizadas;RO1.3.2.5.00.00.00;1.3.2.5.00.00.00 - Remuneração de Depósitos Bancários;113060,50;15033
2016;Prefeitura Municipal de Jiquiriçá - BA;2918209;BA;DCA-Anexo I-C;NA;Receitas Brutas Realizadas;RO1.7.0.0.00.00.00;1.7.0.0.00.00.00 - Transferências Correntes;28979863,17;15033
2016;Prefeitura Municipal de Jiquiriçá - BA;2918209;BA;DCA-Anexo I-C;NA;Deduções - FUNDEB;RO1.7.0.0.00.00.00;1.7.0.0.00.00.00 - Transferências Correntes;3259799,14;15033
2016;Prefeitura Municipal de Jiquiriçá - BA;2918209;BA;DCA-Anexo I-C;NA;Receitas Brutas Realizadas;RO1.7.2.0.00.00.00;1.7.2.0.00.00.00 - Transferências Intergovernamentais;28694250,91;15033
2016;Prefeitura Municipal de Jiquiriçá - BA;2918209;BA;DCA-Anexo I-C;NA;Deduções - FUNDEB;RO1.7.2.0.00.00.00;1.7.2.0.00.00.00 - Transferências Intergovernamentais;3259799,14;15033
2016;Prefeitura Municipal de Jiquiriçá - BA;2918209;BA;DCA-Anexo I-C;NA;Receitas Brutas Realizadas;RO1.7.2.1.00.00.00;1.7.2.1.00.00.00 - Transferências da União;18568741,05;15033
2016;Prefeitura Municipal de Jiquiriçá - BA;2918209;BA;DCA-Anexo I-C;NA;Deduções - FUNDEB;RO1.7.2.1.00.00.00;1.7.2.1.00.00.00 - Transferências da União;2755991,16;15033
2016;Prefeitura Municipal de Jiquiriçá - BA;2918209;BA;DCA-Anexo I-C;NA;Receitas Brutas Realizadas;RO1.7.2.1.01.00.00;1.7.2.1.01.00.00 - Participação na Receita da União;14896283,40;15033
2016;Prefeitura Municipal de Jiquiriçá - BA;2918209;BA;DCA-Anexo I-C;NA;Deduções - FUNDEB;RO1.7.2.1.01.00.00;1.7.2.1.01.00.00 - Participação na Receita da União;2754198,15;15033
2016;Prefeitura Municipal de Jiquiriçá - BA;2918209;BA;DCA-Anexo I-C;NA;Receitas Brutas Realizadas;RO1.7.2.1.01.02.00;1.7.2.1.01.02.00 - Cota-Parte do Fundo de Participação dos Municípios ¿ FPM;14893669,20;15033
2016;Prefeitura Municipal de Jiquiriçá - BA;2918209;BA;DCA-Anexo I-C;NA;Deduções - FUNDEB;RO1.7.2.1.01.02.00;1.7.2.1.01.02.00 - Cota-Parte do Fundo de Participação dos Municípios ¿ FPM;2753675,42;15033
2016;Prefeitura Municipal de Jiquiriçá - BA;2918209;BA;DCA-Anexo I-C;NA;Receitas Brutas Realizadas;RO1.7.2.1.01.05.00;1.7.2.1.01.05.00 - Cota-Parte do Imposto Sobre a Propriedade Territorial Rural ¿ ITR;2614,20;15033
2016;Prefeitura Municipal de Jiquiriçá - BA;2918209;BA;DCA-Anexo I-C;NA;Deduções - FUNDEB;RO1.7.2.1.01.05.00;1.7.2.1.01.05.00 - Cota-Parte do Imposto Sobre a Propriedade Territorial Rural ¿ ITR;522,73;15033
2016;Prefeitura Municipal de Jiquiriçá - BA;2918209;BA;DCA-Anexo I-C;NA;Receitas Brutas Realizadas;RO1.7.2.1.22.00.00;1.7.2.1.22.00.00 - Transferências da Compensação Financeira pela Exploração de Recursos Naturais;147552,06;15033
2016;Prefeitura Municipal de Jiquiriçá - BA;2918209;BA;DCA-Anexo I-C;NA;Receitas Brutas Realizadas;RO1.7.2.1.22.50.00;1.7.2.1.22.50.00 - Cota-Parte Royalties pela Participação Especial - Lei nº 9.478/97 artigo 50;30372,40;15033
2016;Prefeitura Municipal de Jiquiriçá - BA;2918209;BA;DCA-Anexo I-C;NA;Receitas Brutas Realizadas;RO1.7.2.1.22.70.00;1.7.2.1.22.70.00 - Cota-Parte do Fundo Especial do Petróleo ¿ FEP;117179,66;15033
2016;Prefeitura Municipal de Jiquiriçá - BA;2918209;BA;DCA-Anexo I-C;NA;Receitas Brutas Realizadas;RO1.7.2.1.33.00.00;1.7.2.1.33.00.00 - Transferências de Recursos do Sistema Único de Saúde - SUS - Repasses Fundo a Fundo;2412569,25;15033
2016;Prefeitura Municipal de Jiquiriçá - BA;2918209;BA;DCA-Anexo I-C;NA;Receitas Brutas Realizadas;RO1.7.2.1.34.00.00;1.7.2.1.34.00.00 - Transferências de Recursos do Fundo Nacional de Assistência Social ¿ FNAS;126014,92;15033
2016;Prefeitura Municipal de Jiquiriçá - BA;2918209;BA;DCA-Anexo I-C;NA;Receitas Brutas Realizadas;RO1.7.2.1.35.00.00;1.7.2.1.35.00.00 - Transferências de Recursos do Fundo Nacional do Desenvolvimento da Educação ¿ FNDE;976194,07;15033
2016;Prefeitura Municipal de Jiquiriçá - BA;2918209;BA;DCA-Anexo I-C;NA;Receitas Brutas Realizadas;RO1.7.2.1.36.00.00;1.7.2.1.36.00.00 - Transferências Financeiras do ICMS ¿ Desoneração ¿ L.C. Nº 87/96;8965,26;15033
2016;Prefeitura Municipal de Jiquiriçá - BA;2918209;BA;DCA-Anexo I-C;NA;Deduções - FUNDEB;RO1.7.2.1.36.00.00;1.7.2.1.36.00.00 - Transferências Financeiras do ICMS ¿ Desoneração ¿ L.C. Nº 87/96;1793,01;15033
2016;Prefeitura Municipal de Jiquiriçá - BA;2918209;BA;DCA-Anexo I-C;NA;Receitas Brutas Realizadas;RO1.7.2.1.99.00.00;1.7.2.1.99.00.00 - Outras Transferências da União;1162,09;15033
2016;Prefeitura Municipal de Jiquiriçá - BA;2918209;BA;DCA-Anexo I-C;NA;Receitas Brutas Realizadas;RO1.7.2.2.00.00.00;1.7.2.2.00.00.00 - Transferências dos Estados;2910656,59;15033
2016;Prefeitura Municipal de Jiquiriçá - BA;2918209;BA;DCA-Anexo I-C;NA;Deduções - FUNDEB;RO1.7.2.2.00.00.00;1.7.2.2.00.00.00 - Transferências dos Estados;503807,98;15033
2016;Prefeitura Municipal de Jiquiriçá - BA;2918209;BA;DCA-Anexo I-C;NA;Receitas Brutas Realizadas;RO1.7.2.2.01.00.00;1.7.2.2.01.00.00 - Participação na Receita dos Estados;2737754,09;15033
2016;Prefeitura Municipal de Jiquiriçá - BA;2918209;BA;DCA-Anexo I-C;NA;Deduções - FUNDEB;RO1.7.2.2.01.00.00;1.7.2.2.01.00.00 - Participação na Receita dos Estados;503807,98;15033
2016;Prefeitura Municipal de Jiquiriçá - BA;2918209;BA;DCA-Anexo I-C;NA;Receitas Brutas Realizadas;RO1.7.2.2.01.01.00;1.7.2.2.01.01.00 - Cota-Parte do ICMS;2331548,28;15033
2016;Prefeitura Municipal de Jiquiriçá - BA;2918209;BA;DCA-Anexo I-C;NA;Deduções - FUNDEB;RO1.7.2.2.01.01.00;1.7.2.2.01.01.00 - Cota-Parte do ICMS;451666,63;15033
2016;Prefeitura Municipal de Jiquiriçá - BA;2918209;BA;DCA-Anexo I-C;NA;Receitas Brutas Realizadas;RO1.7.2.2.01.02.00;1.7.2.2.01.02.00 - Cota-Parte do IPVA;187496,34;15033
2016;Prefeitura Municipal de Jiquiriçá - BA;2918209;BA;DCA-Anexo I-C;NA;Deduções - FUNDEB;RO1.7.2.2.01.02.00;1.7.2.2.01.02.00 - Cota-Parte do IPVA;52141,35;15033
2016;Prefeitura Municipal de Jiquiriçá - BA;2918209;BA;DCA-Anexo I-C;NA;Receitas Brutas Realizadas;RO1.7.2.2.01.04.00;1.7.2.2.01.04.00 - Cota-Parte do IPI - Municípios;20192,04;15033
2016;Prefeitura Municipal de Jiquiriçá - BA;2918209;BA;DCA-Anexo I-C;NA;Receitas Brutas Realizadas;RO1.7.2.2.01.13.00;1.7.2.2.01.13.00 - Cota-Parte da Contribuição de Intervenção no Domínio Econômico;27355,40;15033
2016;Prefeitura Municipal de Jiquiriçá - BA;2918209;BA;DCA-Anexo I-C;NA;Receitas Brutas Realizadas;RO1.7.2.2.01.99.00;1.7.2.2.01.99.00 - Outras Participações na Receita dos Estados;171162,03;15033
2016;Prefeitura Municipal de Jiquiriçá - BA;2918209;BA;DCA-Anexo I-C;NA;Receitas Brutas Realizadas;RO1.7.2.2.33.00.00;1.7.2.2.33.00.00 - Transferências de Recursos do Estado para Programas de Saúde - Repasse Fundo a Fundo;75562,50;15033
2016;Prefeitura Municipal de Jiquiriçá - BA;2918209;BA;DCA-Anexo I-C;NA;Receitas Brutas Realizadas;RO1.7.2.2.99.00.00;1.7.2.2.99.00.00 - Outras Transferências dos Estados;97340,00;15033
2016;Prefeitura Municipal de Jiquiriçá - BA;2918209;BA;DCA-Anexo I-C;NA;Receitas Brutas Realizadas;RO1.7.2.4.00.00.00;1.7.2.4.00.00.00 - Transferências Multigovernamentais;7214853,27;15033
2016;Prefeitura Municipal de Jiquiriçá - BA;2918209;BA;DCA-Anexo I-C;NA;Receitas Brutas Realizadas;RO1.7.2.4.01.00.00;1.7.2.4.01.00.00 - Transferências de Recursos do Fundo de Manutenção e Desenvolvimento do Ensino Fundamental e de Valorização do Magistério - FUNDEB;5272116,78;15033
2016;Prefeitura Municipal de Jiquiriçá - BA;2918209;BA;DCA-Anexo I-C;NA;Receitas Brutas Realizadas;RO1.7.2.4.02.00.00;1.7.2.4.02.00.00 - Transferências de Recursos da Complementação ao Fundo de Manutenção e Desenvolvimento do Ensino Fundamental e de Valorização do Magistério - FUNDEB;1942736,49;15033
2016;Prefeitura Municipal de Jiquiriçá - BA;2918209;BA;DCA-Anexo I-C;NA;Receitas Brutas Realizadas;RO1.7.6.0.00.00.00;1.7.6.0.00.00.00 - Transferências de Convênios;285612,26;15033
2016;Prefeitura Municipal de Jiquiriçá - BA;2918209;BA;DCA-Anexo I-C;NA;Receitas Brutas Realizadas;RO1.7.6.1.00.00.00;1.7.6.1.00.00.00 - Transferências de Convênios da União e de Suas Entidades;285612,26;15033
2016;Prefeitura Municipal de Jiquiriçá - BA;2918209;BA;DCA-Anexo I-C;NA;Receitas Brutas Realizadas;RO1.7.6.1.99.00.00;1.7.6.1.99.00.00 - Outras Transferências de Convênios da União;285612,26;15033
2016;Prefeitura Municipal de Jiquiriçá - BA;2918209;BA;DCA-Anexo I-C;NA;Receitas Brutas Realizadas;RO1.9.0.0.00.00.00;1.9.0.0.00.00.00 - Outras Receitas Correntes;185886,21;15033
2016;Prefeitura Municipal de Jiquiriçá - BA;2918209;BA;DCA-Anexo I-C;NA;Receitas Brutas Realizadas;RO1.9.1.0.00.00.00;1.9.1.0.00.00.00 - Multas e Juros de Mora;20680,75;15033
2016;Prefeitura Municipal de Jiquiriçá - BA;2918209;BA;DCA-Anexo I-C;NA;Receitas Brutas Realizadas;RO1.9.1.1.00.00.00;1.9.1.1.00.00.00 - Multas e Juros de Mora dos Tributos;20680,75;15033
2016;Prefeitura Municipal de Jiquiriçá - BA;2918209;BA;DCA-Anexo I-C;NA;Receitas Brutas Realizadas;RO1.9.1.1.99.00.00;1.9.1.1.99.00.00 - Multas e Juros de Mora de Outros Tributos;20680,75;15033
2016;Prefeitura Municipal de Jiquiriçá - BA;2918209;BA;DCA-Anexo I-C;NA;Receitas Brutas Realizadas;RO1.9.2.0.00.00.00;1.9.2.0.00.00.00 - Indenizações e Restituições;80440,59;15033
2016;Prefeitura Municipal de Jiquiriçá - BA;2918209;BA;DCA-Anexo I-C;NA;Receitas Brutas Realizadas;RO1.9.2.2.00.00.00;1.9.2.2.00.00.00 - Restituições;80440,59;15033
2016;Prefeitura Municipal de Jiquiriçá - BA;2918209;BA;DCA-Anexo I-C;NA;Receitas Brutas Realizadas;RO1.9.2.2.01.00.00;1.9.2.2.01.00.00 - Restituições de Convênios;80440,59;15033
2016;Prefeitura Municipal de Jiquiriçá - BA;2918209;BA;DCA-Anexo I-C;NA;Receitas Brutas Realizadas;RO1.9.3.0.00.00.00;1.9.3.0.00.00.00 - Receita da Dívida Ativa;62461,28;15033
2016;Prefeitura Municipal de Jiquiriçá - BA;2918209;BA;DCA-Anexo I-C;NA;Receitas Brutas Realizadas;RO1.9.3.1.00.00.00;1.9.3.1.00.00.00 - Receita da Dívida Ativa Tributária;56854,82;15033
2016;Prefeitura Municipal de Jiquiriçá - BA;2918209;BA;DCA-Anexo I-C;NA;Receitas Brutas Realizadas;RO1.9.3.1.11.00.00;1.9.3.1.11.00.00 - Receita da Dívida Ativa do Imposto sobre a Propriedade Predial e Territorial Urbana ¿ IPTU;55635,18;15033
2016;Prefeitura Municipal de Jiquiriçá - BA;2918209;BA;DCA-Anexo I-C;NA;Receitas Brutas Realizadas;RO1.9.3.1.99.00.00;1.9.3.1.99.00.00 - Receita da Dívida Ativa de Outros Tributos;1219,64;15033
2016;Prefeitura Municipal de Jiquiriçá - BA;2918209;BA;DCA-Anexo I-C;NA;Receitas Brutas Realizadas;RO1.9.3.2.00.00.00;1.9.3.2.00.00.00 - Receita da Dívida Ativa Não Tributária;5606,46;15033
2016;Prefeitura Municipal de Jiquiriçá - BA;2918209;BA;DCA-Anexo I-C;NA;Receitas Brutas Realizadas;RO1.9.3.2.99.00.00;1.9.3.2.99.00.00 - Receita da Dívida Ativa Não Tributária de Outras Receitas;5606,46;15033
2016;Prefeitura Municipal de Jiquiriçá - BA;2918209;BA;DCA-Anexo I-C;NA;Receitas Brutas Realizadas;RO1.9.9.0.00.00.00;1.9.9.0.00.00.00 - Receitas Diversas;22303,59;15033
2016;Prefeitura Municipal de Jiquiriçá - BA;2918209;BA;DCA-Anexo I-C;NA;Receitas Brutas Realizadas;RO1.9.9.0.99.00.00;1.9.9.0.99.00.00 - Outras Receitas;22303,59;15033
2016;Prefeitura Municipal de Jiquiriçá - BA;2918209;BA;DCA-Anexo I-C;NA;Receitas Brutas Realizadas;RO2.0.0.0.00.00.00;2.0.0.0.00.00.00 - Receitas de Capital;172,50;15033
2016;Prefeitura Municipal de Jiquiriçá - BA;2918209;BA;DCA-Anexo I-C;NA;Receitas Brutas Realizadas;RO2.5.0.0.00.00.00;2.5.0.0.00.00.00 - Outras Receitas de Capital;172,50;15033
2016;Prefeitura Municipal de Jiquiriçá - BA;2918209;BA;DCA-Anexo I-C;NA;Receitas Brutas Realizadas;RO2.5.9.0.00.00.00;2.5.9.0.00.00.00 - Outras Receitas;172,50;15033
2017;Prefeitura Municipal de Jiquiriçá - BA;2918209;BA;DCA-Anexo I-C;Padrão;Receitas Brutas Realizadas;TotalReceitas;Total Receitas;29664568,40;15071
2017;Prefeitura Municipal de Jiquiriçá - BA;2918209;BA;DCA-Anexo I-C;Padrão;Deduções - FUNDEB;TotalReceitas;Total Receitas;3152578,48;15071
2017;Prefeitura Municipal de Jiquiriçá - BA;2918209;BA;DCA-Anexo I-C;Padrão;Receitas Brutas Realizadas;RO1.0.0.0.00.00.00;1.0.0.0.00.00.00 - Receitas Correntes;29664568,40;15071
2017;Prefeitura Municipal de Jiquiriçá - BA;2918209;BA;DCA-Anexo I-C;Padrão;Deduções - FUNDEB;RO1.0.0.0.00.00.00;1.0.0.0.00.00.00 - Receitas Correntes;3152578,48;15071
2017;Prefeitura Municipal de Jiquiriçá - BA;2918209;BA;DCA-Anexo I-C;Padrão;Receitas Brutas Realizadas;RO1.1.0.0.00.00.00;1.1.0.0.00.00.00 - Receita Tributária;723693,55;15071
2017;Prefeitura Municipal de Jiquiriçá - BA;2918209;BA;DCA-Anexo I-C;Padrão;Receitas Brutas Realizadas;RO1.1.1.0.00.00.00;1.1.1.0.00.00.00 - Impostos;662570,04;15071
2017;Prefeitura Municipal de Jiquiriçá - BA;2918209;BA;DCA-Anexo I-C;Padrão;Receitas Brutas Realizadas;RO1.1.1.2.00.00.00;1.1.1.2.00.00.00 - Impostos sobre o Patrimônio e a Renda;499272,76;15071
2017;Prefeitura Municipal de Jiquiriçá - BA;2918209;BA;DCA-Anexo I-C;Padrão;Receitas Brutas Realizadas;RO1.1.1.2.02.00.00;1.1.1.2.02.00.00 - Imposto sobre a Propriedade Predial e Territorial Urbana ¿ IPTU;141007,60;15071
2017;Prefeitura Municipal de Jiquiriçá - BA;2918209;BA;DCA-Anexo I-C;Padrão;Receitas Brutas Realizadas;RO1.1.1.2.04.00.00;1.1.1.2.04.00.00 - Imposto sobre a Renda e Proventos de Qualquer Natureza ¿ IR;346908,33;15071
2017;Prefeitura Municipal de Jiquiriçá - BA;2918209;BA;DCA-Anexo I-C;Padrão;Receitas Brutas Realizadas;RO1.1.1.2.04.31.00;1.1.1.2.04.31.00 - Retido nas Fontes - Trabalho;310860,08;15071
2017;Prefeitura Municipal de Jiquiriçá - BA;2918209;BA;DCA-Anexo I-C;Padrão;Receitas Brutas Realizadas;RO1.1.1.2.04.34.00;1.1.1.2.04.34.00 - Retido nas Fontes - Outros Rendimentos;36048,25;15071
2017;Prefeitura Municipal de Jiquiriçá - BA;2918209;BA;DCA-Anexo I-C;Padrão;Receitas Brutas Realizadas;RO1.1.1.2.08.00.00;"1.1.1.2.08.00.00 - Imposto sobre Transmissão ""Inter Vivos"" de Bens Imóveis e de Direitos Reais sobre Imóveis ¿ ITBI";11356,83;15071
2017;Prefeitura Municipal de Jiquiriçá - BA;2918209;BA;DCA-Anexo I-C;Padrão;Receitas Brutas Realizadas;RO1.1.1.3.00.00.00;1.1.1.3.00.00.00 - Impostos sobre a Produção e a Circulação;163297,28;15071
2017;Prefeitura Municipal de Jiquiriçá - BA;2918209;BA;DCA-Anexo I-C;Padrão;Receitas Brutas Realizadas;RO1.1.1.3.05.00.00;1.1.1.3.05.00.00 - Imposto sobre Serviços de Qualquer Natureza ¿ ISSQN;163297,28;15071
2017;Prefeitura Municipal de Jiquiriçá - BA;2918209;BA;DCA-Anexo I-C;Padrão;Receitas Brutas Realizadas;RO1.1.2.0.00.00.00;1.1.2.0.00.00.00 - Taxas;61123,51;15071
2017;Prefeitura Municipal de Jiquiriçá - BA;2918209;BA;DCA-Anexo I-C;Padrão;Receitas Brutas Realizadas;RO1.1.2.1.00.00.00;1.1.2.1.00.00.00 - Taxas pelo Exercício do Poder de Polícia;61123,51;15071
2017;Prefeitura Municipal de Jiquiriçá - BA;2918209;BA;DCA-Anexo I-C;Padrão;Receitas Brutas Realizadas;RO1.2.0.0.00.00.00;1.2.0.0.00.00.00 - Receitas de Contribuições;7830,81;15071
2017;Prefeitura Municipal de Jiquiriçá - BA;2918209;BA;DCA-Anexo I-C;Padrão;Receitas Brutas Realizadas;RO1.2.3.0.00.00.00;1.2.3.0.00.00.00 - Contribuição para Custeio do Serviço de Iluminação Pública;7830,81;15071
2017;Prefeitura Municipal de Jiquiriçá - BA;2918209;BA;DCA-Anexo I-C;Padrão;Receitas Brutas Realizadas;RO1.3.0.0.00.00.00;1.3.0.0.00.00.00 - Receita Patrimonial;97350,48;15071
2017;Prefeitura Municipal de Jiquiriçá - BA;2918209;BA;DCA-Anexo I-C;Padrão;Receitas Brutas Realizadas;RO1.3.2.0.00.00.00;1.3.2.0.00.00.00 - Receitas de Valores Mobiliários;97350,48;15071
2017;Prefeitura Municipal de Jiquiriçá - BA;2918209;BA;DCA-Anexo I-C;Padrão;Receitas Brutas Realizadas;RO1.3.2.5.00.00.00;1.3.2.5.00.00.00 - Remuneração de Depósitos Bancários;97350,48;15071
2017;Prefeitura Municipal de Jiquiriçá - BA;2918209;BA;DCA-Anexo I-C;Padrão;Receitas Brutas Realizadas;RO1.7.0.0.00.00.00;1.7.0.0.00.00.00 - Transferências Correntes;28653657,21;15071
2017;Prefeitura Municipal de Jiquiriçá - BA;2918209;BA;DCA-Anexo I-C;Padrão;Deduções - FUNDEB;RO1.7.0.0.00.00.00;1.7.0.0.00.00.00 - Transferências Correntes;3152578,48;15071
2017;Prefeitura Municipal de Jiquiriçá - BA;2918209;BA;DCA-Anexo I-C;Padrão;Receitas Brutas Realizadas;RO1.7.2.0.00.00.00;1.7.2.0.00.00.00 - Transferências Intergovernamentais;28557657,21;15071
2017;Prefeitura Municipal de Jiquiriçá - BA;2918209;BA;DCA-Anexo I-C;Padrão;Deduções - FUNDEB;RO1.7.2.0.00.00.00;1.7.2.0.00.00.00 - Transferências Intergovernamentais;3152578,48;15071
2017;Prefeitura Municipal de Jiquiriçá - BA;2918209;BA;DCA-Anexo I-C;Padrão;Receitas Brutas Realizadas;RO1.7.2.1.00.00.00;1.7.2.1.00.00.00 - Transferências da União;17845467,88;15071
2017;Prefeitura Municipal de Jiquiriçá - BA;2918209;BA;DCA-Anexo I-C;Padrão;Deduções - FUNDEB;RO1.7.2.1.00.00.00;1.7.2.1.00.00.00 - Transferências da União;2623108,85;15071
2017;Prefeitura Municipal de Jiquiriçá - BA;2918209;BA;DCA-Anexo I-C;Padrão;Receitas Brutas Realizadas;RO1.7.2.1.01.00.00;1.7.2.1.01.00.00 - Participação na Receita da União;14290998,02;15071
2017;Prefeitura Municipal de Jiquiriçá - BA;2918209;BA;DCA-Anexo I-C;Padrão;Deduções - FUNDEB;RO1.7.2.1.01.00.00;1.7.2.1.01.00.00 - Participação na Receita da União;2621510,88;15071
2017;Prefeitura Municipal de Jiquiriçá - BA;2918209;BA;DCA-Anexo I-C;Padrão;Receitas Brutas Realizadas;RO1.7.2.1.01.02.00;1.7.2.1.01.02.00 - Cota-Parte do Fundo de Participação dos Municípios ¿ FPM;14288362,61;15071
2017;Prefeitura Municipal de Jiquiriçá - BA;2918209;BA;DCA-Anexo I-C;Padrão;Deduções - FUNDEB;RO1.7.2.1.01.02.00;1.7.2.1.01.02.00 - Cota-Parte do Fundo de Participação dos Municípios ¿ FPM;2620983,89;15071
2017;Prefeitura Municipal de Jiquiriçá - BA;2918209;BA;DCA-Anexo I-C;Padrão;Receitas Brutas Realizadas;RO1.7.2.1.01.05.00;1.7.2.1.01.05.00 - Cota-Parte do Imposto Sobre a Propriedade Territorial Rural ¿ ITR;2635,41;15071
2017;Prefeitura Municipal de Jiquiriçá - BA;2918209;BA;DCA-Anexo I-C;Padrão;Deduções - FUNDEB;RO1.7.2.1.01.05.00;1.7.2.1.01.05.00 - Cota-Parte do Imposto Sobre a Propriedade Territorial Rural ¿ ITR;526,99;15071
2017;Prefeitura Municipal de Jiquiriçá - BA;2918209;BA;DCA-Anexo I-C;Padrão;Receitas Brutas Realizadas;RO1.7.2.1.22.00.00;1.7.2.1.22.00.00 - Transferências da Compensação Financeira pela Exploração de Recursos Naturais;176563,05;15071
2017;Prefeitura Municipal de Jiquiriçá - BA;2918209;BA;DCA-Anexo I-C;Padrão;Receitas Brutas Realizadas;RO1.7.2.1.22.20.00;1.7.2.1.22.20.00 - Cota-Parte da Compensação Financeira de Recursos Minerais - CFEM;9206,64;15071
2017;Prefeitura Municipal de Jiquiriçá - BA;2918209;BA;DCA-Anexo I-C;Padrão;Receitas Brutas Realizadas;RO1.7.2.1.22.50.00;1.7.2.1.22.50.00 - Cota-Parte Royalties pela Participação Especial - Lei nº 9.478/97 artigo 50;15102,61;15071
2017;Prefeitura Municipal de Jiquiriçá - BA;2918209;BA;DCA-Anexo I-C;Padrão;Receitas Brutas Realizadas;RO1.7.2.1.22.70.00;1.7.2.1.22.70.00 - Cota-Parte do Fundo Especial do Petróleo ¿ FEP;152253,80;15071
2017;Prefeitura Municipal de Jiquiriçá - BA;2918209;BA;DCA-Anexo I-C;Padrão;Receitas Brutas Realizadas;RO1.7.2.1.33.00.00;1.7.2.1.33.00.00 - Transferências de Recursos do Sistema Único de Saúde - SUS - Repasses Fundo a Fundo;2239887,48;15071
2017;Prefeitura Municipal de Jiquiriçá - BA;2918209;BA;DCA-Anexo I-C;Padrão;Receitas Brutas Realizadas;RO1.7.2.1.34.00.00;1.7.2.1.34.00.00 - Transferências de Recursos do Fundo Nacional de Assistência Social ¿ FNAS;300501,93;15071
2017;Prefeitura Municipal de Jiquiriçá - BA;2918209;BA;DCA-Anexo I-C;Padrão;Receitas Brutas Realizadas;RO1.7.2.1.35.00.00;1.7.2.1.35.00.00 - Transferências de Recursos do Fundo Nacional do Desenvolvimento da Educação ¿ FNDE;826418,69;15071
2017;Prefeitura Municipal de Jiquiriçá - BA;2918209;BA;DCA-Anexo I-C;Padrão;Receitas Brutas Realizadas;RO1.7.2.1.36.00.00;1.7.2.1.36.00.00 - Transferências Financeiras do ICMS ¿ Desoneração ¿ L.C. Nº 87/96;8716,44;15071
2017;Prefeitura Municipal de Jiquiriçá - BA;2918209;BA;DCA-Anexo I-C;Padrão;Deduções - FUNDEB;RO1.7.2.1.36.00.00;1.7.2.1.36.00.00 - Transferências Financeiras do ICMS ¿ Desoneração ¿ L.C. Nº 87/96;1597,97;15071
2017;Prefeitura Municipal de Jiquiriçá - BA;2918209;BA;DCA-Anexo I-C;Padrão;Receitas Brutas Realizadas;RO1.7.2.1.99.00.00;1.7.2.1.99.00.00 - Outras Transferências da União;2382,27;15071
2017;Prefeitura Municipal de Jiquiriçá - BA;2918209;BA;DCA-Anexo I-C;Padrão;Receitas Brutas Realizadas;RO1.7.2.2.00.00.00;1.7.2.2.00.00.00 - Transferências dos Estados;2945087,11;15071
2017;Prefeitura Municipal de Jiquiriçá - BA;2918209;BA;DCA-Anexo I-C;Padrão;Deduções - FUNDEB;RO1.7.2.2.00.00.00;1.7.2.2.00.00.00 - Transferências dos Estados;529469,63;15071
2017;Prefeitura Municipal de Jiquiriçá - BA;2918209;BA;DCA-Anexo I-C;Padrão;Receitas Brutas Realizadas;RO1.7.2.2.01.00.00;1.7.2.2.01.00.00 - Participação na Receita dos Estados;2791918,11;15071
2017;Prefeitura Municipal de Jiquiriçá - BA;2918209;BA;DCA-Anexo I-C;Padrão;Deduções - FUNDEB;RO1.7.2.2.01.00.00;1.7.2.2.01.00.00 - Participação na Receita dos Estados;529469,63;15071
2017;Prefeitura Municipal de Jiquiriçá - BA;2918209;BA;DCA-Anexo I-C;Padrão;Receitas Brutas Realizadas;RO1.7.2.2.01.01.00;1.7.2.2.01.01.00 - Cota-Parte do ICMS;2436031,26;15071
2017;Prefeitura Municipal de Jiquiriçá - BA;2918209;BA;DCA-Anexo I-C;Padrão;Deduções - FUNDEB;RO1.7.2.2.01.01.00;1.7.2.2.01.01.00 - Cota-Parte do ICMS;487351,32;15071
2017;Prefeitura Municipal de Jiquiriçá - BA;2918209;BA;DCA-Anexo I-C;Padrão;Receitas Brutas Realizadas;RO1.7.2.2.01.02.00;1.7.2.2.01.02.00 - Cota-Parte do IPVA;210595,26;15071
2017;Prefeitura Municipal de Jiquiriçá - BA;2918209;BA;DCA-Anexo I-C;Padrão;Deduções - FUNDEB;RO1.7.2.2.01.02.00;1.7.2.2.01.02.00 - Cota-Parte do IPVA;42118,31;15071
2017;Prefeitura Municipal de Jiquiriçá - BA;2918209;BA;DCA-Anexo I-C;Padrão;Receitas Brutas Realizadas;RO1.7.2.2.01.04.00;1.7.2.2.01.04.00 - Cota-Parte do IPI - Municípios;23170,96;15071
2017;Prefeitura Municipal de Jiquiriçá - BA;2918209;BA;DCA-Anexo I-C;Padrão;Receitas Brutas Realizadas;RO1.7.2.2.01.99.00;1.7.2.2.01.99.00 - Outras Participações na Receita dos Estados;122120,63;15071
2017;Prefeitura Municipal de Jiquiriçá - BA;2918209;BA;DCA-Anexo I-C;Padrão;Receitas Brutas Realizadas;RO1.7.2.2.33.00.00;1.7.2.2.33.00.00 - Transferências de Recursos do Estado para Programas de Saúde - Repasse Fundo a Fundo;60000,00;15071
2017;Prefeitura Municipal de Jiquiriçá - BA;2918209;BA;DCA-Anexo I-C;Padrão;Receitas Brutas Realizadas;RO1.7.2.2.99.00.00;1.7.2.2.99.00.00 - Outras Transferências dos Estados;93169,00;15071
2017;Prefeitura Municipal de Jiquiriçá - BA;2918209;BA;DCA-Anexo I-C;Padrão;Receitas Brutas Realizadas;RO1.7.2.4.00.00.00;1.7.2.4.00.00.00 - Transferências Multigovernamentais;7767102,22;15071
2017;Prefeitura Municipal de Jiquiriçá - BA;2918209;BA;DCA-Anexo I-C;Padrão;Receitas Brutas Realizadas;RO1.7.2.4.01.00.00;1.7.2.4.01.00.00 - Transferências de Recursos do Fundo de Manutenção e Desenvolvimento do Ensino Fundamental e de Valorização do Magistério - FUNDEB;5734383,10;15071
2017;Prefeitura Municipal de Jiquiriçá - BA;2918209;BA;DCA-Anexo I-C;Padrão;Receitas Brutas Realizadas;RO1.7.2.4.02.00.00;1.7.2.4.02.00.00 - Transferências de Recursos da Complementação ao Fundo de Manutenção e Desenvolvimento do Ensino Fundamental e de Valorização do Magistério - FUNDEB;2032719,12;15071
2017;Prefeitura Municipal de Jiquiriçá - BA;2918209;BA;DCA-Anexo I-C;Padrão;Receitas Brutas Realizadas;RO1.7.6.0.00.00.00;1.7.6.0.00.00.00 - Transferências de Convênios;96000,00;15071
2017;Prefeitura Municipal de Jiquiriçá - BA;2918209;BA;DCA-Anexo I-C;Padrão;Receitas Brutas Realizadas;RO1.7.6.2.00.00.00;1.7.6.2.00.00.00 - Transferências de Convênios dos Estados e do Distrito Federal e de Suas Entidades;96000,00;15071
2017;Prefeitura Municipal de Jiquiriçá - BA;2918209;BA;DCA-Anexo I-C;Padrão;Receitas Brutas Realizadas;RO1.7.6.2.99.00.00;1.7.6.2.99.00.00 - Outras Transferências de Convênios dos Estados;96000,00;15071
2017;Prefeitura Municipal de Jiquiriçá - BA;2918209;BA;DCA-Anexo I-C;Padrão;Receitas Brutas Realizadas;RO1.9.0.0.00.00.00;1.9.0.0.00.00.00 - Outras Receitas Correntes;182036,35;15071
2017;Prefeitura Municipal de Jiquiriçá - BA;2918209;BA;DCA-Anexo I-C;Padrão;Receitas Brutas Realizadas;RO1.9.1.0.00.00.00;1.9.1.0.00.00.00 - Multas e Juros de Mora;32828,73;15071
2017;Prefeitura Municipal de Jiquiriçá - BA;2918209;BA;DCA-Anexo I-C;Padrão;Receitas Brutas Realizadas;RO1.9.1.1.00.00.00;1.9.1.1.00.00.00 - Multas e Juros de Mora dos Tributos;32828,73;15071
2017;Prefeitura Municipal de Jiquiriçá - BA;2918209;BA;DCA-Anexo I-C;Padrão;Receitas Brutas Realizadas;RO1.9.1.1.99.00.00;1.9.1.1.99.00.00 - Multas e Juros de Mora de Outros Tributos;32828,73;15071
2017;Prefeitura Municipal de Jiquiriçá - BA;2918209;BA;DCA-Anexo I-C;Padrão;Receitas Brutas Realizadas;RO1.9.2.0.00.00.00;1.9.2.0.00.00.00 - Indenizações e Restituições;3145,88;15071
2017;Prefeitura Municipal de Jiquiriçá - BA;2918209;BA;DCA-Anexo I-C;Padrão;Receitas Brutas Realizadas;RO1.9.2.1.00.00.00;1.9.2.1.00.00.00 - Indenizações;3145,88;15071
2017;Prefeitura Municipal de Jiquiriçá - BA;2918209;BA;DCA-Anexo I-C;Padrão;Receitas Brutas Realizadas;RO1.9.3.0.00.00.00;1.9.3.0.00.00.00 - Receita da Dívida Ativa;93333,50;15071
2017;Prefeitura Municipal de Jiquiriçá - BA;2918209;BA;DCA-Anexo I-C;Padrão;Receitas Brutas Realizadas;RO1.9.3.1.00.00.00;1.9.3.1.00.00.00 - Receita da Dívida Ativa Tributária;93333,50;15071
2017;Prefeitura Municipal de Jiquiriçá - BA;2918209;BA;DCA-Anexo I-C;Padrão;Receitas Brutas Realizadas;RO1.9.3.1.11.00.00;1.9.3.1.11.00.00 - Receita da Dívida Ativa do Imposto sobre a Propriedade Predial e Territorial Urbana ¿ IPTU;55511,95;15071
2017;Prefeitura Municipal de Jiquiriçá - BA;2918209;BA;DCA-Anexo I-C;Padrão;Receitas Brutas Realizadas;RO1.9.3.1.13.00.00;1.9.3.1.13.00.00 - Receita da Dívida Ativa do Imposto sobre Serviços de Qualquer Natureza ¿ ISS;31014,44;15071
2017;Prefeitura Municipal de Jiquiriçá - BA;2918209;BA;DCA-Anexo I-C;Padrão;Receitas Brutas Realizadas;RO1.9.3.1.99.00.00;1.9.3.1.99.00.00 - Receita da Dívida Ativa de Outros Tributos;6807,11;15071
2017;Prefeitura Municipal de Jiquiriçá - BA;2918209;BA;DCA-Anexo I-C;Padrão;Receitas Brutas Realizadas;RO1.9.9.0.00.00.00;1.9.9.0.00.00.00 - Receitas Diversas;52728,24;15071
2017;Prefeitura Municipal de Jiquiriçá - BA;2918209;BA;DCA-Anexo I-C;Padrão;Receitas Brutas Realizadas;RO1.9.9.0.99.00.00;1.9.9.0.99.00.00 - Outras Receitas;52728,24;15071
2018;Prefeitura Municipal de Jiquiriçá - BA;2918209;BA;DCA-Anexo I-C;Padrão;Receitas Brutas Realizadas;TotalReceitas;Total Receitas;35080328,74;15071
2018;Prefeitura Municipal de Jiquiriçá - BA;2918209;BA;DCA-Anexo I-C;Padrão;Deduções - FUNDEB;TotalReceitas;Total Receitas;3451287,86;15071
2018;Prefeitura Municipal de Jiquiriçá - BA;2918209;BA;DCA-Anexo I-C;Padrão;Receitas Brutas Realizadas;RO1.0.0.0.00.0.0;1.0.0.0.00.0.0 - Receitas Correntes;34865327,79;15071
2018;Prefeitura Municipal de Jiquiriçá - BA;2918209;BA;DCA-Anexo I-C;Padrão;Deduções - FUNDEB;RO1.0.0.0.00.0.0;1.0.0.0.00.0.0 - Receitas Correntes;3451287,86;15071
2018;Prefeitura Municipal de Jiquiriçá - BA;2918209;BA;DCA-Anexo I-C;Padrão;Receitas Brutas Realizadas;RO1.1.0.0.00.0.0;1.1.0.0.00.0.0 - Impostos, Taxas e Contribuições de Melhoria;968451,44;15071
2018;Prefeitura Municipal de Jiquiriçá - BA;2918209;BA;DCA-Anexo I-C;Padrão;Receitas Brutas Realizadas;RO1.1.1.0.00.0.0;1.1.1.0.00.0.0 - Impostos;908465,69;15071
2018;Prefeitura Municipal de Jiquiriçá - BA;2918209;BA;DCA-Anexo I-C;Padrão;Receitas Brutas Realizadas;RO1.1.1.3.00.0.0;1.1.1.3.00.0.0 - Impostos sobre a Renda e Proventos de Qualquer Natureza;356077,93;15071
2018;Prefeitura Municipal de Jiquiriçá - BA;2918209;BA;DCA-Anexo I-C;Padrão;Receitas Brutas Realizadas;RO1.1.1.3.03.0.0;1.1.1.3.03.0.0 - Imposto sobre a Renda - Retido na Fonte;356077,93;15071
2018;Prefeitura Municipal de Jiquiriçá - BA;2918209;BA;DCA-Anexo I-C;Padrão;Receitas Brutas Realizadas;RO1.1.1.3.03.1.0;1.1.1.3.03.1.0 - Imposto sobre a Renda - Retido na Fonte - Trabalho;320170,56;15071
2018;Prefeitura Municipal de Jiquiriçá - BA;2918209;BA;DCA-Anexo I-C;Padrão;Receitas Brutas Realizadas;RO1.1.1.3.03.4.0;1.1.1.3.03.4.0 - Imposto sobre a Renda - Retido na Fonte - Outros Rendimentos;35907,37;15071
2018;Prefeitura Municipal de Jiquiriçá - BA;2918209;BA;DCA-Anexo I-C;Padrão;Receitas Brutas Realizadas;RO1.1.1.8.00.0.0;1.1.1.8.00.0.0 Impostos Específicos de Estados, DF e Municípios;523810,29;15071
2018;Prefeitura Municipal de Jiquiriçá - BA;2918209;BA;DCA-Anexo I-C;Padrão;Receitas Brutas Realizadas;RO1.1.1.8.01.0.0;1.1.1.8.01.0.0 Impostos sobre o Patrimônio para Estados/DF/Municípios;192463,77;15071
2018;Prefeitura Municipal de Jiquiriçá - BA;2918209;BA;DCA-Anexo I-C;Padrão;Receitas Brutas Realizadas;RO1.1.1.8.01.1.0;1.1.1.8.01.1.0 Imposto sobre a Propriedade Predial e Territorial Urbana;185389,14;15071
2018;Prefeitura Municipal de Jiquiriçá - BA;2918209;BA;DCA-Anexo I-C;Padrão;Receitas Brutas Realizadas;RO1.1.1.8.01.4.0;1.1.1.8.01.4.0 Imposto sobre Transmissão ¿Inter Vivos¿ de Bens Imóveis e de Direitos Reais sobre Imóveis;7074,63;15071
2018;Prefeitura Municipal de Jiquiriçá - BA;2918209;BA;DCA-Anexo I-C;Padrão;Receitas Brutas Realizadas;RO1.1.1.8.02.0.0;1.1.1.8.02.0.0 Impostos sobre a Produção, Circulação de Mercadorias e Serviços;331346,52;15071
2018;Prefeitura Municipal de Jiquiriçá - BA;2918209;BA;DCA-Anexo I-C;Padrão;Receitas Brutas Realizadas;RO1.1.1.8.02.1.0;1.1.1.8.02.1.0 Imposto sobre Operações Relativas à Circulação de Mercadorias e sobre Prestações de Serviços de Transporte Interestadual e Intermunicipal e de Comunicação;331346,52;15071
2018;Prefeitura Municipal de Jiquiriçá - BA;2918209;BA;DCA-Anexo I-C;Padrão;Receitas Brutas Realizadas;RO1.1.1.9.00.0.0;1.1.1.9.00.0.0 - Outros Impostos;28577,47;15071
2018;Prefeitura Municipal de Jiquiriçá - BA;2918209;BA;DCA-Anexo I-C;Padrão;Receitas Brutas Realizadas;RO1.1.2.0.00.0.0;1.1.2.0.00.0.0 - Taxas;59985,75;15071
2018;Prefeitura Municipal de Jiquiriçá - BA;2918209;BA;DCA-Anexo I-C;Padrão;Receitas Brutas Realizadas;RO1.1.2.1.00.0.0;1.1.2.1.00.0.0 - Taxas pelo Exercício do Poder de Polícia;59985,75;15071
2018;Prefeitura Municipal de Jiquiriçá - BA;2918209;BA;DCA-Anexo I-C;Padrão;Receitas Brutas Realizadas;RO1.1.2.1.01.0.0;1.1.2.1.01.0.0 - Taxas de Inspeção, Controle e Fiscalização;59985,75;15071
2018;Prefeitura Municipal de Jiquiriçá - BA;2918209;BA;DCA-Anexo I-C;Padrão;Receitas Brutas Realizadas;RO1.2.0.0.00.0.0;1.2.0.0.00.0.0 - Contribuições;5506,29;15071
2018;Prefeitura Municipal de Jiquiriçá - BA;2918209;BA;DCA-Anexo I-C;Padrão;Receitas Brutas Realizadas;RO1.2.4.0.00.0.0;1.2.4.0.00.0.0 - Contribuição para o Custeio do Serviço de Iluminação Pública;5506,29;15071
2018;Prefeitura Municipal de Jiquiriçá - BA;2918209;BA;DCA-Anexo I-C;Padrão;Receitas Brutas Realizadas;RO1.3.0.0.00.0.0;1.3.0.0.00.0.0 - Receita Patrimonial;19397,16;15071
2018;Prefeitura Municipal de Jiquiriçá - BA;2918209;BA;DCA-Anexo I-C;Padrão;Receitas Brutas Realizadas;RO1.3.2.0.00.0.0;1.3.2.0.00.0.0 - Valores Mobiliários;19397,16;15071
2018;Prefeitura Municipal de Jiquiriçá - BA;2918209;BA;DCA-Anexo I-C;Padrão;Receitas Brutas Realizadas;RO1.3.2.1.00.0.0;1.3.2.1.00.0.0 - Juros e Correções Monetárias;19397,16;15071
2018;Prefeitura Municipal de Jiquiriçá - BA;2918209;BA;DCA-Anexo I-C;Padrão;Receitas Brutas Realizadas;RO1.3.2.1.00.1.0;1.3.2.1.00.1.0 - Remuneração de Depósitos Bancários;19397,16;15071
2018;Prefeitura Municipal de Jiquiriçá - BA;2918209;BA;DCA-Anexo I-C;Padrão;Receitas Brutas Realizadas;RO1.6.0.0.00.0.0;1.6.0.0.00.0.0 - Receita de Serviços;37981,56;15071
2018;Prefeitura Municipal de Jiquiriçá - BA;2918209;BA;DCA-Anexo I-C;Padrão;Receitas Brutas Realizadas;RO1.6.9.0.00.0.0;1.6.9.0.00.0.0 - Outros Serviços;37981,56;15071
2018;Prefeitura Municipal de Jiquiriçá - BA;2918209;BA;DCA-Anexo I-C;Padrão;Receitas Brutas Realizadas;RO1.6.9.0.99.0.0;1.6.9.0.99.0.0 - Outros Serviços;37981,56;15071
2018;Prefeitura Municipal de Jiquiriçá - BA;2918209;BA;DCA-Anexo I-C;Padrão;Receitas Brutas Realizadas;RO1.7.0.0.00.0.0;1.7.0.0.00.0.0 - Transferências Correntes;33815232,60;15071
2018;Prefeitura Municipal de Jiquiriçá - BA;2918209;BA;DCA-Anexo I-C;Padrão;Deduções - FUNDEB;RO1.7.0.0.00.0.0;1.7.0.0.00.0.0 - Transferências Correntes;3451287,86;15071
2018;Prefeitura Municipal de Jiquiriçá - BA;2918209;BA;DCA-Anexo I-C;Padrão;Receitas Brutas Realizadas;RO1.7.1.0.00.0.0;1.7.1.0.00.0.0 - Transferências da União e de suas Entidades;20107322,72;15071
2018;Prefeitura Municipal de Jiquiriçá - BA;2918209;BA;DCA-Anexo I-C;Padrão;Deduções - FUNDEB;RO1.7.1.0.00.0.0;1.7.1.0.00.0.0 - Transferências da União e de suas Entidades;2804040,36;15071
2018;Prefeitura Municipal de Jiquiriçá - BA;2918209;BA;DCA-Anexo I-C;Padrão;Receitas Brutas Realizadas;RO1.7.1.8.00.0.0;1.7.1.8.00.0.0 Transferências da União - Específicas de Estados, DF e Municípios;20107322,72;15071
2018;Prefeitura Municipal de Jiquiriçá - BA;2918209;BA;DCA-Anexo I-C;Padrão;Deduções - FUNDEB;RO1.7.1.8.00.0.0;1.7.1.8.00.0.0 Transferências da União - Específicas de Estados, DF e Municípios;2804040,36;15071
2018;Prefeitura Municipal de Jiquiriçá - BA;2918209;BA;DCA-Anexo I-C;Padrão;Receitas Brutas Realizadas;RO1.7.1.8.01.0.0;1.7.1.8.01.0.0 Participação na Receita da União;15239582,27;15071
2018;Prefeitura Municipal de Jiquiriçá - BA;2918209;BA;DCA-Anexo I-C;Padrão;Deduções - FUNDEB;RO1.7.1.8.01.0.0;1.7.1.8.01.0.0 Participação na Receita da União;2802172,56;15071
2018;Prefeitura Municipal de Jiquiriçá - BA;2918209;BA;DCA-Anexo I-C;Padrão;Receitas Brutas Realizadas;RO1.7.1.8.01.2.0;1.7.1.8.01.2.0 Cota-Parte do Fundo de Participação dos Municípios - Cota Mensal;15236860,56;15071
2018;Prefeitura Municipal de Jiquiriçá - BA;2918209;BA;DCA-Anexo I-C;Padrão;Deduções - FUNDEB;RO1.7.1.8.01.2.0;1.7.1.8.01.2.0 Cota-Parte do Fundo de Participação dos Municípios - Cota Mensal;2801628,29;15071
2018;Prefeitura Municipal de Jiquiriçá - BA;2918209;BA;DCA-Anexo I-C;Padrão;Receitas Brutas Realizadas;RO1.7.1.8.01.5.0;1.7.1.8.01.5.0 Cota-Parte do Imposto Sobre a Propriedade Territorial Rural;2721,71;15071
2018;Prefeitura Municipal de Jiquiriçá - BA;2918209;BA;DCA-Anexo I-C;Padrão;Deduções - FUNDEB;RO1.7.1.8.01.5.0;1.7.1.8.01.5.0 Cota-Parte do Imposto Sobre a Propriedade Territorial Rural;544,27;15071
2018;Prefeitura Municipal de Jiquiriçá - BA;2918209;BA;DCA-Anexo I-C;Padrão;Receitas Brutas Realizadas;RO1.7.1.8.02.0.0;1.7.1.8.02.0.0 Transferência da Compensação Financeira pela Exploração de Recursos Naturais;250445,22;15071
2018;Prefeitura Municipal de Jiquiriçá - BA;2918209;BA;DCA-Anexo I-C;Padrão;Receitas Brutas Realizadas;RO1.7.1.8.02.5.0;1.7.1.8.02.5.0 Cota-parte Royalties pela Participação Especial ¿ Lei nº 9.478/97, artigo 50;17352,03;15071
2018;Prefeitura Municipal de Jiquiriçá - BA;2918209;BA;DCA-Anexo I-C;Padrão;Receitas Brutas Realizadas;RO1.7.1.8.02.6.0;1.7.1.8.02.6.0 Cota-Parte do Fundo Especial do Petróleo ¿ FEP;233093,19;15071
2018;Prefeitura Municipal de Jiquiriçá - BA;2918209;BA;DCA-Anexo I-C;Padrão;Receitas Brutas Realizadas;RO1.7.1.8.03.0.0;1.7.1.8.03.0.0 Transferência de Recursos do Sistema Único de Saúde ¿ SUS ¿ Repasses Fundo a Fundo;2993983,13;15071
2018;Prefeitura Municipal de Jiquiriçá - BA;2918209;BA;DCA-Anexo I-C;Padrão;Receitas Brutas Realizadas;RO1.7.1.8.04.0.0;1.7.1.8.04.0.0 Transferências de Recursos do Fundo Nacional de Assistência Social ¿ FNAS;242714,87;15071
2018;Prefeitura Municipal de Jiquiriçá - BA;2918209;BA;DCA-Anexo I-C;Padrão;Receitas Brutas Realizadas;RO1.7.1.8.05.0.0;1.7.1.8.05.0.0 Transferências de Recursos do Fundo Nacional do Desenvolvimento da Educação ¿ FNDE;1165321,24;15071
2018;Prefeitura Municipal de Jiquiriçá - BA;2918209;BA;DCA-Anexo I-C;Padrão;Receitas Brutas Realizadas;RO1.7.1.8.05.1.0;1.7.1.8.05.1.0 Transferências do Salário-Educação;304499,08;15071
2018;Prefeitura Municipal de Jiquiriçá - BA;2918209;BA;DCA-Anexo I-C;Padrão;Receitas Brutas Realizadas;RO1.7.1.8.05.2.0;1.7.1.8.05.2.0 Transferências Diretas do FNDE referentes ao Programa Dinheiro Direto na Escola ¿ PDDE;4900,00;15071
2018;Prefeitura Municipal de Jiquiriçá - BA;2918209;BA;DCA-Anexo I-C;Padrão;Receitas Brutas Realizadas;RO1.7.1.8.05.3.0;1.7.1.8.05.3.0 Transferências Diretas do FNDE referentes ao Programa Nacional de Alimentação Escolar ¿ PNAE;278648,80;15071
2018;Prefeitura Municipal de Jiquiriçá - BA;2918209;BA;DCA-Anexo I-C;Padrão;Receitas Brutas Realizadas;RO1.7.1.8.05.4.0;1.7.1.8.05.4.0 Transferências Diretas do FNDE referentes ao Programa Nacional de Apoio ao Transporte do Escolar ¿ PNATE;294904,15;15071
2018;Prefeitura Municipal de Jiquiriçá - BA;2918209;BA;DCA-Anexo I-C;Padrão;Receitas Brutas Realizadas;RO1.7.1.8.05.9.0;1.7.1.8.05.9.0 Outras Transferências Diretas do Fundo Nacional do Desenvolvimento da Educação ¿ FNDE;282369,21;15071
2018;Prefeitura Municipal de Jiquiriçá - BA;2918209;BA;DCA-Anexo I-C;Padrão;Receitas Brutas Realizadas;RO1.7.1.8.06.0.0;1.7.1.8.06.0.0 Transferência Financeira do ICMS ¿ Desoneração ¿ L.C. Nº 87/96;9339,36;15071
2018;Prefeitura Municipal de Jiquiriçá - BA;2918209;BA;DCA-Anexo I-C;Padrão;Deduções - FUNDEB;RO1.7.1.8.06.0.0;1.7.1.8.06.0.0 Transferência Financeira do ICMS ¿ Desoneração ¿ L.C. Nº 87/96;1867,80;15071
2018;Prefeitura Municipal de Jiquiriçá - BA;2918209;BA;DCA-Anexo I-C;Padrão;Receitas Brutas Realizadas;RO1.7.1.8.06.1.0;1.7.1.8.06.1.0 Transferência Financeira do ICMS ¿ Desoneração ¿ L.C. Nº 87/96;9339,36;15071
2018;Prefeitura Municipal de Jiquiriçá - BA;2918209;BA;DCA-Anexo I-C;Padrão;Deduções - FUNDEB;RO1.7.1.8.06.1.0;1.7.1.8.06.1.0 Transferência Financeira do ICMS ¿ Desoneração ¿ L.C. Nº 87/96;1867,80;15071
2018;Prefeitura Municipal de Jiquiriçá - BA;2918209;BA;DCA-Anexo I-C;Padrão;Receitas Brutas Realizadas;RO1.7.1.8.10.0.0;1.7.1.8.10.0.0 Transferências de Convênios da União e de Suas Entidades;204752,73;15071
2018;Prefeitura Municipal de Jiquiriçá - BA;2918209;BA;DCA-Anexo I-C;Padrão;Receitas Brutas Realizadas;RO1.7.1.8.10.9.0;1.7.1.8.10.9.0 Outras Transferências de Convênios da União;204752,73;15071
2018;Prefeitura Municipal de Jiquiriçá - BA;2918209;BA;DCA-Anexo I-C;Padrão;Receitas Brutas Realizadas;RO1.7.1.8.99.0.0;1.7.1.8.99.0.0 Outras Transferências da União;1183,90;15071
2018;Prefeitura Municipal de Jiquiriçá - BA;2918209;BA;DCA-Anexo I-C;Padrão;Receitas Brutas Realizadas;RO1.7.2.0.00.0.0;1.7.2.0.00.0.0 - Transferências dos Estados e do Distrito Federal e de suas Entidades;3948890,77;15071
2018;Prefeitura Municipal de Jiquiriçá - BA;2918209;BA;DCA-Anexo I-C;Padrão;Deduções - FUNDEB;RO1.7.2.0.00.0.0;1.7.2.0.00.0.0 - Transferências dos Estados e do Distrito Federal e de suas Entidades;647247,50;15071
2018;Prefeitura Municipal de Jiquiriçá - BA;2918209;BA;DCA-Anexo I-C;Padrão;Receitas Brutas Realizadas;RO1.7.2.8.00.0.0;1.7.2.8.00.0.0 Transferências dos Estados - Específicas de Estados, DF e Municípios;3948890,77;15071
2018;Prefeitura Municipal de Jiquiriçá - BA;2918209;BA;DCA-Anexo I-C;Padrão;Deduções - FUNDEB;RO1.7.2.8.00.0.0;1.7.2.8.00.0.0 Transferências dos Estados - Específicas de Estados, DF e Municípios;647247,50;15071
2018;Prefeitura Municipal de Jiquiriçá - BA;2918209;BA;DCA-Anexo I-C;Padrão;Receitas Brutas Realizadas;RO1.7.2.8.01.0.0;1.7.2.8.01.0.0 Participação na Receita dos Estados;3580969,01;15071
2018;Prefeitura Municipal de Jiquiriçá - BA;2918209;BA;DCA-Anexo I-C;Padrão;Deduções - FUNDEB;RO1.7.2.8.01.0.0;1.7.2.8.01.0.0 Participação na Receita dos Estados;647247,50;15071
2018;Prefeitura Municipal de Jiquiriçá - BA;2918209;BA;DCA-Anexo I-C;Padrão;Receitas Brutas Realizadas;RO1.7.2.8.01.1.0;1.7.2.8.01.1.0 Cota-Parte do ICMS;3001271,94;15071
2018;Prefeitura Municipal de Jiquiriçá - BA;2918209;BA;DCA-Anexo I-C;Padrão;Deduções - FUNDEB;RO1.7.2.8.01.1.0;1.7.2.8.01.1.0 Cota-Parte do ICMS;600254,17;15071
2018;Prefeitura Municipal de Jiquiriçá - BA;2918209;BA;DCA-Anexo I-C;Padrão;Receitas Brutas Realizadas;RO1.7.2.8.01.2.0;1.7.2.8.01.2.0 Cota-Parte do IPVA;234970,55;15071
2018;Prefeitura Municipal de Jiquiriçá - BA;2918209;BA;DCA-Anexo I-C;Padrão;Deduções - FUNDEB;RO1.7.2.8.01.2.0;1.7.2.8.01.2.0 Cota-Parte do IPVA;46993,33;15071
2018;Prefeitura Municipal de Jiquiriçá - BA;2918209;BA;DCA-Anexo I-C;Padrão;Receitas Brutas Realizadas;RO1.7.2.8.01.3.0;1.7.2.8.01.3.0 Cota-Parte do IPI - Municípios;24929,79;15071
2018;Prefeitura Municipal de Jiquiriçá - BA;2918209;BA;DCA-Anexo I-C;Padrão;Receitas Brutas Realizadas;RO1.7.2.8.01.5.0;1.7.2.8.01.5.0 Outras Participações na Receita dos Estados;29847,00;15071
2018;Prefeitura Municipal de Jiquiriçá - BA;2918209;BA;DCA-Anexo I-C;Padrão;Receitas Brutas Realizadas;RO1.7.2.8.01.9.0;1.7.2.8.01.9.0 Outras Transferências dos Estados;289949,73;15071
2018;Prefeitura Municipal de Jiquiriçá - BA;2918209;BA;DCA-Anexo I-C;Padrão;Receitas Brutas Realizadas;RO1.7.2.8.10.0.0;1.7.2.8.10.0.0 Transferência de Convênios dos Estados e do Distrito Federal e de Suas Entidades;20000,00;15071
2018;Prefeitura Municipal de Jiquiriçá - BA;2918209;BA;DCA-Anexo I-C;Padrão;Receitas Brutas Realizadas;RO1.7.2.8.10.9.0;1.7.2.8.10.9.0 Outras Transferências de Convênio dos Estados;20000,00;15071
2018;Prefeitura Municipal de Jiquiriçá - BA;2918209;BA;DCA-Anexo I-C;Padrão;Receitas Brutas Realizadas;RO1.7.2.8.99.0.0;1.7.2.8.99.0.0 Outras Transferências dos Estados;347921,76;15071
2018;Prefeitura Municipal de Jiquiriçá - BA;2918209;BA;DCA-Anexo I-C;Padrão;Receitas Brutas Realizadas;RO1.7.5.0.00.0.0;1.7.5.0.00.0.0 - Transferências de Outras Instituições Públicas;9759019,11;15071
2018;Prefeitura Municipal de Jiquiriçá - BA;2918209;BA;DCA-Anexo I-C;Padrão;Receitas Brutas Realizadas;RO1.7.5.8.00.0.0;1.7.5.8.00.0.0 Transferências de Outras Instituições Públicas - Específicas de Estados, DF e Municípios;9759019,11;15071
2018;Prefeitura Municipal de Jiquiriçá - BA;2918209;BA;DCA-Anexo I-C;Padrão;Receitas Brutas Realizadas;RO1.7.5.8.01.0.0;1.7.5.8.01.0.0 Transferências de Recursos do Fundo de Manutenção e Desenvolvimento da Educação Básica e de Valorização dos Profissionais da Educação ¿ FUNDEB;9759019,11;15071
2018;Prefeitura Municipal de Jiquiriçá - BA;2918209;BA;DCA-Anexo I-C;Padrão;Receitas Brutas Realizadas;RO1.9.0.0.00.0.0;1.9.0.0.00.0.0 - Outras Receitas Correntes;18758,74;15071
2018;Prefeitura Municipal de Jiquiriçá - BA;2918209;BA;DCA-Anexo I-C;Padrão;Receitas Brutas Realizadas;RO1.9.9.0.00.0.0;1.9.9.0.00.0.0 - Demais Receitas Correntes;18758,74;15071
2018;Prefeitura Municipal de Jiquiriçá - BA;2918209;BA;DCA-Anexo I-C;Padrão;Receitas Brutas Realizadas;RO1.9.9.0.99.0.0;1.9.9.0.99.0.0 - Outras Receitas;18758,74;15071
2018;Prefeitura Municipal de Jiquiriçá - BA;2918209;BA;DCA-Anexo I-C;Padrão;Receitas Brutas Realizadas;RO1.9.9.0.99.1.0;1.9.9.0.99.1.0 - Outras Receitas - Primárias;18758,74;15071
2018;Prefeitura Municipal de Jiquiriçá - BA;2918209;BA;DCA-Anexo I-C;Padrão;Receitas Brutas Realizadas;RO2.0.0.0.00.0.0;2.0.0.0.00.0.0 - Receitas de Capital;215000,95;15071
2018;Prefeitura Municipal de Jiquiriçá - BA;2918209;BA;DCA-Anexo I-C;Padrão;Receitas Brutas Realizadas;RO2.4.0.0.00.0.0;2.4.0.0.00.0.0 - Transferências de Capital;215000,95;15071
2018;Prefeitura Municipal de Jiquiriçá - BA;2918209;BA;DCA-Anexo I-C;Padrão;Receitas Brutas Realizadas;RO2.4.1.0.00.0.0;2.4.1.0.00.0.0 - Transferências da União e de suas Entidades;215000,95;15071
2018;Prefeitura Municipal de Jiquiriçá - BA;2918209;BA;DCA-Anexo I-C;Padrão;Receitas Brutas Realizadas;RO2.4.1.8.00.0.0;2.4.1.8.00.0.0 Transferências da União - Específicas de Estados, DF e Municípios;215000,95;15071
2018;Prefeitura Municipal de Jiquiriçá - BA;2918209;BA;DCA-Anexo I-C;Padrão;Receitas Brutas Realizadas;RO2.4.1.8.10.0.0;2.4.1.8.10.0.0 Transferência de Convênios da União e de suas Entidades;215000,95;15071
2019;Prefeitura Municipal de Jiquiriçá - BA;2918209;BA;DCA-Anexo I-C;Padrão;Receitas Brutas Realizadas;ReceitasExcetoIntraOrcamentarias;RECEITAS (EXCETO INTRA-ORÇAMENTÁRIAS) (I);40442186,50;14516
2019;Prefeitura Municipal de Jiquiriçá - BA;2918209;BA;DCA-Anexo I-C;Padrão;Deduções - FUNDEB;ReceitasExcetoIntraOrcamentarias;RECEITAS (EXCETO INTRA-ORÇAMENTÁRIAS) (I);3727886,70;14516
2019;Prefeitura Municipal de Jiquiriçá - BA;2918209;BA;DCA-Anexo I-C;Padrão;Receitas Brutas Realizadas;RO1.0.0.0.00.0.0;1.0.0.0.00.0.0 - Receitas Correntes;40260619,73;14516
2019;Prefeitura Municipal de Jiquiriçá - BA;2918209;BA;DCA-Anexo I-C;Padrão;Deduções - FUNDEB;RO1.0.0.0.00.0.0;1.0.0.0.00.0.0 - Receitas Correntes;3727886,70;14516
2019;Prefeitura Municipal de Jiquiriçá - BA;2918209;BA;DCA-Anexo I-C;Padrão;Receitas Brutas Realizadas;RO1.1.0.0.00.0.0;1.1.0.0.00.0.0 - Impostos, Taxas e Contribuições de Melhoria;1013841,49;14516
2019;Prefeitura Municipal de Jiquiriçá - BA;2918209;BA;DCA-Anexo I-C;Padrão;Receitas Brutas Realizadas;RO1.1.1.0.00.0.0;1.1.1.0.00.0.0 - Impostos;878887,08;14516
2019;Prefeitura Municipal de Jiquiriçá - BA;2918209;BA;DCA-Anexo I-C;Padrão;Receitas Brutas Realizadas;RO1.1.1.3.00.0.0;1.1.1.3.00.0.0 - Impostos sobre a Renda e Proventos de Qualquer Natureza;385973,49;14516
2019;Prefeitura Municipal de Jiquiriçá - BA;2918209;BA;DCA-Anexo I-C;Padrão;Receitas Brutas Realizadas;RO1.1.1.3.03.0.0;1.1.1.3.03.0.0 - Imposto sobre a Renda - Retido na Fonte;385973,49;14516
2019;Prefeitura Municipal de Jiquiriçá - BA;2918209;BA;DCA-Anexo I-C;Padrão;Receitas Brutas Realizadas;RO1.1.1.3.03.1.0;1.1.1.3.03.1.0 - Imposto sobre a Renda - Retido na Fonte - Trabalho;287902,45;14516
2019;Prefeitura Municipal de Jiquiriçá - BA;2918209;BA;DCA-Anexo I-C;Padrão;Receitas Brutas Realizadas;RO1.1.1.3.03.4.0;1.1.1.3.03.4.0 - Imposto sobre a Renda - Retido na Fonte - Outros Rendimentos;98071,04;14516
2019;Prefeitura Municipal de Jiquiriçá - BA;2918209;BA;DCA-Anexo I-C;Padrão;Receitas Brutas Realizadas;RO1.1.1.8.00.0.0;1.1.1.8.00.0.0 Impostos Específicos de Estados, DF e Municípios;491799,25;14516
2019;Prefeitura Municipal de Jiquiriçá - BA;2918209;BA;DCA-Anexo I-C;Padrão;Receitas Brutas Realizadas;RO1.1.1.8.01.0.0;1.1.1.8.01.0.0 Impostos sobre o Patrimônio para Estados/DF/Municípios;189907,42;14516
2019;Prefeitura Municipal de Jiquiriçá - BA;2918209;BA;DCA-Anexo I-C;Padrão;Receitas Brutas Realizadas;RO1.1.1.8.01.1.0;1.1.1.8.01.1.0 Imposto sobre a Propriedade Predial e Territorial Urbana;165667,42;14516
2019;Prefeitura Municipal de Jiquiriçá - BA;2918209;BA;DCA-Anexo I-C;Padrão;Receitas Brutas Realizadas;RO1.1.1.8.01.4.0;1.1.1.8.01.4.0 Imposto sobre Transmissão ¿Inter Vivos¿ de Bens Imóveis e de Direitos Reais sobre Imóveis;24240,00;14516
2019;Prefeitura Municipal de Jiquiriçá - BA;2918209;BA;DCA-Anexo I-C;Padrão;Receitas Brutas Realizadas;RO1.1.1.8.02.0.0;1.1.1.8.02.0.0 Impostos sobre a Produção, Circulação de Mercadorias e Serviços;301891,83;14516
2019;Prefeitura Municipal de Jiquiriçá - BA;2918209;BA;DCA-Anexo I-C;Padrão;Receitas Brutas Realizadas;RO1.1.1.8.02.3.0;1.1.1.8.02.3.0 Imposto sobre Serviços de Qualquer Natureza;301891,83;14516
2019;Prefeitura Municipal de Jiquiriçá - BA;2918209;BA;DCA-Anexo I-C;Padrão;Receitas Brutas Realizadas;RO1.1.1.9.00.0.0;1.1.1.9.00.0.0 - Outros Impostos;1114,34;14516
2019;Prefeitura Municipal de Jiquiriçá - BA;2918209;BA;DCA-Anexo I-C;Padrão;Receitas Brutas Realizadas;RO1.1.2.0.00.0.0;1.1.2.0.00.0.0 - Taxas;134954,41;14516
2019;Prefeitura Municipal de Jiquiriçá - BA;2918209;BA;DCA-Anexo I-C;Padrão;Receitas Brutas Realizadas;RO1.1.2.8.00.0.0;1.1.2.8.00.0.0 - Taxas - Específicas de Estados, DF e Municípios;134954,41;14516
2019;Prefeitura Municipal de Jiquiriçá - BA;2918209;BA;DCA-Anexo I-C;Padrão;Receitas Brutas Realizadas;RO1.1.2.8.01.0.0;1.1.2.8.01.0.0 - Taxas de Inspeção, Controle e Fiscalização;134954,41;14516
2019;Prefeitura Municipal de Jiquiriçá - BA;2918209;BA;DCA-Anexo I-C;Padrão;Receitas Brutas Realizadas;RO1.1.2.8.01.9.0;1.1.2.8.01.9.0 - Taxas de Inspeção, Controle e Fiscalização - Outras;134954,41;14516
2019;Prefeitura Municipal de Jiquiriçá - BA;2918209;BA;DCA-Anexo I-C;Padrão;Receitas Brutas Realizadas;RO1.3.0.0.00.0.0;1.3.0.0.00.0.0 - Receita Patrimonial;16706,23;14516
2019;Prefeitura Municipal de Jiquiriçá - BA;2918209;BA;DCA-Anexo I-C;Padrão;Receitas Brutas Realizadas;RO1.3.2.0.00.0.0;1.3.2.0.00.0.0 - Valores Mobiliários;16706,23;14516
2019;Prefeitura Municipal de Jiquiriçá - BA;2918209;BA;DCA-Anexo I-C;Padrão;Receitas Brutas Realizadas;RO1.3.2.1.00.0.0;1.3.2.1.00.0.0 - Juros e Correções Monetárias;16706,23;14516
2019;Prefeitura Municipal de Jiquiriçá - BA;2918209;BA;DCA-Anexo I-C;Padrão;Receitas Brutas Realizadas;RO1.3.2.1.00.1.0;1.3.2.1.00.1.0 - Remuneração de Depósitos Bancários;16706,23;14516
2019;Prefeitura Municipal de Jiquiriçá - BA;2918209;BA;DCA-Anexo I-C;Padrão;Receitas Brutas Realizadas;RO1.6.0.0.00.0.0;1.6.0.0.00.0.0 - Receita de Serviços;49169,01;14516
2019;Prefeitura Municipal de Jiquiriçá - BA;2918209;BA;DCA-Anexo I-C;Padrão;Receitas Brutas Realizadas;RO1.6.9.0.00.0.0;1.6.9.0.00.0.0 - Outros Serviços;49169,01;14516
2019;Prefeitura Municipal de Jiquiriçá - BA;2918209;BA;DCA-Anexo I-C;Padrão;Receitas Brutas Realizadas;RO1.6.9.0.99.0.0;1.6.9.0.99.0.0 - Outros Serviços;49169,01;14516
2019;Prefeitura Municipal de Jiquiriçá - BA;2918209;BA;DCA-Anexo I-C;Padrão;Receitas Brutas Realizadas;RO1.7.0.0.00.0.0;1.7.0.0.00.0.0 - Transferências Correntes;39128500,12;14516
2019;Prefeitura Municipal de Jiquiriçá - BA;2918209;BA;DCA-Anexo I-C;Padrão;Deduções - FUNDEB;RO1.7.0.0.00.0.0;1.7.0.0.00.0.0 - Transferências Correntes;3727886,70;14516
2019;Prefeitura Municipal de Jiquiriçá - BA;2918209;BA;DCA-Anexo I-C;Padrão;Receitas Brutas Realizadas;RO1.7.1.0.00.0.0;1.7.1.0.00.0.0 - Transferências da União e de suas Entidades;25916880,61;14516
2019;Prefeitura Municipal de Jiquiriçá - BA;2918209;BA;DCA-Anexo I-C;Padrão;Deduções - FUNDEB;RO1.7.1.0.00.0.0;1.7.1.0.00.0.0 - Transferências da União e de suas Entidades;3061562,99;14516
2019;Prefeitura Municipal de Jiquiriçá - BA;2918209;BA;DCA-Anexo I-C;Padrão;Receitas Brutas Realizadas;RO1.7.1.8.00.0.0;1.7.1.8.00.0.0 Transferências da União - Específicas de Estados, DF e Municípios;25916880,61;14516
2019;Prefeitura Municipal de Jiquiriçá - BA;2918209;BA;DCA-Anexo I-C;Padrão;Deduções - FUNDEB;RO1.7.1.8.00.0.0;1.7.1.8.00.0.0 Transferências da União - Específicas de Estados, DF e Municípios;3061562,99;14516
2019;Prefeitura Municipal de Jiquiriçá - BA;2918209;BA;DCA-Anexo I-C;Padrão;Receitas Brutas Realizadas;RO1.7.1.8.01.0.0;1.7.1.8.01.0.0 Participação na Receita da União;16649782,90;14516
2019;Prefeitura Municipal de Jiquiriçá - BA;2918209;BA;DCA-Anexo I-C;Padrão;Deduções - FUNDEB;RO1.7.1.8.01.0.0;1.7.1.8.01.0.0 Participação na Receita da União;3061562,99;14516
2019;Prefeitura Municipal de Jiquiriçá - BA;2918209;BA;DCA-Anexo I-C;Padrão;Receitas Brutas Realizadas;RO1.7.1.8.01.2.0;1.7.1.8.01.2.0 Cota-Parte do Fundo de Participação dos Municípios - Cota Mensal;15266416,51;14516
2019;Prefeitura Municipal de Jiquiriçá - BA;2918209;BA;DCA-Anexo I-C;Padrão;Deduções - FUNDEB;RO1.7.1.8.01.2.0;1.7.1.8.01.2.0 Cota-Parte do Fundo de Participação dos Municípios - Cota Mensal;3053283,06;14516
2019;Prefeitura Municipal de Jiquiriçá - BA;2918209;BA;DCA-Anexo I-C;Padrão;Receitas Brutas Realizadas;RO1.7.1.8.01.3.0;1.7.1.8.01.3.0 Cota-Parte do Fundo de Participação do Municípios ¿ 1% Cota entregue no mês de dezembro;673404,59;14516
2019;Prefeitura Municipal de Jiquiriçá - BA;2918209;BA;DCA-Anexo I-C;Padrão;Receitas Brutas Realizadas;RO1.7.1.8.01.4.0;1.7.1.8.01.4.0 Cota-Parte do Fundo de Participação dos Municípios - 1% Cota entregue no mês de julho;649010,50;14516
2019;Prefeitura Municipal de Jiquiriçá - BA;2918209;BA;DCA-Anexo I-C;Padrão;Receitas Brutas Realizadas;RO1.7.1.8.01.5.0;1.7.1.8.01.5.0 Cota-Parte do Imposto Sobre a Propriedade Territorial Rural;3046,20;14516
2019;Prefeitura Municipal de Jiquiriçá - BA;2918209;BA;DCA-Anexo I-C;Padrão;Deduções - FUNDEB;RO1.7.1.8.01.5.0;1.7.1.8.01.5.0 Cota-Parte do Imposto Sobre a Propriedade Territorial Rural;8279,93;14516
2019;Prefeitura Municipal de Jiquiriçá - BA;2918209;BA;DCA-Anexo I-C;Padrão;Receitas Brutas Realizadas;RO1.7.1.8.01.6.0;1.7.1.8.01.6.0 Cota-Parte do Imposto Sobre Produtos Industrializados ¿ Estados Exportadores de Produtos Industrializados;40767,87;14516
2019;Prefeitura Municipal de Jiquiriçá - BA;2918209;BA;DCA-Anexo I-C;Padrão;Receitas Brutas Realizadas;RO1.7.1.8.01.7.0;1.7.1.8.01.7.0 Cota-Parte da Contribuição de Intervenção no Domínio Econômico;17137,23;14516
2019;Prefeitura Municipal de Jiquiriçá - BA;2918209;BA;DCA-Anexo I-C;Padrão;Receitas Brutas Realizadas;RO1.7.1.8.02.0.0;1.7.1.8.02.0.0 Transferência da Compensação Financeira pela Exploração de Recursos Naturais;254207,84;14516
2019;Prefeitura Municipal de Jiquiriçá - BA;2918209;BA;DCA-Anexo I-C;Padrão;Receitas Brutas Realizadas;RO1.7.1.8.02.2.0;1.7.1.8.02.2.0 Cota-parte da Compensação Financeira de Recursos Minerais - CFEM;5898,48;14516
2019;Prefeitura Municipal de Jiquiriçá - BA;2918209;BA;DCA-Anexo I-C;Padrão;Receitas Brutas Realizadas;RO1.7.1.8.02.5.0;1.7.1.8.02.5.0 Cota-parte Royalties pela Participação Especial ¿ Lei nº 9.478/97, artigo 50;13025,49;14516
2019;Prefeitura Municipal de Jiquiriçá - BA;2918209;BA;DCA-Anexo I-C;Padrão;Receitas Brutas Realizadas;RO1.7.1.8.02.6.0;1.7.1.8.02.6.0 Cota-Parte do Fundo Especial do Petróleo ¿ FEP;235283,87;14516
2019;Prefeitura Municipal de Jiquiriçá - BA;2918209;BA;DCA-Anexo I-C;Padrão;Receitas Brutas Realizadas;RO1.7.1.8.03.0.0;"1.7.1.8.03.0.0 Transferência de Recursos do Sistema Único de Saúde ¿ 
 SUS ¿ Bloco Custeio das Ações e Serviços Públicos de Saúde";4220288,92;14516
2019;Prefeitura Municipal de Jiquiriçá - BA;2918209;BA;DCA-Anexo I-C;Padrão;Receitas Brutas Realizadas;RO1.7.1.8.03.1.0;1.7.1.8.03.1.0 - Transferência de Recursos do SUS ¿ Atenção Básica;3457837,18;14516
2019;Prefeitura Municipal de Jiquiriçá - BA;2918209;BA;DCA-Anexo I-C;Padrão;Receitas Brutas Realizadas;RO1.7.1.8.03.2.0;1.7.1.8.03.2.0 - Transferência de Recursos do SUS ¿ Atenção de Média e Alta Complexidade Ambulatorial e Hospitalar;549790,12;14516
2019;Prefeitura Municipal de Jiquiriçá - BA;2918209;BA;DCA-Anexo I-C;Padrão;Receitas Brutas Realizadas;RO1.7.1.8.03.3.0;1.7.1.8.03.3.0 - Transferência de Recursos do SUS ¿ Vigilância em Saúde;117573,40;14516
2019;Prefeitura Municipal de Jiquiriçá - BA;2918209;BA;DCA-Anexo I-C;Padrão;Receitas Brutas Realizadas;RO1.7.1.8.03.4.0;1.7.1.8.03.4.0 - Transferência de Recursos do SUS ¿ Assistência Farmacêutica;95088,22;14516
2019;Prefeitura Municipal de Jiquiriçá - BA;2918209;BA;DCA-Anexo I-C;Padrão;Receitas Brutas Realizadas;RO1.7.1.8.05.0.0;1.7.1.8.05.0.0 Transferências de Recursos do Fundo Nacional do Desenvolvimento da Educação ¿ FNDE;1022614,98;14516
2019;Prefeitura Municipal de Jiquiriçá - BA;2918209;BA;DCA-Anexo I-C;Padrão;Receitas Brutas Realizadas;RO1.7.1.8.05.1.0;1.7.1.8.05.1.0 Transferências do Salário-Educação;409581,47;14516
2019;Prefeitura Municipal de Jiquiriçá - BA;2918209;BA;DCA-Anexo I-C;Padrão;Receitas Brutas Realizadas;RO1.7.1.8.05.2.0;1.7.1.8.05.2.0 Transferências Diretas do FNDE referentes ao Programa Dinheiro Direto na Escola ¿ PDDE;5340,00;14516
2019;Prefeitura Municipal de Jiquiriçá - BA;2918209;BA;DCA-Anexo I-C;Padrão;Receitas Brutas Realizadas;RO1.7.1.8.05.3.0;1.7.1.8.05.3.0 Transferências Diretas do FNDE referentes ao Programa Nacional de Alimentação Escolar ¿ PNAE;318703,00;14516
2019;Prefeitura Municipal de Jiquiriçá - BA;2918209;BA;DCA-Anexo I-C;Padrão;Receitas Brutas Realizadas;RO1.7.1.8.05.4.0;1.7.1.8.05.4.0 Transferências Diretas do FNDE referentes ao Programa Nacional de Apoio ao Transporte do Escolar ¿ PNATE;287910,00;14516
2019;Prefeitura Municipal de Jiquiriçá - BA;2918209;BA;DCA-Anexo I-C;Padrão;Receitas Brutas Realizadas;RO1.7.1.8.05.9.0;1.7.1.8.05.9.0 Outras Transferências Diretas do Fundo Nacional do Desenvolvimento da Educação ¿ FNDE;1080,51;14516
2019;Prefeitura Municipal de Jiquiriçá - BA;2918209;BA;DCA-Anexo I-C;Padrão;Receitas Brutas Realizadas;RO1.7.1.8.09.0.0;1.7.1.8.09.0.0 - Transferências de Recursos de Complementação da União ao Fundo de Manutenção e Desenvolvimento da Educação Básica e de Valorização dos Profissionais da Educação ¿ FUNDEB;2559747,09;14516
2019;Prefeitura Municipal de Jiquiriçá - BA;2918209;BA;DCA-Anexo I-C;Padrão;Receitas Brutas Realizadas;RO1.7.1.8.10.0.0;1.7.1.8.10.0.0 Transferências de Convênios da União e de Suas Entidades;97500,00;14516
2019;Prefeitura Municipal de Jiquiriçá - BA;2918209;BA;DCA-Anexo I-C;Padrão;Receitas Brutas Realizadas;RO1.7.1.8.10.9.0;1.7.1.8.10.9.0 Outras Transferências de Convênios da União;97500,00;14516
2019;Prefeitura Municipal de Jiquiriçá - BA;2918209;BA;DCA-Anexo I-C;Padrão;Receitas Brutas Realizadas;RO1.7.1.8.12.0.0;1.7.1.8.12.0.0 - Transferências de Recursos do Fundo Nacional de Assistência Social ¿ FNAS;313705,24;14516
2019;Prefeitura Municipal de Jiquiriçá - BA;2918209;BA;DCA-Anexo I-C;Padrão;Receitas Brutas Realizadas;RO1.7.1.8.99.0.0;1.7.1.8.99.0.0 Outras Transferências da União;799033,64;14516
2019;Prefeitura Municipal de Jiquiriçá - BA;2918209;BA;DCA-Anexo I-C;Padrão;Receitas Brutas Realizadas;RO1.7.2.0.00.0.0;1.7.2.0.00.0.0 - Transferências dos Estados e do Distrito Federal e de suas Entidades;4431168,33;14516
2019;Prefeitura Municipal de Jiquiriçá - BA;2918209;BA;DCA-Anexo I-C;Padrão;Deduções - FUNDEB;RO1.7.2.0.00.0.0;1.7.2.0.00.0.0 - Transferências dos Estados e do Distrito Federal e de suas Entidades;666323,71;14516
2019;Prefeitura Municipal de Jiquiriçá - BA;2918209;BA;DCA-Anexo I-C;Padrão;Receitas Brutas Realizadas;RO1.7.2.8.00.0.0;1.7.2.8.00.0.0 Transferências dos Estados - Específicas de Estados, DF e Municípios;4431168,33;14516
2019;Prefeitura Municipal de Jiquiriçá - BA;2918209;BA;DCA-Anexo I-C;Padrão;Deduções - FUNDEB;RO1.7.2.8.00.0.0;1.7.2.8.00.0.0 Transferências dos Estados - Específicas de Estados, DF e Municípios;666323,71;14516
2019;Prefeitura Municipal de Jiquiriçá - BA;2918209;BA;DCA-Anexo I-C;Padrão;Receitas Brutas Realizadas;RO1.7.2.8.01.0.0;1.7.2.8.01.0.0 Participação na Receita dos Estados;3803046,03;14516
2019;Prefeitura Municipal de Jiquiriçá - BA;2918209;BA;DCA-Anexo I-C;Padrão;Deduções - FUNDEB;RO1.7.2.8.01.0.0;1.7.2.8.01.0.0 Participação na Receita dos Estados;666323,71;14516
2019;Prefeitura Municipal de Jiquiriçá - BA;2918209;BA;DCA-Anexo I-C;Padrão;Receitas Brutas Realizadas;RO1.7.2.8.01.1.0;1.7.2.8.01.1.0 Cota-Parte do ICMS;3045732,89;14516
2019;Prefeitura Municipal de Jiquiriçá - BA;2918209;BA;DCA-Anexo I-C;Padrão;Deduções - FUNDEB;RO1.7.2.8.01.1.0;1.7.2.8.01.1.0 Cota-Parte do ICMS;609146,36;14516
2019;Prefeitura Municipal de Jiquiriçá - BA;2918209;BA;DCA-Anexo I-C;Padrão;Receitas Brutas Realizadas;RO1.7.2.8.01.2.0;1.7.2.8.01.2.0 Cota-Parte do IPVA;285891,04;14516
2019;Prefeitura Municipal de Jiquiriçá - BA;2918209;BA;DCA-Anexo I-C;Padrão;Deduções - FUNDEB;RO1.7.2.8.01.2.0;1.7.2.8.01.2.0 Cota-Parte do IPVA;57177,35;14516
2019;Prefeitura Municipal de Jiquiriçá - BA;2918209;BA;DCA-Anexo I-C;Padrão;Receitas Brutas Realizadas;RO1.7.2.8.01.3.0;1.7.2.8.01.3.0 Cota-Parte do IPI - Municípios;21741,55;14516
2019;Prefeitura Municipal de Jiquiriçá - BA;2918209;BA;DCA-Anexo I-C;Padrão;Receitas Brutas Realizadas;RO1.7.2.8.01.9.0;1.7.2.8.01.9.0 Outras Transferências dos Estados;449680,55;14516
2019;Prefeitura Municipal de Jiquiriçá - BA;2918209;BA;DCA-Anexo I-C;Padrão;Receitas Brutas Realizadas;RO1.7.2.8.10.0.0;1.7.2.8.10.0.0 Transferência de Convênios dos Estados e do Distrito Federal e de Suas Entidades;250522,30;14516
2019;Prefeitura Municipal de Jiquiriçá - BA;2918209;BA;DCA-Anexo I-C;Padrão;Receitas Brutas Realizadas;RO1.7.2.8.10.9.0;1.7.2.8.10.9.0 Outras Transferências de Convênio dos Estados;250522,30;14516
2019;Prefeitura Municipal de Jiquiriçá - BA;2918209;BA;DCA-Anexo I-C;Padrão;Receitas Brutas Realizadas;RO1.7.2.8.99.0.0;1.7.2.8.99.0.0 Outras Transferências dos Estados;377600,00;14516
2019;Prefeitura Municipal de Jiquiriçá - BA;2918209;BA;DCA-Anexo I-C;Padrão;Receitas Brutas Realizadas;RO1.7.5.0.00.0.0;1.7.5.0.00.0.0 - Transferências de Outras Instituições Públicas;8780451,18;14516
2019;Prefeitura Municipal de Jiquiriçá - BA;2918209;BA;DCA-Anexo I-C;Padrão;Receitas Brutas Realizadas;RO1.7.5.8.00.0.0;1.7.5.8.00.0.0 Transferências de Outras Instituições Públicas - Específicas de Estados, DF e Municípios;8780451,18;14516
2019;Prefeitura Municipal de Jiquiriçá - BA;2918209;BA;DCA-Anexo I-C;Padrão;Receitas Brutas Realizadas;RO1.7.5.8.01.0.0;1.7.5.8.01.0.0 Transferências de Recursos do Fundo de Manutenção e Desenvolvimento da Educação Básica e de Valorização dos Profissionais da Educação ¿ FUNDEB;8780451,18;14516
2019;Prefeitura Municipal de Jiquiriçá - BA;2918209;BA;DCA-Anexo I-C;Padrão;Receitas Brutas Realizadas;RO1.9.0.0.00.0.0;1.9.0.0.00.0.0 - Outras Receitas Correntes;52402,88;14516
2019;Prefeitura Municipal de Jiquiriçá - BA;2918209;BA;DCA-Anexo I-C;Padrão;Receitas Brutas Realizadas;RO1.9.9.0.00.0.0;1.9.9.0.00.0.0 - Demais Receitas Correntes;52402,88;14516
2019;Prefeitura Municipal de Jiquiriçá - BA;2918209;BA;DCA-Anexo I-C;Padrão;Receitas Brutas Realizadas;RO1.9.9.0.99.0.0;1.9.9.0.99.0.0 - Outras Receitas;52402,88;14516
2019;Prefeitura Municipal de Jiquiriçá - BA;2918209;BA;DCA-Anexo I-C;Padrão;Receitas Brutas Realizadas;RO1.9.9.0.99.1.0;1.9.9.0.99.1.0 - Outras Receitas - Primárias;52402,88;14516
2019;Prefeitura Municipal de Jiquiriçá - BA;2918209;BA;DCA-Anexo I-C;Padrão;Receitas Brutas Realizadas;RO2.0.0.0.00.0.0;2.0.0.0.00.0.0 - Receitas de Capital;181566,77;14516
2019;Prefeitura Municipal de Jiquiriçá - BA;2918209;BA;DCA-Anexo I-C;Padrão;Receitas Brutas Realizadas;RO2.2.0.0.00.0.0;2.2.0.0.00.0.0 - Alienação de Bens;20150,00;14516
2019;Prefeitura Municipal de Jiquiriçá - BA;2918209;BA;DCA-Anexo I-C;Padrão;Receitas Brutas Realizadas;RO2.2.1.0.00.0.0;2.2.1.0.00.0.0 - Alienação de Bens Móveis;20150,00;14516
2019;Prefeitura Municipal de Jiquiriçá - BA;2918209;BA;DCA-Anexo I-C;Padrão;Receitas Brutas Realizadas;RO2.2.1.3.00.0.0;2.2.1.3.00.0.0 Alienação de Bens Móveis e Semoventes;20150,00;14516
2019;Prefeitura Municipal de Jiquiriçá - BA;2918209;BA;DCA-Anexo I-C;Padrão;Receitas Brutas Realizadas;RO2.4.0.0.00.0.0;2.4.0.0.00.0.0 - Transferências de Capital;161416,77;14516
2019;Prefeitura Municipal de Jiquiriçá - BA;2918209;BA;DCA-Anexo I-C;Padrão;Receitas Brutas Realizadas;RO2.4.1.0.00.0.0;2.4.1.0.00.0.0 - Transferências da União e de suas Entidades;2589,73;14516
2019;Prefeitura Municipal de Jiquiriçá - BA;2918209;BA;DCA-Anexo I-C;Padrão;Receitas Brutas Realizadas;RO2.4.1.8.00.0.0;2.4.1.8.00.0.0 Transferências da União - Específicas de Estados, DF e Municípios;2589,73;14516
2019;Prefeitura Municipal de Jiquiriçá - BA;2918209;BA;DCA-Anexo I-C;Padrão;Receitas Brutas Realizadas;RO2.4.1.8.99.0.0;2.4.1.8.99.0.0 Outras Transferências da União;2589,73;14516
2019;Prefeitura Municipal de Jiquiriçá - BA;2918209;BA;DCA-Anexo I-C;Padrão;Receitas Brutas Realizadas;RO2.4.2.0.00.0.0;2.4.2.0.00.0.0 - Transferências dos Estados e do Distrito Federal e de suas Entidades;158827,04;14516
2019;Prefeitura Municipal de Jiquiriçá - BA;2918209;BA;DCA-Anexo I-C;Padrão;Receitas Brutas Realizadas;RO2.4.2.8.00.0.0;2.4.2.8.00.0.0 Transferências dos Estados, Distrito Federal, e de suas Entidades;158827,04;14516
2019;Prefeitura Municipal de Jiquiriçá - BA;2918209;BA;DCA-Anexo I-C;Padrão;Receitas Brutas Realizadas;RO2.4.2.8.10.0.0;2.4.2.8.10.0.0 Transferências de Convênios dos Estados e do Distrito Federal e de suas Entidades;158827,04;14516
2019;Prefeitura Municipal de Jiquiriçá - BA;2918209;BA;DCA-Anexo I-C;Padrão;Receitas Brutas Realizadas;RO2.4.2.8.10.9.0;2.4.2.8.10.9.0 - Outras Transferências de Convênio dos Estados;158827,04;14516
2019;Prefeitura Municipal de Jiquiriçá - BA;2918209;BA;DCA-Anexo I-C;Padrão;Receitas Brutas Realizadas;TotalReceitas;TOTAL DAS RECEITAS (III) = (I + II);40442186,50;14516
2019;Prefeitura Municipal de Jiquiriçá - BA;2918209;BA;DCA-Anexo I-C;Padrão;Deduções - FUNDEB;TotalReceitas;TOTAL DAS RECEITAS (III) = (I + II);3727886,70;14516
2020;Prefeitura Municipal de Jiquiriçá - BA;2918209;BA;DCA-Anexo I-C;Padrão;Receitas Brutas Realizadas;ReceitasExcetoIntraOrcamentarias;RECEITAS (EXCETO INTRA-ORÇAMENTÁRIAS) (I);50055522,02;14537
2020;Prefeitura Municipal de Jiquiriçá - BA;2918209;BA;DCA-Anexo I-C;Padrão;Deduções - FUNDEB;ReceitasExcetoIntraOrcamentarias;RECEITAS (EXCETO INTRA-ORÇAMENTÁRIAS) (I);3535522,87;14537
2020;Prefeitura Municipal de Jiquiriçá - BA;2918209;BA;DCA-Anexo I-C;Padrão;Receitas Brutas Realizadas;RO1.0.0.0.00.0.0;1.0.0.0.00.0.0 - Receitas Correntes;46078256,92;14537
2020;Prefeitura Municipal de Jiquiriçá - BA;2918209;BA;DCA-Anexo I-C;Padrão;Deduções - FUNDEB;RO1.0.0.0.00.0.0;1.0.0.0.00.0.0 - Receitas Correntes;3535522,87;14537
2020;Prefeitura Municipal de Jiquiriçá - BA;2918209;BA;DCA-Anexo I-C;Padrão;Receitas Brutas Realizadas;RO1.1.0.0.00.0.0;1.1.0.0.00.0.0 - Impostos, Taxas e Contribuições de Melhoria;1059315,27;14537
2020;Prefeitura Municipal de Jiquiriçá - BA;2918209;BA;DCA-Anexo I-C;Padrão;Receitas Brutas Realizadas;RO1.1.1.0.00.0.0;1.1.1.0.00.0.0 - Impostos;995498,98;14537
2020;Prefeitura Municipal de Jiquiriçá - BA;2918209;BA;DCA-Anexo I-C;Padrão;Receitas Brutas Realizadas;RO1.1.1.3.00.0.0;1.1.1.3.00.0.0 - Impostos sobre a Renda e Proventos de Qualquer Natureza;466127,83;14537
2020;Prefeitura Municipal de Jiquiriçá - BA;2918209;BA;DCA-Anexo I-C;Padrão;Receitas Brutas Realizadas;RO1.1.1.3.03.0.0;1.1.1.3.03.0.0 - Imposto sobre a Renda - Retido na Fonte;466127,83;14537
2020;Prefeitura Municipal de Jiquiriçá - BA;2918209;BA;DCA-Anexo I-C;Padrão;Receitas Brutas Realizadas;RO1.1.1.3.03.1.0;1.1.1.3.03.1.0 - Imposto sobre a Renda - Retido na Fonte - Trabalho;348183,28;14537
2020;Prefeitura Municipal de Jiquiriçá - BA;2918209;BA;DCA-Anexo I-C;Padrão;Receitas Brutas Realizadas;RO1.1.1.3.03.4.0;1.1.1.3.03.4.0 - Imposto sobre a Renda - Retido na Fonte - Outros Rendimentos;117944,55;14537
2020;Prefeitura Municipal de Jiquiriçá - BA;2918209;BA;DCA-Anexo I-C;Padrão;Receitas Brutas Realizadas;RO1.1.1.8.00.0.0;1.1.1.8.00.0.0 Impostos Específicos de Estados, DF e Municípios;529371,15;14537
2020;Prefeitura Municipal de Jiquiriçá - BA;2918209;BA;DCA-Anexo I-C;Padrão;Receitas Brutas Realizadas;RO1.1.1.8.01.0.0;1.1.1.8.01.0.0 Impostos sobre o Patrimônio para Estados/DF/Municípios;220807,04;14537
2020;Prefeitura Municipal de Jiquiriçá - BA;2918209;BA;DCA-Anexo I-C;Padrão;Receitas Brutas Realizadas;RO1.1.1.8.01.1.0;1.1.1.8.01.1.0 Imposto sobre a Propriedade Predial e Territorial Urbana;200554,07;14537
2020;Prefeitura Municipal de Jiquiriçá - BA;2918209;BA;DCA-Anexo I-C;Padrão;Receitas Brutas Realizadas;RO1.1.1.8.01.4.0;1.1.1.8.01.4.0 Imposto sobre Transmissão ¿Inter Vivos¿ de Bens Imóveis e de Direitos Reais sobre Imóveis;20252,97;14537
2020;Prefeitura Municipal de Jiquiriçá - BA;2918209;BA;DCA-Anexo I-C;Padrão;Receitas Brutas Realizadas;RO1.1.1.8.02.0.0;1.1.1.8.02.0.0 Impostos sobre a Produção, Circulação de Mercadorias e Serviços;308564,11;14537
2020;Prefeitura Municipal de Jiquiriçá - BA;2918209;BA;DCA-Anexo I-C;Padrão;Receitas Brutas Realizadas;RO1.1.1.8.02.1.0;1.1.1.8.02.1.0 Imposto sobre Operações Relativas à Circulação de Mercadorias e sobre Prestações de Serviços de Transporte Interestadual e Intermunicipal e de Comunicação;308564,11;14537
2020;Prefeitura Municipal de Jiquiriçá - BA;2918209;BA;DCA-Anexo I-C;Padrão;Receitas Brutas Realizadas;RO1.1.2.0.00.0.0;1.1.2.0.00.0.0 - Taxas;63816,29;14537
2020;Prefeitura Municipal de Jiquiriçá - BA;2918209;BA;DCA-Anexo I-C;Padrão;Receitas Brutas Realizadas;RO1.1.2.1.00.0.0;1.1.2.1.00.0.0 - Taxas pelo Exercício do Poder de Polícia;63816,29;14537
2020;Prefeitura Municipal de Jiquiriçá - BA;2918209;BA;DCA-Anexo I-C;Padrão;Receitas Brutas Realizadas;RO1.1.2.1.01.0.0;1.1.2.1.01.0.0 - Taxas de Inspeção, Controle e Fiscalização;63816,29;14537
2020;Prefeitura Municipal de Jiquiriçá - BA;2918209;BA;DCA-Anexo I-C;Padrão;Receitas Brutas Realizadas;RO1.2.0.0.00.0.0;1.2.0.0.00.0.0 - Contribuições;10233,28;14537
2020;Prefeitura Municipal de Jiquiriçá - BA;2918209;BA;DCA-Anexo I-C;Padrão;Receitas Brutas Realizadas;RO1.2.4.0.00.0.0;1.2.4.0.00.0.0 - Contribuição para o Custeio do Serviço de Iluminação Pública;10233,28;14537
2020;Prefeitura Municipal de Jiquiriçá - BA;2918209;BA;DCA-Anexo I-C;Padrão;Receitas Brutas Realizadas;RO1.3.0.0.00.0.0;1.3.0.0.00.0.0 - Receita Patrimonial;9585,77;14537
2020;Prefeitura Municipal de Jiquiriçá - BA;2918209;BA;DCA-Anexo I-C;Padrão;Receitas Brutas Realizadas;RO1.3.2.0.00.0.0;1.3.2.0.00.0.0 - Valores Mobiliários;9585,77;14537
2020;Prefeitura Municipal de Jiquiriçá - BA;2918209;BA;DCA-Anexo I-C;Padrão;Receitas Brutas Realizadas;RO1.3.2.1.00.0.0;1.3.2.1.00.0.0 - Juros e Correções Monetárias;9585,77;14537
2020;Prefeitura Municipal de Jiquiriçá - BA;2918209;BA;DCA-Anexo I-C;Padrão;Receitas Brutas Realizadas;RO1.3.2.1.00.1.0;1.3.2.1.00.1.0 - Remuneração de Depósitos Bancários;9585,77;14537
2020;Prefeitura Municipal de Jiquiriçá - BA;2918209;BA;DCA-Anexo I-C;Padrão;Receitas Brutas Realizadas;RO1.6.0.0.00.0.0;1.6.0.0.00.0.0 - Receita de Serviços;50455,50;14537
2020;Prefeitura Municipal de Jiquiriçá - BA;2918209;BA;DCA-Anexo I-C;Padrão;Receitas Brutas Realizadas;RO1.6.1.0.00.0.0;1.6.1.0.00.0.0 - Serviços Administrativos e Comerciais Gerais;50455,50;14537
2020;Prefeitura Municipal de Jiquiriçá - BA;2918209;BA;DCA-Anexo I-C;Padrão;Receitas Brutas Realizadas;RO1.6.1.0.01.0.0;1.6.1.0.01.0.0 - Serviços Administrativos e Comerciais Gerais;50455,50;14537
2020;Prefeitura Municipal de Jiquiriçá - BA;2918209;BA;DCA-Anexo I-C;Padrão;Receitas Brutas Realizadas;RO1.7.0.0.00.0.0;1.7.0.0.00.0.0 - Transferências Correntes;44915204,82;14537
2020;Prefeitura Municipal de Jiquiriçá - BA;2918209;BA;DCA-Anexo I-C;Padrão;Deduções - FUNDEB;RO1.7.0.0.00.0.0;1.7.0.0.00.0.0 - Transferências Correntes;3535522,87;14537
2020;Prefeitura Municipal de Jiquiriçá - BA;2918209;BA;DCA-Anexo I-C;Padrão;Receitas Brutas Realizadas;RO1.7.1.0.00.0.0;1.7.1.0.00.0.0 - Transferências da União e de suas Entidades;30634444,31;14537
2020;Prefeitura Municipal de Jiquiriçá - BA;2918209;BA;DCA-Anexo I-C;Padrão;Deduções - FUNDEB;RO1.7.1.0.00.0.0;1.7.1.0.00.0.0 - Transferências da União e de suas Entidades;2935817,45;14537
2020;Prefeitura Municipal de Jiquiriçá - BA;2918209;BA;DCA-Anexo I-C;Padrão;Receitas Brutas Realizadas;RO1.7.1.8.00.0.0;1.7.1.8.00.0.0 Transferências da União - Específicas de Estados, DF e Municípios;30634444,31;14537
2020;Prefeitura Municipal de Jiquiriçá - BA;2918209;BA;DCA-Anexo I-C;Padrão;Deduções - FUNDEB;RO1.7.1.8.00.0.0;1.7.1.8.00.0.0 Transferências da União - Específicas de Estados, DF e Municípios;2935817,45;14537
2020;Prefeitura Municipal de Jiquiriçá - BA;2918209;BA;DCA-Anexo I-C;Padrão;Receitas Brutas Realizadas;RO1.7.1.8.01.0.0;1.7.1.8.01.0.0 Participação na Receita da União;15888406,88;14537
2020;Prefeitura Municipal de Jiquiriçá - BA;2918209;BA;DCA-Anexo I-C;Padrão;Deduções - FUNDEB;RO1.7.1.8.01.0.0;1.7.1.8.01.0.0 Participação na Receita da União;2935817,45;14537
2020;Prefeitura Municipal de Jiquiriçá - BA;2918209;BA;DCA-Anexo I-C;Padrão;Receitas Brutas Realizadas;RO1.7.1.8.01.2.0;1.7.1.8.01.2.0 Cota-Parte do Fundo de Participação dos Municípios - Cota Mensal;15884149,56;14537
2020;Prefeitura Municipal de Jiquiriçá - BA;2918209;BA;DCA-Anexo I-C;Padrão;Deduções - FUNDEB;RO1.7.1.8.01.2.0;1.7.1.8.01.2.0 Cota-Parte do Fundo de Participação dos Municípios - Cota Mensal;2914219,30;14537
2020;Prefeitura Municipal de Jiquiriçá - BA;2918209;BA;DCA-Anexo I-C;Padrão;Receitas Brutas Realizadas;RO1.7.1.8.01.5.0;1.7.1.8.01.5.0 Cota-Parte do Imposto Sobre a Propriedade Territorial Rural;4257,32;14537
2020;Prefeitura Municipal de Jiquiriçá - BA;2918209;BA;DCA-Anexo I-C;Padrão;Deduções - FUNDEB;RO1.7.1.8.01.5.0;1.7.1.8.01.5.0 Cota-Parte do Imposto Sobre a Propriedade Territorial Rural;21598,15;14537
2020;Prefeitura Municipal de Jiquiriçá - BA;2918209;BA;DCA-Anexo I-C;Padrão;Receitas Brutas Realizadas;RO1.7.1.8.02.0.0;1.7.1.8.02.0.0 Transferência da Compensação Financeira pela Exploração de Recursos Naturais;243632,77;14537
2020;Prefeitura Municipal de Jiquiriçá - BA;2918209;BA;DCA-Anexo I-C;Padrão;Receitas Brutas Realizadas;RO1.7.1.8.02.2.0;1.7.1.8.02.2.0 Cota-parte da Compensação Financeira de Recursos Minerais - CFEM;1,02;14537
2020;Prefeitura Municipal de Jiquiriçá - BA;2918209;BA;DCA-Anexo I-C;Padrão;Receitas Brutas Realizadas;RO1.7.1.8.02.5.0;1.7.1.8.02.5.0 Cota-parte Royalties pela Participação Especial ¿ Lei nº 9.478/97, artigo 50;9242,80;14537
2020;Prefeitura Municipal de Jiquiriçá - BA;2918209;BA;DCA-Anexo I-C;Padrão;Receitas Brutas Realizadas;RO1.7.1.8.02.6.0;1.7.1.8.02.6.0 Cota-Parte do Fundo Especial do Petróleo ¿ FEP;234388,95;14537
2020;Prefeitura Municipal de Jiquiriçá - BA;2918209;BA;DCA-Anexo I-C;Padrão;Receitas Brutas Realizadas;RO1.7.1.8.03.0.0;"1.7.1.8.03.0.0 Transferência de Recursos do Sistema Único de Saúde ¿ 
 SUS ¿ Bloco Custeio das Ações e Serviços Públicos de Saúde";6562270,45;14537
2020;Prefeitura Municipal de Jiquiriçá - BA;2918209;BA;DCA-Anexo I-C;Padrão;Receitas Brutas Realizadas;RO1.7.1.8.03.1.0;1.7.1.8.03.1.0 - Transferência de Recursos do SUS ¿ Atenção Básica;6562270,45;14537
2020;Prefeitura Municipal de Jiquiriçá - BA;2918209;BA;DCA-Anexo I-C;Padrão;Receitas Brutas Realizadas;RO1.7.1.8.05.0.0;1.7.1.8.05.0.0 Transferências de Recursos do Fundo Nacional do Desenvolvimento da Educação ¿ FNDE;1196520,54;14537
2020;Prefeitura Municipal de Jiquiriçá - BA;2918209;BA;DCA-Anexo I-C;Padrão;Receitas Brutas Realizadas;RO1.7.1.8.05.1.0;1.7.1.8.05.1.0 Transferências do Salário-Educação;406024,83;14537
2020;Prefeitura Municipal de Jiquiriçá - BA;2918209;BA;DCA-Anexo I-C;Padrão;Receitas Brutas Realizadas;RO1.7.1.8.05.2.0;1.7.1.8.05.2.0 Transferências Diretas do FNDE referentes ao Programa Dinheiro Direto na Escola ¿ PDDE;4680,00;14537
2020;Prefeitura Municipal de Jiquiriçá - BA;2918209;BA;DCA-Anexo I-C;Padrão;Receitas Brutas Realizadas;RO1.7.1.8.05.3.0;1.7.1.8.05.3.0 Transferências Diretas do FNDE referentes ao Programa Nacional de Alimentação Escolar ¿ PNAE;398147,20;14537
2020;Prefeitura Municipal de Jiquiriçá - BA;2918209;BA;DCA-Anexo I-C;Padrão;Receitas Brutas Realizadas;RO1.7.1.8.05.4.0;1.7.1.8.05.4.0 Transferências Diretas do FNDE referentes ao Programa Nacional de Apoio ao Transporte do Escolar ¿ PNATE;384517,27;14537
2020;Prefeitura Municipal de Jiquiriçá - BA;2918209;BA;DCA-Anexo I-C;Padrão;Receitas Brutas Realizadas;RO1.7.1.8.05.9.0;1.7.1.8.05.9.0 Outras Transferências Diretas do Fundo Nacional do Desenvolvimento da Educação ¿ FNDE;3151,24;14537
2020;Prefeitura Municipal de Jiquiriçá - BA;2918209;BA;DCA-Anexo I-C;Padrão;Receitas Brutas Realizadas;RO1.7.1.8.09.0.0;1.7.1.8.09.0.0 - Transferências de Recursos de Complementação da União ao Fundo de Manutenção e Desenvolvimento da Educação Básica e de Valorização dos Profissionais da Educação ¿ FUNDEB;3384874,09;14537
2020;Prefeitura Municipal de Jiquiriçá - BA;2918209;BA;DCA-Anexo I-C;Padrão;Receitas Brutas Realizadas;RO1.7.1.8.10.0.0;1.7.1.8.10.0.0 Transferências de Convênios da União e de Suas Entidades;518638,94;14537
2020;Prefeitura Municipal de Jiquiriçá - BA;2918209;BA;DCA-Anexo I-C;Padrão;Receitas Brutas Realizadas;RO1.7.1.8.10.9.0;1.7.1.8.10.9.0 Outras Transferências de Convênios da União;518638,94;14537
2020;Prefeitura Municipal de Jiquiriçá - BA;2918209;BA;DCA-Anexo I-C;Padrão;Receitas Brutas Realizadas;RO1.7.1.8.12.0.0;1.7.1.8.12.0.0 - Transferências de Recursos do Fundo Nacional de Assistência Social ¿ FNAS;369840,32;14537
2020;Prefeitura Municipal de Jiquiriçá - BA;2918209;BA;DCA-Anexo I-C;Padrão;Receitas Brutas Realizadas;RO1.7.1.8.99.0.0;1.7.1.8.99.0.0 Outras Transferências da União;2470260,32;14537
2020;Prefeitura Municipal de Jiquiriçá - BA;2918209;BA;DCA-Anexo I-C;Padrão;Receitas Brutas Realizadas;RO1.7.2.0.00.0.0;1.7.2.0.00.0.0 - Transferências dos Estados e do Distrito Federal e de suas Entidades;3568440,49;14537
2020;Prefeitura Municipal de Jiquiriçá - BA;2918209;BA;DCA-Anexo I-C;Padrão;Deduções - FUNDEB;RO1.7.2.0.00.0.0;1.7.2.0.00.0.0 - Transferências dos Estados e do Distrito Federal e de suas Entidades;599705,42;14537
2020;Prefeitura Municipal de Jiquiriçá - BA;2918209;BA;DCA-Anexo I-C;Padrão;Receitas Brutas Realizadas;RO1.7.2.8.00.0.0;1.7.2.8.00.0.0 Transferências dos Estados - Específicas de Estados, DF e Municípios;3568440,49;14537
2020;Prefeitura Municipal de Jiquiriçá - BA;2918209;BA;DCA-Anexo I-C;Padrão;Deduções - FUNDEB;RO1.7.2.8.00.0.0;1.7.2.8.00.0.0 Transferências dos Estados - Específicas de Estados, DF e Municípios;599705,42;14537
2020;Prefeitura Municipal de Jiquiriçá - BA;2918209;BA;DCA-Anexo I-C;Padrão;Receitas Brutas Realizadas;RO1.7.2.8.01.0.0;1.7.2.8.01.0.0 Participação na Receita dos Estados;3498440,49;14537
2020;Prefeitura Municipal de Jiquiriçá - BA;2918209;BA;DCA-Anexo I-C;Padrão;Deduções - FUNDEB;RO1.7.2.8.01.0.0;1.7.2.8.01.0.0 Participação na Receita dos Estados;599705,42;14537
2020;Prefeitura Municipal de Jiquiriçá - BA;2918209;BA;DCA-Anexo I-C;Padrão;Receitas Brutas Realizadas;RO1.7.2.8.01.1.0;1.7.2.8.01.1.0 Cota-Parte do ICMS;2794461,51;14537
2020;Prefeitura Municipal de Jiquiriçá - BA;2918209;BA;DCA-Anexo I-C;Padrão;Deduções - FUNDEB;RO1.7.2.8.01.1.0;1.7.2.8.01.1.0 Cota-Parte do ICMS;538145,28;14537
2020;Prefeitura Municipal de Jiquiriçá - BA;2918209;BA;DCA-Anexo I-C;Padrão;Receitas Brutas Realizadas;RO1.7.2.8.01.2.0;1.7.2.8.01.2.0 Cota-Parte do IPVA;307804,75;14537
2020;Prefeitura Municipal de Jiquiriçá - BA;2918209;BA;DCA-Anexo I-C;Padrão;Deduções - FUNDEB;RO1.7.2.8.01.2.0;1.7.2.8.01.2.0 Cota-Parte do IPVA;61560,14;14537
2020;Prefeitura Municipal de Jiquiriçá - BA;2918209;BA;DCA-Anexo I-C;Padrão;Receitas Brutas Realizadas;RO1.7.2.8.01.3.0;1.7.2.8.01.3.0 Cota-Parte do IPI - Municípios;21594,22;14537
2020;Prefeitura Municipal de Jiquiriçá - BA;2918209;BA;DCA-Anexo I-C;Padrão;Receitas Brutas Realizadas;RO1.7.2.8.01.9.0;1.7.2.8.01.9.0 Outras Transferências dos Estados;374580,01;14537
2020;Prefeitura Municipal de Jiquiriçá - BA;2918209;BA;DCA-Anexo I-C;Padrão;Receitas Brutas Realizadas;RO1.7.2.8.10.0.0;1.7.2.8.10.0.0 Transferência de Convênios dos Estados e do Distrito Federal e de Suas Entidades;70000,00;14537
2020;Prefeitura Municipal de Jiquiriçá - BA;2918209;BA;DCA-Anexo I-C;Padrão;Receitas Brutas Realizadas;RO1.7.2.8.10.9.0;1.7.2.8.10.9.0 Outras Transferências de Convênio dos Estados;70000,00;14537
2020;Prefeitura Municipal de Jiquiriçá - BA;2918209;BA;DCA-Anexo I-C;Padrão;Receitas Brutas Realizadas;RO1.7.5.0.00.0.0;1.7.5.0.00.0.0 - Transferências de Outras Instituições Públicas;10711920,02;14537
2020;Prefeitura Municipal de Jiquiriçá - BA;2918209;BA;DCA-Anexo I-C;Padrão;Receitas Brutas Realizadas;RO1.7.5.8.00.0.0;1.7.5.8.00.0.0 Transferências de Outras Instituições Públicas - Específicas de Estados, DF e Municípios;10711920,02;14537
2020;Prefeitura Municipal de Jiquiriçá - BA;2918209;BA;DCA-Anexo I-C;Padrão;Receitas Brutas Realizadas;RO1.7.5.8.01.0.0;1.7.5.8.01.0.0 Transferências de Recursos do Fundo de Manutenção e Desenvolvimento da Educação Básica e de Valorização dos Profissionais da Educação ¿ FUNDEB;10711920,02;14537
2020;Prefeitura Municipal de Jiquiriçá - BA;2918209;BA;DCA-Anexo I-C;Padrão;Receitas Brutas Realizadas;RO1.7.7.0.00.0.0;1.7.7.0.00.0.0 - Transferências de Pessoas Físicas;400,00;14537
2020;Prefeitura Municipal de Jiquiriçá - BA;2918209;BA;DCA-Anexo I-C;Padrão;Receitas Brutas Realizadas;RO1.7.7.8.00.0.0;1.7.7.8.00.0.0 - Transferências de Pessoas Físicas - Específicas de Estados, DF e Municípios;400,00;14537
2020;Prefeitura Municipal de Jiquiriçá - BA;2918209;BA;DCA-Anexo I-C;Padrão;Receitas Brutas Realizadas;RO1.7.7.8.01.0.0;1.7.7.8.01.0.0 - Transferências de Pessoas Físicas - Específicas de E/DF/M;400,00;14537
2020;Prefeitura Municipal de Jiquiriçá - BA;2918209;BA;DCA-Anexo I-C;Padrão;Receitas Brutas Realizadas;RO1.7.7.8.01.9.0;1.7.7.8.01.9.0 - Outras Transferência de Pessoas Físicas- Específicas de E/DF/M - Não Especificadas Anteriormente;400,00;14537
2020;Prefeitura Municipal de Jiquiriçá - BA;2918209;BA;DCA-Anexo I-C;Padrão;Receitas Brutas Realizadas;RO1.9.0.0.00.0.0;1.9.0.0.00.0.0 - Outras Receitas Correntes;33462,28;14537
2020;Prefeitura Municipal de Jiquiriçá - BA;2918209;BA;DCA-Anexo I-C;Padrão;Receitas Brutas Realizadas;RO1.9.9.0.00.0.0;1.9.9.0.00.0.0 - Demais Receitas Correntes;33462,28;14537
2020;Prefeitura Municipal de Jiquiriçá - BA;2918209;BA;DCA-Anexo I-C;Padrão;Receitas Brutas Realizadas;RO1.9.9.0.99.0.0;1.9.9.0.99.0.0 - Outras Receitas;33462,28;14537
2020;Prefeitura Municipal de Jiquiriçá - BA;2918209;BA;DCA-Anexo I-C;Padrão;Receitas Brutas Realizadas;RO1.9.9.0.99.1.0;1.9.9.0.99.1.0 - Outras Receitas - Primárias;33462,28;14537
2020;Prefeitura Municipal de Jiquiriçá - BA;2918209;BA;DCA-Anexo I-C;Padrão;Receitas Brutas Realizadas;RO2.0.0.0.00.0.0;2.0.0.0.00.0.0 - Receitas de Capital;3977265,10;14537
2020;Prefeitura Municipal de Jiquiriçá - BA;2918209;BA;DCA-Anexo I-C;Padrão;Receitas Brutas Realizadas;RO2.1.0.0.00.0.0;2.1.0.0.00.0.0 - Operações de Crédito;3821772,34;14537
2020;Prefeitura Municipal de Jiquiriçá - BA;2918209;BA;DCA-Anexo I-C;Padrão;Receitas Brutas Realizadas;RO2.1.1.0.00.0.0;2.1.1.0.00.0.0 - Operações de Crédito - Mercado Interno;3821772,34;14537
2020;Prefeitura Municipal de Jiquiriçá - BA;2918209;BA;DCA-Anexo I-C;Padrão;Receitas Brutas Realizadas;RO2.1.1.2.00.0.0;2.1.1.2.00.0.0 Operações de Crédito Contratuais - Mercado Interno;3821772,34;14537
2020;Prefeitura Municipal de Jiquiriçá - BA;2918209;BA;DCA-Anexo I-C;Padrão;Receitas Brutas Realizadas;RO2.4.0.0.00.0.0;2.4.0.0.00.0.0 - Transferências de Capital;155492,76;14537
2020;Prefeitura Municipal de Jiquiriçá - BA;2918209;BA;DCA-Anexo I-C;Padrão;Receitas Brutas Realizadas;RO2.4.2.0.00.0.0;2.4.2.0.00.0.0 - Transferências dos Estados e do Distrito Federal e de suas Entidades;155492,76;14537
2020;Prefeitura Municipal de Jiquiriçá - BA;2918209;BA;DCA-Anexo I-C;Padrão;Receitas Brutas Realizadas;RO2.4.2.8.00.0.0;2.4.2.8.00.0.0 Transferências dos Estados, Distrito Federal, e de suas Entidades;155492,76;14537
2020;Prefeitura Municipal de Jiquiriçá - BA;2918209;BA;DCA-Anexo I-C;Padrão;Receitas Brutas Realizadas;RO2.4.2.8.10.0.0;2.4.2.8.10.0.0 Transferências de Convênios dos Estados e do Distrito Federal e de suas Entidades;155492,76;14537
2020;Prefeitura Municipal de Jiquiriçá - BA;2918209;BA;DCA-Anexo I-C;Padrão;Receitas Brutas Realizadas;RO2.4.2.8.10.9.0;2.4.2.8.10.9.0 - Outras Transferências de Convênio dos Estados;155492,76;14537
2020;Prefeitura Municipal de Jiquiriçá - BA;2918209;BA;DCA-Anexo I-C;Padrão;Receitas Brutas Realizadas;TotalReceitas;TOTAL DAS RECEITAS (III) = (I + II);50055522,02;14537
2020;Prefeitura Municipal de Jiquiriçá - BA;2918209;BA;DCA-Anexo I-C;Padrão;Deduções - FUNDEB;TotalReceitas;TOTAL DAS RECEITAS (III) = (I + II);3535522,87;14537
2021;Prefeitura Municipal de Jiquiriçá - BA;2918209;BA;DCA-Anexo I-C;Padrão;Receitas Brutas Realizadas;ReceitasExcetoIntraOrcamentarias;RECEITAS (EXCETO INTRA-ORÇAMENTÁRIAS) (I);61276724,12;14557
2021;Prefeitura Municipal de Jiquiriçá - BA;2918209;BA;DCA-Anexo I-C;Padrão;Deduções - FUNDEB;ReceitasExcetoIntraOrcamentarias;RECEITAS (EXCETO INTRA-ORÇAMENTÁRIAS) (I);4712596,63;14557
2021;Prefeitura Municipal de Jiquiriçá - BA;2918209;BA;DCA-Anexo I-C;Padrão;Receitas Brutas Realizadas;RO1.0.0.0.00.0.0;1.0.0.0.00.0.0 - Receitas Correntes;59819115,75;14557
2021;Prefeitura Municipal de Jiquiriçá - BA;2918209;BA;DCA-Anexo I-C;Padrão;Deduções - FUNDEB;RO1.0.0.0.00.0.0;1.0.0.0.00.0.0 - Receitas Correntes;4712596,63;14557
2021;Prefeitura Municipal de Jiquiriçá - BA;2918209;BA;DCA-Anexo I-C;Padrão;Receitas Brutas Realizadas;RO1.1.0.0.00.0.0;1.1.0.0.00.0.0 - Impostos, Taxas e Contribuições de Melhoria;1435728,55;14557
2021;Prefeitura Municipal de Jiquiriçá - BA;2918209;BA;DCA-Anexo I-C;Padrão;Receitas Brutas Realizadas;RO1.1.1.0.00.0.0;1.1.1.0.00.0.0 - Impostos;1234134,39;14557
2021;Prefeitura Municipal de Jiquiriçá - BA;2918209;BA;DCA-Anexo I-C;Padrão;Receitas Brutas Realizadas;RO1.1.1.3.00.0.0;1.1.1.3.00.0.0 - Impostos sobre a Renda e Proventos de Qualquer Natureza;531101,19;14557
2021;Prefeitura Municipal de Jiquiriçá - BA;2918209;BA;DCA-Anexo I-C;Padrão;Receitas Brutas Realizadas;RO1.1.1.3.03.0.0;1.1.1.3.03.0.0 - Imposto sobre a Renda - Retido na Fonte;531101,19;14557
2021;Prefeitura Municipal de Jiquiriçá - BA;2918209;BA;DCA-Anexo I-C;Padrão;Receitas Brutas Realizadas;RO1.1.1.3.03.1.0;1.1.1.3.03.1.0 - Imposto sobre a Renda - Retido na Fonte - Trabalho;440217,91;14557
2021;Prefeitura Municipal de Jiquiriçá - BA;2918209;BA;DCA-Anexo I-C;Padrão;Receitas Brutas Realizadas;RO1.1.1.3.03.4.0;1.1.1.3.03.4.0 - Imposto sobre a Renda - Retido na Fonte - Outros Rendimentos;90883,28;14557
2021;Prefeitura Municipal de Jiquiriçá - BA;2918209;BA;DCA-Anexo I-C;Padrão;Receitas Brutas Realizadas;RO1.1.1.8.00.0.0;1.1.1.8.00.0.0 - Impostos Específicos de Estados, DF e Municípios;698122,11;14557
2021;Prefeitura Municipal de Jiquiriçá - BA;2918209;BA;DCA-Anexo I-C;Padrão;Receitas Brutas Realizadas;RO1.1.1.8.01.0.0;1.1.1.8.01.0.0 - Impostos sobre o Patrimônio para Estados/DF/Municípios;329587,52;14557
2021;Prefeitura Municipal de Jiquiriçá - BA;2918209;BA;DCA-Anexo I-C;Padrão;Receitas Brutas Realizadas;RO1.1.1.8.01.1.0;1.1.1.8.01.1.0 - Imposto sobre a Propriedade Predial e Territorial Urbana;303344,00;14557
2021;Prefeitura Municipal de Jiquiriçá - BA;2918209;BA;DCA-Anexo I-C;Padrão;Receitas Brutas Realizadas;RO1.1.1.8.01.4.0;1.1.1.8.01.4.0 - Imposto sobre Transmissão ¿Inter Vivos¿ de Bens Imóveis e de Direitos Reais sobre Imóveis;26243,52;14557
2021;Prefeitura Municipal de Jiquiriçá - BA;2918209;BA;DCA-Anexo I-C;Padrão;Receitas Brutas Realizadas;RO1.1.1.8.02.0.0;1.1.1.8.02.0.0 - Impostos sobre a Produção, Circulação de Mercadorias e Serviços;368534,59;14557
2021;Prefeitura Municipal de Jiquiriçá - BA;2918209;BA;DCA-Anexo I-C;Padrão;Receitas Brutas Realizadas;RO1.1.1.8.02.3.0;1.1.1.8.02.3.0 - Imposto sobre Serviços de Qualquer Natureza;368534,59;14557
2021;Prefeitura Municipal de Jiquiriçá - BA;2918209;BA;DCA-Anexo I-C;Padrão;Receitas Brutas Realizadas;RO1.1.1.9.00.0.0;1.1.1.9.00.0.0 - Outros Impostos;4911,09;14557
2021;Prefeitura Municipal de Jiquiriçá - BA;2918209;BA;DCA-Anexo I-C;Padrão;Receitas Brutas Realizadas;RO1.1.2.0.00.0.0;1.1.2.0.00.0.0 - Taxas;166152,19;14557
2021;Prefeitura Municipal de Jiquiriçá - BA;2918209;BA;DCA-Anexo I-C;Padrão;Receitas Brutas Realizadas;RO1.1.2.1.00.0.0;1.1.2.1.00.0.0 - Taxas pelo Exercício do Poder de Polícia;166152,19;14557
2021;Prefeitura Municipal de Jiquiriçá - BA;2918209;BA;DCA-Anexo I-C;Padrão;Receitas Brutas Realizadas;RO1.1.2.1.01.0.0;1.1.2.1.01.0.0 - Taxas de Inspeção, Controle e Fiscalização;156652,19;14557
2021;Prefeitura Municipal de Jiquiriçá - BA;2918209;BA;DCA-Anexo I-C;Padrão;Receitas Brutas Realizadas;RO1.1.2.1.04.0.0;1.1.2.1.04.0.0 - Taxa de Controle e Fiscalização Ambiental;9500,00;14557
2021;Prefeitura Municipal de Jiquiriçá - BA;2918209;BA;DCA-Anexo I-C;Padrão;Receitas Brutas Realizadas;RO1.1.3.0.00.0.0;1.1.3.0.00.0.0 - Contribuição de Melhoria;35441,97;14557
2021;Prefeitura Municipal de Jiquiriçá - BA;2918209;BA;DCA-Anexo I-C;Padrão;Receitas Brutas Realizadas;RO1.1.3.0.00.1.0;1.1.3.0.00.1.0 - Contribuição de Melhoria;35441,97;14557
2021;Prefeitura Municipal de Jiquiriçá - BA;2918209;BA;DCA-Anexo I-C;Padrão;Receitas Brutas Realizadas;RO1.3.0.0.00.0.0;1.3.0.0.00.0.0 - Receita Patrimonial;201702,44;14557
2021;Prefeitura Municipal de Jiquiriçá - BA;2918209;BA;DCA-Anexo I-C;Padrão;Receitas Brutas Realizadas;RO1.3.2.0.00.0.0;1.3.2.0.00.0.0 - Valores Mobiliários;201702,44;14557
2021;Prefeitura Municipal de Jiquiriçá - BA;2918209;BA;DCA-Anexo I-C;Padrão;Receitas Brutas Realizadas;RO1.3.2.1.00.0.0;1.3.2.1.00.0.0 - Juros e Correções Monetárias;201702,44;14557
2021;Prefeitura Municipal de Jiquiriçá - BA;2918209;BA;DCA-Anexo I-C;Padrão;Receitas Brutas Realizadas;RO1.3.2.1.00.1.0;1.3.2.1.00.1.0 - Remuneração de Depósitos Bancários;201702,44;14557
2021;Prefeitura Municipal de Jiquiriçá - BA;2918209;BA;DCA-Anexo I-C;Padrão;Receitas Brutas Realizadas;RO1.6.0.0.00.0.0;1.6.0.0.00.0.0 - Receita de Serviços;68401,89;14557
2021;Prefeitura Municipal de Jiquiriçá - BA;2918209;BA;DCA-Anexo I-C;Padrão;Receitas Brutas Realizadas;RO1.6.9.0.00.0.0;1.6.9.0.00.0.0 - Outros Serviços;68401,89;14557
2021;Prefeitura Municipal de Jiquiriçá - BA;2918209;BA;DCA-Anexo I-C;Padrão;Receitas Brutas Realizadas;RO1.6.9.0.99.0.0;1.6.9.0.99.0.0 - Outros Serviços;68401,89;14557
2021;Prefeitura Municipal de Jiquiriçá - BA;2918209;BA;DCA-Anexo I-C;Padrão;Receitas Brutas Realizadas;RO1.7.0.0.00.0.0;1.7.0.0.00.0.0 - Transferências Correntes;58066324,75;14557
2021;Prefeitura Municipal de Jiquiriçá - BA;2918209;BA;DCA-Anexo I-C;Padrão;Deduções - FUNDEB;RO1.7.0.0.00.0.0;1.7.0.0.00.0.0 - Transferências Correntes;4712596,63;14557
2021;Prefeitura Municipal de Jiquiriçá - BA;2918209;BA;DCA-Anexo I-C;Padrão;Receitas Brutas Realizadas;RO1.7.1.0.00.0.0;1.7.1.0.00.0.0 - Transferências da União e de suas Entidades;39905160,51;14557
2021;Prefeitura Municipal de Jiquiriçá - BA;2918209;BA;DCA-Anexo I-C;Padrão;Deduções - FUNDEB;RO1.7.1.0.00.0.0;1.7.1.0.00.0.0 - Transferências da União e de suas Entidades;3942863,14;14557
2021;Prefeitura Municipal de Jiquiriçá - BA;2918209;BA;DCA-Anexo I-C;Padrão;Receitas Brutas Realizadas;RO1.7.1.8.00.0.0;1.7.1.8.00.0.0 - Transferências da União - Específicas de Estados, DF e Municípios;39905160,51;14557
2021;Prefeitura Municipal de Jiquiriçá - BA;2918209;BA;DCA-Anexo I-C;Padrão;Deduções - FUNDEB;RO1.7.1.8.00.0.0;1.7.1.8.00.0.0 - Transferências da União - Específicas de Estados, DF e Municípios;3942863,14;14557
2021;Prefeitura Municipal de Jiquiriçá - BA;2918209;BA;DCA-Anexo I-C;Padrão;Receitas Brutas Realizadas;RO1.7.1.8.01.0.0;1.7.1.8.01.0.0 - Participação na Receita da União;21294928,36;14557
2021;Prefeitura Municipal de Jiquiriçá - BA;2918209;BA;DCA-Anexo I-C;Padrão;Deduções - FUNDEB;RO1.7.1.8.01.0.0;1.7.1.8.01.0.0 - Participação na Receita da União;3942863,14;14557
2021;Prefeitura Municipal de Jiquiriçá - BA;2918209;BA;DCA-Anexo I-C;Padrão;Receitas Brutas Realizadas;RO1.7.1.8.01.2.0;1.7.1.8.01.2.0 - Cota-Parte do Fundo de Participação dos Municípios - Cota Mensal;21281126,51;14557
2021;Prefeitura Municipal de Jiquiriçá - BA;2918209;BA;DCA-Anexo I-C;Padrão;Deduções - FUNDEB;RO1.7.1.8.01.2.0;1.7.1.8.01.2.0 - Cota-Parte do Fundo de Participação dos Municípios - Cota Mensal;3931668,06;14557
2021;Prefeitura Municipal de Jiquiriçá - BA;2918209;BA;DCA-Anexo I-C;Padrão;Receitas Brutas Realizadas;RO1.7.1.8.01.5.0;1.7.1.8.01.5.0 - Cota-Parte do Imposto Sobre a Propriedade Territorial Rural;4582,49;14557
2021;Prefeitura Municipal de Jiquiriçá - BA;2918209;BA;DCA-Anexo I-C;Padrão;Deduções - FUNDEB;RO1.7.1.8.01.5.0;1.7.1.8.01.5.0 - Cota-Parte do Imposto Sobre a Propriedade Territorial Rural;11195,08;14557
2021;Prefeitura Municipal de Jiquiriçá - BA;2918209;BA;DCA-Anexo I-C;Padrão;Receitas Brutas Realizadas;RO1.7.1.8.01.7.0;1.7.1.8.01.7.0 - Cota-Parte da Contribuição de Intervenção no Domínio Econômico;9219,36;14557
2021;Prefeitura Municipal de Jiquiriçá - BA;2918209;BA;DCA-Anexo I-C;Padrão;Receitas Brutas Realizadas;RO1.7.1.8.02.0.0;1.7.1.8.02.0.0 - Transferência da Compensação Financeira pela Exploração de Recursos Naturais;398713,48;14557
2021;Prefeitura Municipal de Jiquiriçá - BA;2918209;BA;DCA-Anexo I-C;Padrão;Receitas Brutas Realizadas;RO1.7.1.8.02.2.0;1.7.1.8.02.2.0 - Cota-parte da Compensação Financeira de Recursos Minerais - CFEM;60,54;14557
2021;Prefeitura Municipal de Jiquiriçá - BA;2918209;BA;DCA-Anexo I-C;Padrão;Receitas Brutas Realizadas;RO1.7.1.8.02.4.0;1.7.1.8.02.4.0 - Cota-parte Royalties pelo Excedente da Produção do Petróleo ¿ Lei nº 9.478/97, artigo 49, I e II;18646,89;14557
2021;Prefeitura Municipal de Jiquiriçá - BA;2918209;BA;DCA-Anexo I-C;Padrão;Receitas Brutas Realizadas;RO1.7.1.8.02.6.0;1.7.1.8.02.6.0 - Cota-Parte do Fundo Especial do Petróleo ¿ FEP;380006,05;14557
2021;Prefeitura Municipal de Jiquiriçá - BA;2918209;BA;DCA-Anexo I-C;Padrão;Receitas Brutas Realizadas;RO1.7.1.8.03.0.0;1.7.1.8.03.0.0 - Transferência de Recursos do Sistema Único de Saúde ¿ SUS ¿ Repasses Fundo a Fundo - Bloco de Manutenção das Ações e Serviços Públicos de Saúde;5952981,43;14557
2021;Prefeitura Municipal de Jiquiriçá - BA;2918209;BA;DCA-Anexo I-C;Padrão;Receitas Brutas Realizadas;RO1.7.1.8.03.1.0;1.7.1.8.03.1.0 - Transferência de Recursos do SUS ¿ Atenção Primária;5952981,43;14557
2021;Prefeitura Municipal de Jiquiriçá - BA;2918209;BA;DCA-Anexo I-C;Padrão;Receitas Brutas Realizadas;RO1.7.1.8.05.0.0;1.7.1.8.05.0.0 - Transferências de Recursos do Fundo Nacional do Desenvolvimento da Educação ¿ FNDE;1139625,05;14557
2021;Prefeitura Municipal de Jiquiriçá - BA;2918209;BA;DCA-Anexo I-C;Padrão;Receitas Brutas Realizadas;RO1.7.1.8.05.1.0;1.7.1.8.05.1.0 - Transferências do Salário-Educação;445122,93;14557
2021;Prefeitura Municipal de Jiquiriçá - BA;2918209;BA;DCA-Anexo I-C;Padrão;Receitas Brutas Realizadas;RO1.7.1.8.05.2.0;1.7.1.8.05.2.0 - Transferências Diretas do FNDE referentes ao Programa Dinheiro Direto na Escola ¿ PDDE;3780,00;14557
2021;Prefeitura Municipal de Jiquiriçá - BA;2918209;BA;DCA-Anexo I-C;Padrão;Receitas Brutas Realizadas;RO1.7.1.8.05.3.0;1.7.1.8.05.3.0 - Transferências Diretas do FNDE referentes ao Programa Nacional de Alimentação Escolar ¿ PNAE;354123,00;14557
2021;Prefeitura Municipal de Jiquiriçá - BA;2918209;BA;DCA-Anexo I-C;Padrão;Receitas Brutas Realizadas;RO1.7.1.8.05.4.0;1.7.1.8.05.4.0 - Transferências Diretas do FNDE referentes ao Programa Nacional de Apoio ao Transporte do Escolar ¿ PNATE;336599,12;14557
2021;Prefeitura Municipal de Jiquiriçá - BA;2918209;BA;DCA-Anexo I-C;Padrão;Receitas Brutas Realizadas;RO1.7.1.8.06.0.0;1.7.1.8.06.0.0 - Transferência Financeira do ICMS ¿ Desoneração ¿ L.C. Nº 87/96;39034,56;14557
2021;Prefeitura Municipal de Jiquiriçá - BA;2918209;BA;DCA-Anexo I-C;Padrão;Receitas Brutas Realizadas;RO1.7.1.8.09.0.0;1.7.1.8.09.0.0 - Transferências de Recursos de Complementação da União ao Fundo de Manutenção e Desenvolvimento da Educação Básica e de Valorização dos Profissionais da Educação ¿ FUNDEB;8360934,82;14557
2021;Prefeitura Municipal de Jiquiriçá - BA;2918209;BA;DCA-Anexo I-C;Padrão;Receitas Brutas Realizadas;RO1.7.1.8.10.0.0;1.7.1.8.10.0.0 - Transferências de Convênios da União e de Suas Entidades;2571628,74;14557
2021;Prefeitura Municipal de Jiquiriçá - BA;2918209;BA;DCA-Anexo I-C;Padrão;Receitas Brutas Realizadas;RO1.7.1.8.10.9.0;1.7.1.8.10.9.0 - Outras Transferências de Convênios da União;2571628,74;14557
2021;Prefeitura Municipal de Jiquiriçá - BA;2918209;BA;DCA-Anexo I-C;Padrão;Receitas Brutas Realizadas;RO1.7.1.8.12.0.0;1.7.1.8.12.0.0 - Transferências de Recursos do Fundo Nacional de Assistência Social ¿ FNAS;147166,70;14557
2021;Prefeitura Municipal de Jiquiriçá - BA;2918209;BA;DCA-Anexo I-C;Padrão;Receitas Brutas Realizadas;RO1.7.1.8.99.0.0;1.7.1.8.99.0.0 - Outras Transferências da União;147,37;14557
2021;Prefeitura Municipal de Jiquiriçá - BA;2918209;BA;DCA-Anexo I-C;Padrão;Receitas Brutas Realizadas;RO1.7.2.0.00.0.0;1.7.2.0.00.0.0 - Transferências dos Estados e do Distrito Federal e de suas Entidades;4596645,88;14557
2021;Prefeitura Municipal de Jiquiriçá - BA;2918209;BA;DCA-Anexo I-C;Padrão;Deduções - FUNDEB;RO1.7.2.0.00.0.0;1.7.2.0.00.0.0 - Transferências dos Estados e do Distrito Federal e de suas Entidades;769733,49;14557
2021;Prefeitura Municipal de Jiquiriçá - BA;2918209;BA;DCA-Anexo I-C;Padrão;Receitas Brutas Realizadas;RO1.7.2.8.00.0.0;1.7.2.8.00.0.0 - Transferências dos Estados - Específicas de Estados, DF e Municípios;4596645,88;14557
2021;Prefeitura Municipal de Jiquiriçá - BA;2918209;BA;DCA-Anexo I-C;Padrão;Deduções - FUNDEB;RO1.7.2.8.00.0.0;1.7.2.8.00.0.0 - Transferências dos Estados - Específicas de Estados, DF e Municípios;769733,49;14557
2021;Prefeitura Municipal de Jiquiriçá - BA;2918209;BA;DCA-Anexo I-C;Padrão;Receitas Brutas Realizadas;RO1.7.2.8.01.0.0;1.7.2.8.01.0.0 - Participação na Receita dos Estados;4596645,88;14557
2021;Prefeitura Municipal de Jiquiriçá - BA;2918209;BA;DCA-Anexo I-C;Padrão;Deduções - FUNDEB;RO1.7.2.8.01.0.0;1.7.2.8.01.0.0 - Participação na Receita dos Estados;769733,49;14557
2021;Prefeitura Municipal de Jiquiriçá - BA;2918209;BA;DCA-Anexo I-C;Padrão;Receitas Brutas Realizadas;RO1.7.2.8.01.1.0;1.7.2.8.01.1.0 - Cota-Parte do ICMS;3544473,97;14557
2021;Prefeitura Municipal de Jiquiriçá - BA;2918209;BA;DCA-Anexo I-C;Padrão;Deduções - FUNDEB;RO1.7.2.8.01.1.0;1.7.2.8.01.1.0 - Cota-Parte do ICMS;698615,90;14557
2021;Prefeitura Municipal de Jiquiriçá - BA;2918209;BA;DCA-Anexo I-C;Padrão;Receitas Brutas Realizadas;RO1.7.2.8.01.2.0;1.7.2.8.01.2.0 - Cota-Parte do IPVA;355591,87;14557
2021;Prefeitura Municipal de Jiquiriçá - BA;2918209;BA;DCA-Anexo I-C;Padrão;Deduções - FUNDEB;RO1.7.2.8.01.2.0;1.7.2.8.01.2.0 - Cota-Parte do IPVA;71117,59;14557
2021;Prefeitura Municipal de Jiquiriçá - BA;2918209;BA;DCA-Anexo I-C;Padrão;Receitas Brutas Realizadas;RO1.7.2.8.01.3.0;1.7.2.8.01.3.0 - Cota-Parte do IPI - Municípios;26339,92;14557
2021;Prefeitura Municipal de Jiquiriçá - BA;2918209;BA;DCA-Anexo I-C;Padrão;Receitas Brutas Realizadas;RO1.7.2.8.01.9.0;1.7.2.8.01.9.0 - Outras Transferências dos Estados;670240,12;14557
2021;Prefeitura Municipal de Jiquiriçá - BA;2918209;BA;DCA-Anexo I-C;Padrão;Receitas Brutas Realizadas;RO1.7.5.0.00.0.0;1.7.5.0.00.0.0 - Transferências de Outras Instituições Públicas;13509684,15;14557
2021;Prefeitura Municipal de Jiquiriçá - BA;2918209;BA;DCA-Anexo I-C;Padrão;Receitas Brutas Realizadas;RO1.7.5.8.00.0.0;1.7.5.8.00.0.0 - Transferências de Outras Instituições Públicas - Específicas de Estados, DF e Municípios;13509684,15;14557
2021;Prefeitura Municipal de Jiquiriçá - BA;2918209;BA;DCA-Anexo I-C;Padrão;Receitas Brutas Realizadas;RO1.7.5.8.01.0.0;1.7.5.8.01.0.0 - Transferências de Recursos do Fundo de Manutenção e Desenvolvimento da Educação Básica e de Valorização dos Profissionais da Educação ¿ FUNDEB;13509684,15;14557
2021;Prefeitura Municipal de Jiquiriçá - BA;2918209;BA;DCA-Anexo I-C;Padrão;Receitas Brutas Realizadas;RO1.7.7.0.00.0.0;1.7.7.0.00.0.0 - Transferências de Pessoas Físicas;54834,21;14557
2021;Prefeitura Municipal de Jiquiriçá - BA;2918209;BA;DCA-Anexo I-C;Padrão;Receitas Brutas Realizadas;RO1.7.7.0.00.1.0;1.7.7.0.00.1.0 - Transferências de Pessoas Físicas;54834,21;14557
2021;Prefeitura Municipal de Jiquiriçá - BA;2918209;BA;DCA-Anexo I-C;Padrão;Receitas Brutas Realizadas;RO1.9.0.0.00.0.0;1.9.0.0.00.0.0 - Outras Receitas Correntes;46958,12;14557
2021;Prefeitura Municipal de Jiquiriçá - BA;2918209;BA;DCA-Anexo I-C;Padrão;Receitas Brutas Realizadas;RO1.9.9.0.00.0.0;1.9.9.0.00.0.0 - Demais Receitas Correntes;46958,12;14557
2021;Prefeitura Municipal de Jiquiriçá - BA;2918209;BA;DCA-Anexo I-C;Padrão;Receitas Brutas Realizadas;RO1.9.9.0.99.0.0;1.9.9.0.99.0.0 - Outras Receitas;46958,12;14557
2021;Prefeitura Municipal de Jiquiriçá - BA;2918209;BA;DCA-Anexo I-C;Padrão;Receitas Brutas Realizadas;RO1.9.9.0.99.1.0;1.9.9.0.99.1.0 - Outras Receitas - Primárias;46958,12;14557
2021;Prefeitura Municipal de Jiquiriçá - BA;2918209;BA;DCA-Anexo I-C;Padrão;Receitas Brutas Realizadas;RO2.0.0.0.00.0.0;2.0.0.0.00.0.0 - Receitas de Capital;1457608,37;14557
2021;Prefeitura Municipal de Jiquiriçá - BA;2918209;BA;DCA-Anexo I-C;Padrão;Receitas Brutas Realizadas;RO2.1.0.0.00.0.0;2.1.0.0.00.0.0 - Operações de Crédito;1403314,06;14557
2021;Prefeitura Municipal de Jiquiriçá - BA;2918209;BA;DCA-Anexo I-C;Padrão;Receitas Brutas Realizadas;RO2.1.1.0.00.0.0;2.1.1.0.00.0.0 - Operações de Crédito - Mercado Interno;1403314,06;14557
2021;Prefeitura Municipal de Jiquiriçá - BA;2918209;BA;DCA-Anexo I-C;Padrão;Receitas Brutas Realizadas;RO2.1.1.2.00.0.0;2.1.1.2.00.0.0 - Operações de Crédito Contratuais - Mercado Interno;1403314,06;14557
2021;Prefeitura Municipal de Jiquiriçá - BA;2918209;BA;DCA-Anexo I-C;Padrão;Receitas Brutas Realizadas;RO2.4.0.0.00.0.0;2.4.0.0.00.0.0 - Transferências de Capital;54294,31;14557
2021;Prefeitura Municipal de Jiquiriçá - BA;2918209;BA;DCA-Anexo I-C;Padrão;Receitas Brutas Realizadas;RO2.4.2.0.00.0.0;2.4.2.0.00.0.0 - Transferências dos Estados e do Distrito Federal e de suas Entidades;54294,31;14557
2021;Prefeitura Municipal de Jiquiriçá - BA;2918209;BA;DCA-Anexo I-C;Padrão;Receitas Brutas Realizadas;RO2.4.2.8.00.0.0;2.4.2.8.00.0.0 - Transferências dos Estados, Distrito Federal, e de suas Entidades;54294,31;14557
2021;Prefeitura Municipal de Jiquiriçá - BA;2918209;BA;DCA-Anexo I-C;Padrão;Receitas Brutas Realizadas;RO2.4.2.8.10.0.0;2.4.2.8.10.0.0 - Transferências de Convênios dos Estados e do Distrito Federal e de suas Entidades;54294,31;14557
2021;Prefeitura Municipal de Jiquiriçá - BA;2918209;BA;DCA-Anexo I-C;Padrão;Receitas Brutas Realizadas;RO2.4.2.8.10.9.0;2.4.2.8.10.9.0 - Outras Transferências de Convênio dos Estados;54294,31;14557
2021;Prefeitura Municipal de Jiquiriçá - BA;2918209;BA;DCA-Anexo I-C;Padrão;Receitas Brutas Realizadas;TotalReceitas;TOTAL DAS RECEITAS (III) = (I + II);61276724,12;14557
2021;Prefeitura Municipal de Jiquiriçá - BA;2918209;BA;DCA-Anexo I-C;Padrão;Deduções - FUNDEB;TotalReceitas;TOTAL DAS RECEITAS (III) = (I + II);4712596,63;14557
2022;Prefeitura Municipal de Jiquiriçá - BA;2918209;BA;DCA-Anexo I-C;Padrão;Receitas Brutas Realizadas;ReceitasExcetoIntraOrcamentarias;RECEITAS (EXCETO INTRA-ORÇAMENTÁRIAS) (I);84392654,76;14576
2022;Prefeitura Municipal de Jiquiriçá - BA;2918209;BA;DCA-Anexo I-C;Padrão;Deduções - FUNDEB;ReceitasExcetoIntraOrcamentarias;RECEITAS (EXCETO INTRA-ORÇAMENTÁRIAS) (I);5786284,49;14576
2022;Prefeitura Municipal de Jiquiriçá - BA;2918209;BA;DCA-Anexo I-C;Padrão;Receitas Brutas Realizadas;RO1.0.0.0.00.0.0;1.0.0.0.00.0.0 - Receitas Correntes;79918902,76;14576
2022;Prefeitura Municipal de Jiquiriçá - BA;2918209;BA;DCA-Anexo I-C;Padrão;Deduções - FUNDEB;RO1.0.0.0.00.0.0;1.0.0.0.00.0.0 - Receitas Correntes;5786284,49;14576
2022;Prefeitura Municipal de Jiquiriçá - BA;2918209;BA;DCA-Anexo I-C;Padrão;Receitas Brutas Realizadas;RO1.1.0.0.00.0.0;1.1.0.0.00.0.0 - Impostos, Taxas e Contribuições de Melhoria;1599026,38;14576
2022;Prefeitura Municipal de Jiquiriçá - BA;2918209;BA;DCA-Anexo I-C;Padrão;Receitas Brutas Realizadas;RO1.1.1.0.00.0.0;1.1.1.0.00.0.0 - Impostos;1417773,57;14576
2022;Prefeitura Municipal de Jiquiriçá - BA;2918209;BA;DCA-Anexo I-C;Padrão;Receitas Brutas Realizadas;RO1.1.1.2.00.0.0;1.1.1.2.00.0.0 - Impostos sobre o Patrimônio;311644,86;14576
2022;Prefeitura Municipal de Jiquiriçá - BA;2918209;BA;DCA-Anexo I-C;Padrão;Receitas Brutas Realizadas;RO1.1.1.2.50.0.0;1.1.1.2.50.0.0 - Imposto sobre a Propriedade Predial e Territorial Urbana;249066,32;14576
2022;Prefeitura Municipal de Jiquiriçá - BA;2918209;BA;DCA-Anexo I-C;Padrão;Receitas Brutas Realizadas;RO1.1.1.2.53.0.0;"1.1.1.2.53.0.0 - Impostos sobre Transmissão ""Inter Vivos"" de Bens Imóveis e de Direitos Reais sobre Imóveis";62578,54;14576
2022;Prefeitura Municipal de Jiquiriçá - BA;2918209;BA;DCA-Anexo I-C;Padrão;Receitas Brutas Realizadas;RO1.1.1.3.00.0.0;1.1.1.3.00.0.0 - Impostos sobre a Renda e Proventos de Qualquer Natureza;223286,24;14576
2022;Prefeitura Municipal de Jiquiriçá - BA;2918209;BA;DCA-Anexo I-C;Padrão;Receitas Brutas Realizadas;RO1.1.1.3.03.0.0;1.1.1.3.03.0.0 - Imposto sobre a Renda - Retido na Fonte;223286,24;14576
2022;Prefeitura Municipal de Jiquiriçá - BA;2918209;BA;DCA-Anexo I-C;Padrão;Receitas Brutas Realizadas;RO1.1.1.3.03.4.0;1.1.1.3.03.4.0 - Imposto sobre a Renda - Retido na Fonte - Outros Rendimentos;223286,24;14576
2022;Prefeitura Municipal de Jiquiriçá - BA;2918209;BA;DCA-Anexo I-C;Padrão;Receitas Brutas Realizadas;RO1.1.1.4.00.0.0;1.1.1.4.00.0.0 - Impostos sobre a Produção e Circulação de Mercadorias e Serviços;877510,31;14576
2022;Prefeitura Municipal de Jiquiriçá - BA;2918209;BA;DCA-Anexo I-C;Padrão;Receitas Brutas Realizadas;RO1.1.1.4.51.0.0;1.1.1.4.51.0.0 - Impostos sobre Serviços;877510,31;14576
2022;Prefeitura Municipal de Jiquiriçá - BA;2918209;BA;DCA-Anexo I-C;Padrão;Receitas Brutas Realizadas;RO1.1.1.4.51.1.0;1.1.1.4.51.1.0 - Imposto sobre Serviços de Qualquer Natureza - ISSQN;877510,31;14576
2022;Prefeitura Municipal de Jiquiriçá - BA;2918209;BA;DCA-Anexo I-C;Padrão;Receitas Brutas Realizadas;RO1.1.1.9.00.0.0;1.1.1.9.00.0.0 - Outros Impostos;5332,16;14576
2022;Prefeitura Municipal de Jiquiriçá - BA;2918209;BA;DCA-Anexo I-C;Padrão;Receitas Brutas Realizadas;RO1.1.2.0.00.0.0;1.1.2.0.00.0.0 - Taxas;118672,66;14576
2022;Prefeitura Municipal de Jiquiriçá - BA;2918209;BA;DCA-Anexo I-C;Padrão;Receitas Brutas Realizadas;RO1.1.2.1.00.0.0;1.1.2.1.00.0.0 - Taxas pelo Exercício do Poder de Polícia;118672,66;14576
2022;Prefeitura Municipal de Jiquiriçá - BA;2918209;BA;DCA-Anexo I-C;Padrão;Receitas Brutas Realizadas;RO1.1.2.1.01.0.0;1.1.2.1.01.0.0 - Taxas de Inspeção, Controle e Fiscalização;112164,49;14576
2022;Prefeitura Municipal de Jiquiriçá - BA;2918209;BA;DCA-Anexo I-C;Padrão;Receitas Brutas Realizadas;RO1.1.2.1.04.0.0;1.1.2.1.04.0.0 - Taxa de Controle e Fiscalização Ambiental;5150,00;14576
2022;Prefeitura Municipal de Jiquiriçá - BA;2918209;BA;DCA-Anexo I-C;Padrão;Receitas Brutas Realizadas;RO1.1.2.1.50.0.0;1.1.2.1.50.0.0 - Taxa de Fiscalização de Vigilância Sanitária;1358,17;14576
2022;Prefeitura Municipal de Jiquiriçá - BA;2918209;BA;DCA-Anexo I-C;Padrão;Receitas Brutas Realizadas;RO1.1.3.0.00.0.0;1.1.3.0.00.0.0 - Contribuição de Melhoria;62580,15;14576
2022;Prefeitura Municipal de Jiquiriçá - BA;2918209;BA;DCA-Anexo I-C;Padrão;Receitas Brutas Realizadas;RO1.1.3.1.00.0.0;1.1.3.1.00.0.0 - Contribuição de Melhoria;62580,15;14576
2022;Prefeitura Municipal de Jiquiriçá - BA;2918209;BA;DCA-Anexo I-C;Padrão;Receitas Brutas Realizadas;RO1.1.3.1.51.0.0;1.1.3.1.51.0.0 - Contribuição de Melhoria para Expansão da Rede de Iluminação Pública na Cidade;62580,15;14576
2022;Prefeitura Municipal de Jiquiriçá - BA;2918209;BA;DCA-Anexo I-C;Padrão;Receitas Brutas Realizadas;RO1.3.0.0.00.0.0;1.3.0.0.00.0.0 - Receita Patrimonial;1384600,60;14576
2022;Prefeitura Municipal de Jiquiriçá - BA;2918209;BA;DCA-Anexo I-C;Padrão;Receitas Brutas Realizadas;RO1.3.2.0.00.0.0;1.3.2.0.00.0.0 - Valores Mobiliários;1384600,60;14576
2022;Prefeitura Municipal de Jiquiriçá - BA;2918209;BA;DCA-Anexo I-C;Padrão;Receitas Brutas Realizadas;RO1.3.2.1.00.0.0;1.3.2.1.00.0.0 - Juros e Correções Monetárias;1384600,60;14576
2022;Prefeitura Municipal de Jiquiriçá - BA;2918209;BA;DCA-Anexo I-C;Padrão;Receitas Brutas Realizadas;RO1.3.2.1.01.0.0;1.3.2.1.01.0.0 - Remuneração de Depósitos Bancários;1384600,60;14576
2022;Prefeitura Municipal de Jiquiriçá - BA;2918209;BA;DCA-Anexo I-C;Padrão;Receitas Brutas Realizadas;RO1.6.0.0.00.0.0;1.6.0.0.00.0.0 - Receita de Serviços;60514,90;14576
2022;Prefeitura Municipal de Jiquiriçá - BA;2918209;BA;DCA-Anexo I-C;Padrão;Receitas Brutas Realizadas;RO1.6.3.0.00.0.0;1.6.3.0.00.0.0 - Serviços e Atividades Referentes à Saúde;60514,90;14576
2022;Prefeitura Municipal de Jiquiriçá - BA;2918209;BA;DCA-Anexo I-C;Padrão;Receitas Brutas Realizadas;RO1.6.3.1.00.0.0;1.6.3.1.00.0.0 - Serviços de Atendimento à Saúde;60514,90;14576
2022;Prefeitura Municipal de Jiquiriçá - BA;2918209;BA;DCA-Anexo I-C;Padrão;Receitas Brutas Realizadas;RO1.6.3.1.50.0.0;1.6.3.1.50.0.0 - Serviços Hospitalares;60514,90;14576
2022;Prefeitura Municipal de Jiquiriçá - BA;2918209;BA;DCA-Anexo I-C;Padrão;Receitas Brutas Realizadas;RO1.7.0.0.00.0.0;1.7.0.0.00.0.0 - Transferências Correntes;76739551,38;14576
2022;Prefeitura Municipal de Jiquiriçá - BA;2918209;BA;DCA-Anexo I-C;Padrão;Deduções - FUNDEB;RO1.7.0.0.00.0.0;1.7.0.0.00.0.0 - Transferências Correntes;5786284,49;14576
2022;Prefeitura Municipal de Jiquiriçá - BA;2918209;BA;DCA-Anexo I-C;Padrão;Receitas Brutas Realizadas;RO1.7.1.0.00.0.0;1.7.1.0.00.0.0 - Transferências da União e de suas Entidades;51752898,56;14576
2022;Prefeitura Municipal de Jiquiriçá - BA;2918209;BA;DCA-Anexo I-C;Padrão;Deduções - FUNDEB;RO1.7.1.0.00.0.0;1.7.1.0.00.0.0 - Transferências da União e de suas Entidades;4904338,71;14576
2022;Prefeitura Municipal de Jiquiriçá - BA;2918209;BA;DCA-Anexo I-C;Padrão;Receitas Brutas Realizadas;RO1.7.1.1.00.0.0;1.7.1.1.00.0.0 - Transferências Decorrentes de Participação na Receita da União;26802746,15;14576
2022;Prefeitura Municipal de Jiquiriçá - BA;2918209;BA;DCA-Anexo I-C;Padrão;Deduções - FUNDEB;RO1.7.1.1.00.0.0;1.7.1.1.00.0.0 - Transferências Decorrentes de Participação na Receita da União;4904338,71;14576
2022;Prefeitura Municipal de Jiquiriçá - BA;2918209;BA;DCA-Anexo I-C;Padrão;Receitas Brutas Realizadas;RO1.7.1.1.51.0.0;1.7.1.1.51.0.0 -Cota-Parte do Fundo de Participação dos Municípios - FPM;26784209,96;14576
2022;Prefeitura Municipal de Jiquiriçá - BA;2918209;BA;DCA-Anexo I-C;Padrão;Deduções - FUNDEB;RO1.7.1.1.51.0.0;1.7.1.1.51.0.0 -Cota-Parte do Fundo de Participação dos Municípios - FPM;4903501,44;14576
2022;Prefeitura Municipal de Jiquiriçá - BA;2918209;BA;DCA-Anexo I-C;Padrão;Receitas Brutas Realizadas;RO1.7.1.1.51.1.0;1.7.1.1.51.1.0 - Cota-Parte do Fundo de Participação dos Municípios - Cota Mensal;26784209,96;14576
2022;Prefeitura Municipal de Jiquiriçá - BA;2918209;BA;DCA-Anexo I-C;Padrão;Deduções - FUNDEB;RO1.7.1.1.51.1.0;1.7.1.1.51.1.0 - Cota-Parte do Fundo de Participação dos Municípios - Cota Mensal;4903501,44;14576
2022;Prefeitura Municipal de Jiquiriçá - BA;2918209;BA;DCA-Anexo I-C;Padrão;Receitas Brutas Realizadas;RO1.7.1.1.52.0.0;1.7.1.1.52.0.0 - Cota-Parte do Imposto Sobre a Propriedade Territorial Rural;4186,73;14576
2022;Prefeitura Municipal de Jiquiriçá - BA;2918209;BA;DCA-Anexo I-C;Padrão;Deduções - FUNDEB;RO1.7.1.1.52.0.0;1.7.1.1.52.0.0 - Cota-Parte do Imposto Sobre a Propriedade Territorial Rural;837,27;14576
2022;Prefeitura Municipal de Jiquiriçá - BA;2918209;BA;DCA-Anexo I-C;Padrão;Receitas Brutas Realizadas;RO1.7.1.1.54.0.0;1.7.1.1.54.0.0 - Cota-Parte da Contribuição de Intervenção no Domínio Econômico;14349,46;14576
2022;Prefeitura Municipal de Jiquiriçá - BA;2918209;BA;DCA-Anexo I-C;Padrão;Receitas Brutas Realizadas;RO1.7.1.2.00.0.0;1.7.1.2.00.0.0 -Transferências das Compensações Financeiras pela Exploração de Recursos Naturais;872228,64;14576
2022;Prefeitura Municipal de Jiquiriçá - BA;2918209;BA;DCA-Anexo I-C;Padrão;Receitas Brutas Realizadas;RO1.7.1.2.52.0.0;1.7.1.2.52.0.0 - Cota-parte da Compensação Financeira pela Produção de Petróleo;872228,64;14576
2022;Prefeitura Municipal de Jiquiriçá - BA;2918209;BA;DCA-Anexo I-C;Padrão;Receitas Brutas Realizadas;RO1.7.1.2.52.4.0;1.7.1.2.52.4.0 - Cota-Parte do Fundo Especial do Petróleo ¿ FEP;872228,64;14576
2022;Prefeitura Municipal de Jiquiriçá - BA;2918209;BA;DCA-Anexo I-C;Padrão;Receitas Brutas Realizadas;RO1.7.1.3.00.0.0;1.7.1.3.00.0.0 -Transferências de Recursos do Sistema Único de Saúde ¿ SUS ;8853428,03;14576
2022;Prefeitura Municipal de Jiquiriçá - BA;2918209;BA;DCA-Anexo I-C;Padrão;Receitas Brutas Realizadas;RO1.7.1.3.50.0.0;1.7.1.3.50.0.0 - Transferências de Recursos do Sistema Único de Saúde ¿ SUS ¿ Repasses Fundo a Fundo - Bloco de Manutenção das Ações e Serviços Públicos de Saúde;7994649,61;14576
2022;Prefeitura Municipal de Jiquiriçá - BA;2918209;BA;DCA-Anexo I-C;Padrão;Receitas Brutas Realizadas;RO1.7.1.3.50.1.0;1.7.1.3.50.1.0 - Transferências de Recursos do Bloco de Manutenção das Ações e Serviços Públicos de Saúde ¿ Atenção Primária;7994649,61;14576
2022;Prefeitura Municipal de Jiquiriçá - BA;2918209;BA;DCA-Anexo I-C;Padrão;Receitas Brutas Realizadas;RO1.7.1.3.51.0.0;1.7.1.3.51.0.0 - Transferências de Recursos do Sistema Único de Saúde ¿ SUS - Repasses Fundo a Fundo - Bloco de Estruturação da Rede de Serviços Públicos de Saúde;858778,42;14576
2022;Prefeitura Municipal de Jiquiriçá - BA;2918209;BA;DCA-Anexo I-C;Padrão;Receitas Brutas Realizadas;RO1.7.1.3.51.1.0;1.7.1.3.51.1.0 - Transferências de Recursos do Bloco de Estruturação da Rede de Serviços Públicos de Saúde - Atenção Primária;858778,42;14576
2022;Prefeitura Municipal de Jiquiriçá - BA;2918209;BA;DCA-Anexo I-C;Padrão;Receitas Brutas Realizadas;RO1.7.1.4.00.0.0;1.7.1.4.00.0.0 -Transferências de Recursos do Fundo Nacional do Desenvolvimento da Educação ¿ FNDE¿ ;1304781,39;14576
2022;Prefeitura Municipal de Jiquiriçá - BA;2918209;BA;DCA-Anexo I-C;Padrão;Receitas Brutas Realizadas;RO1.7.1.4.50.0.0;1.7.1.4.50.0.0 - Transferências do Salário-Educação;513375,25;14576
2022;Prefeitura Municipal de Jiquiriçá - BA;2918209;BA;DCA-Anexo I-C;Padrão;Receitas Brutas Realizadas;RO1.7.1.4.51.0.0;1.7.1.4.51.0.0 - Transferências Diretas do FNDE referentes ao Programa Dinheiro Direto na Escola ¿ PDDE;6180,00;14576
2022;Prefeitura Municipal de Jiquiriçá - BA;2918209;BA;DCA-Anexo I-C;Padrão;Receitas Brutas Realizadas;RO1.7.1.4.52.0.0;1.7.1.4.52.0.0 - Transferências referentes ao Programa Nacional de Alimentação Escolar ¿ PNAE;344306,00;14576
2022;Prefeitura Municipal de Jiquiriçá - BA;2918209;BA;DCA-Anexo I-C;Padrão;Receitas Brutas Realizadas;RO1.7.1.4.53.0.0;1.7.1.4.53.0.0 - Transferências referentes ao Programa Nacional de Apoio ao Transporte do Escolar ¿ PNATE;440920,14;14576
2022;Prefeitura Municipal de Jiquiriçá - BA;2918209;BA;DCA-Anexo I-C;Padrão;Receitas Brutas Realizadas;RO1.7.1.5.00.0.0;1.7.1.5.00.0.0 - Transferências de Recursos de Complementação da União ao Fundo de Manutenção e Desenvolvimento da Educação Básica e de Valorização dos Profissionais da Educação ¿ FUNDEB ;10987183,68;14576
2022;Prefeitura Municipal de Jiquiriçá - BA;2918209;BA;DCA-Anexo I-C;Padrão;Receitas Brutas Realizadas;RO1.7.1.7.00.0.0;1.7.1.7.00.0.0 - Transferências de Convênios da União e de Suas Entidades;2900273,82;14576
2022;Prefeitura Municipal de Jiquiriçá - BA;2918209;BA;DCA-Anexo I-C;Padrão;Receitas Brutas Realizadas;RO1.7.1.7.50.0.0;1.7.1.7.50.0.0 - Transferências de Convênios da União para o Sistema Único de Saúde ¿ SUS;2900273,82;14576
2022;Prefeitura Municipal de Jiquiriçá - BA;2918209;BA;DCA-Anexo I-C;Padrão;Receitas Brutas Realizadas;RO1.7.1.9.00.0.0;1.7.1.9.00.0.0 - Outras Transferências de Recursos da União e de suas Entidades;32256,85;14576
2022;Prefeitura Municipal de Jiquiriçá - BA;2918209;BA;DCA-Anexo I-C;Padrão;Receitas Brutas Realizadas;RO1.7.1.9.51.0.0;1.7.1.9.51.0.0 - Transferências Financeiras do ICMS ¿ Desoneração ¿ L.C. Nº 87/96;19231,80;14576
2022;Prefeitura Municipal de Jiquiriçá - BA;2918209;BA;DCA-Anexo I-C;Padrão;Receitas Brutas Realizadas;RO1.7.1.9.99.0.0;1.7.1.9.99.0.0 - Outras Transferências de Recursos da União e de suas Entidades;13025,05;14576
2022;Prefeitura Municipal de Jiquiriçá - BA;2918209;BA;DCA-Anexo I-C;Padrão;Receitas Brutas Realizadas;RO1.7.2.0.00.0.0;1.7.2.0.00.0.0 - Transferências dos Estados e do Distrito Federal e de suas Entidades;9778161,84;14576
2022;Prefeitura Municipal de Jiquiriçá - BA;2918209;BA;DCA-Anexo I-C;Padrão;Deduções - FUNDEB;RO1.7.2.0.00.0.0;1.7.2.0.00.0.0 - Transferências dos Estados e do Distrito Federal e de suas Entidades;881945,78;14576
2022;Prefeitura Municipal de Jiquiriçá - BA;2918209;BA;DCA-Anexo I-C;Padrão;Receitas Brutas Realizadas;RO1.7.2.1.00.0.0;1.7.2.1.00.0.0 - Participação na Receita dos Estados e Distrito Federal;4430428,55;14576
2022;Prefeitura Municipal de Jiquiriçá - BA;2918209;BA;DCA-Anexo I-C;Padrão;Deduções - FUNDEB;RO1.7.2.1.00.0.0;1.7.2.1.00.0.0 - Participação na Receita dos Estados e Distrito Federal;881945,78;14576
2022;Prefeitura Municipal de Jiquiriçá - BA;2918209;BA;DCA-Anexo I-C;Padrão;Receitas Brutas Realizadas;RO1.7.2.1.50.0.0;1.7.2.1.50.0.0 - Cota-Parte do ICMS;3927998,14;14576
2022;Prefeitura Municipal de Jiquiriçá - BA;2918209;BA;DCA-Anexo I-C;Padrão;Deduções - FUNDEB;RO1.7.2.1.50.0.0;1.7.2.1.50.0.0 - Cota-Parte do ICMS;785599,39;14576
2022;Prefeitura Municipal de Jiquiriçá - BA;2918209;BA;DCA-Anexo I-C;Padrão;Receitas Brutas Realizadas;RO1.7.2.1.51.0.0;1.7.2.1.51.0.0 - Cota-Parte do IPVA;481736,28;14576
2022;Prefeitura Municipal de Jiquiriçá - BA;2918209;BA;DCA-Anexo I-C;Padrão;Deduções - FUNDEB;RO1.7.2.1.51.0.0;1.7.2.1.51.0.0 - Cota-Parte do IPVA;96346,39;14576
2022;Prefeitura Municipal de Jiquiriçá - BA;2918209;BA;DCA-Anexo I-C;Padrão;Receitas Brutas Realizadas;RO1.7.2.1.52.0.0;1.7.2.1.52.0.0 - Cota-Parte do IPI - Municípios;20694,13;14576
2022;Prefeitura Municipal de Jiquiriçá - BA;2918209;BA;DCA-Anexo I-C;Padrão;Receitas Brutas Realizadas;RO1.7.2.2.00.0.0;1.7.2.2.00.0.0 - Transferências das Compensações Financeiras pela Exploração de Recursos Naturais;19365,68;14576
2022;Prefeitura Municipal de Jiquiriçá - BA;2918209;BA;DCA-Anexo I-C;Padrão;Receitas Brutas Realizadas;RO1.7.2.2.52.0.0;1.7.2.2.52.0.0 - Cota-parte Royalties ¿ Compensação Financeira pela Produção do Petróleo;19365,68;14576
2022;Prefeitura Municipal de Jiquiriçá - BA;2918209;BA;DCA-Anexo I-C;Padrão;Receitas Brutas Realizadas;RO1.7.2.4.00.0.0;1.7.2.4.00.0.0 - Transferências de Convênios dos Estados e DF e de Suas Entidades;5328367,61;14576
2022;Prefeitura Municipal de Jiquiriçá - BA;2918209;BA;DCA-Anexo I-C;Padrão;Receitas Brutas Realizadas;RO1.7.2.4.01.0.0;1.7.2.4.01.0.0 - Transferências de Convênios dos Estados e DF e de Suas Entidades para Órgãos e Entidades da União;5328367,61;14576
2022;Prefeitura Municipal de Jiquiriçá - BA;2918209;BA;DCA-Anexo I-C;Padrão;Receitas Brutas Realizadas;RO1.7.5.0.00.0.0;1.7.5.0.00.0.0 - Transferências de Outras Instituições Públicas;15199310,09;14576
2022;Prefeitura Municipal de Jiquiriçá - BA;2918209;BA;DCA-Anexo I-C;Padrão;Receitas Brutas Realizadas;RO1.7.5.1.00.0.0;1.7.5.1.00.0.0 - Transferências de Recursos do Fundo de Manutenção e Desenvolvimento da Educação Básica e de Valorização dos Profissionais da Educação - FUNDEB;15199310,09;14576
2022;Prefeitura Municipal de Jiquiriçá - BA;2918209;BA;DCA-Anexo I-C;Padrão;Receitas Brutas Realizadas;RO1.7.9.0.00.0.0;1.7.9.0.00.0.0 - Demais Transferências Correntes;9180,89;14576
2022;Prefeitura Municipal de Jiquiriçá - BA;2918209;BA;DCA-Anexo I-C;Padrão;Receitas Brutas Realizadas;RO1.7.9.1.00.0.0;1.7.9.1.00.0.0 - Transferências de Pessoas Físicas;9180,89;14576
2022;Prefeitura Municipal de Jiquiriçá - BA;2918209;BA;DCA-Anexo I-C;Padrão;Receitas Brutas Realizadas;RO1.7.9.1.01.0.0;1.7.9.1.01.0.0 - Transferências de Pessoas Físicas para Órgãos e Entidades da União;9180,89;14576
2022;Prefeitura Municipal de Jiquiriçá - BA;2918209;BA;DCA-Anexo I-C;Padrão;Receitas Brutas Realizadas;RO1.9.0.0.00.0.0;1.9.0.0.00.0.0 - Outras Receitas Correntes;135209,50;14576
2022;Prefeitura Municipal de Jiquiriçá - BA;2918209;BA;DCA-Anexo I-C;Padrão;Receitas Brutas Realizadas;RO1.9.1.0.00.0.0;1.9.1.0.00.0.0 - Multas Administrativas, Contratuais e Judiciais;21595,32;14576
2022;Prefeitura Municipal de Jiquiriçá - BA;2918209;BA;DCA-Anexo I-C;Padrão;Receitas Brutas Realizadas;RO1.9.1.1.00.0.0;1.9.1.1.00.0.0 - Multas Administrativas, Contratuais e Judiciais;21595,32;14576
2022;Prefeitura Municipal de Jiquiriçá - BA;2918209;BA;DCA-Anexo I-C;Padrão;Receitas Brutas Realizadas;RO1.9.1.1.09.0.0;1.9.1.1.09.0.0 - Multas e Juros Previstos em Contratos;21595,32;14576
2022;Prefeitura Municipal de Jiquiriçá - BA;2918209;BA;DCA-Anexo I-C;Padrão;Receitas Brutas Realizadas;RO1.9.2.0.00.0.0;1.9.2.0.00.0.0 - Indenizações, Restituições e Ressarcimentos;91914,97;14576
2022;Prefeitura Municipal de Jiquiriçá - BA;2918209;BA;DCA-Anexo I-C;Padrão;Receitas Brutas Realizadas;RO1.9.2.1.00.0.0;1.9.2.1.00.0.0 - Indenizações;87231,80;14576
2022;Prefeitura Municipal de Jiquiriçá - BA;2918209;BA;DCA-Anexo I-C;Padrão;Receitas Brutas Realizadas;RO1.9.2.1.03.0.0;1.9.2.1.03.0.0 - Indenização por Sinistro;87231,80;14576
2022;Prefeitura Municipal de Jiquiriçá - BA;2918209;BA;DCA-Anexo I-C;Padrão;Receitas Brutas Realizadas;RO1.9.2.2.00.0.0;1.9.2.2.00.0.0 - Restituições;2683,17;14576
2022;Prefeitura Municipal de Jiquiriçá - BA;2918209;BA;DCA-Anexo I-C;Padrão;Receitas Brutas Realizadas;RO1.9.2.2.99.0.0;1.9.2.2.99.0.0 - Outras Restituições;2683,17;14576
2022;Prefeitura Municipal de Jiquiriçá - BA;2918209;BA;DCA-Anexo I-C;Padrão;Receitas Brutas Realizadas;RO1.9.2.3.00.0.0;1.9.2.3.00.0.0 - Ressarcimentos;2000,00;14576
2022;Prefeitura Municipal de Jiquiriçá - BA;2918209;BA;DCA-Anexo I-C;Padrão;Receitas Brutas Realizadas;RO1.9.2.3.99.0.0;1.9.2.3.99.0.0 - Outros Ressarcimentos;2000,00;14576
2022;Prefeitura Municipal de Jiquiriçá - BA;2918209;BA;DCA-Anexo I-C;Padrão;Receitas Brutas Realizadas;RO1.9.9.0.00.0.0;1.9.9.0.00.0.0 - Demais Receitas Correntes;21699,21;14576
2022;Prefeitura Municipal de Jiquiriçá - BA;2918209;BA;DCA-Anexo I-C;Padrão;Receitas Brutas Realizadas;RO1.9.9.9.00.0.0;1.9.9.9.00.0.0 - Outras Receitas Correntes;21699,21;14576
2022;Prefeitura Municipal de Jiquiriçá - BA;2918209;BA;DCA-Anexo I-C;Padrão;Receitas Brutas Realizadas;RO1.9.9.9.99.0.0;1.9.9.9.99.0.0 - Outras Receitas;21699,21;14576
2022;Prefeitura Municipal de Jiquiriçá - BA;2918209;BA;DCA-Anexo I-C;Padrão;Receitas Brutas Realizadas;RO1.9.9.9.99.1.0;1.9.9.9.99.1.0 - Outras Receitas Administradas pela RFB;21699,21;14576
2022;Prefeitura Municipal de Jiquiriçá - BA;2918209;BA;DCA-Anexo I-C;Padrão;Receitas Brutas Realizadas;RO2.0.0.0.00.0.0;2.0.0.0.00.0.0 - Receitas de Capital;4473752,00;14576
2022;Prefeitura Municipal de Jiquiriçá - BA;2918209;BA;DCA-Anexo I-C;Padrão;Receitas Brutas Realizadas;RO2.1.0.0.00.0.0;2.1.0.0.00.0.0 - Operações de Crédito;4075000,00;14576
2022;Prefeitura Municipal de Jiquiriçá - BA;2918209;BA;DCA-Anexo I-C;Padrão;Receitas Brutas Realizadas;RO2.1.1.0.00.0.0;2.1.1.0.00.0.0 - Operações de Crédito - Mercado Interno;4075000,00;14576
2022;Prefeitura Municipal de Jiquiriçá - BA;2918209;BA;DCA-Anexo I-C;Padrão;Receitas Brutas Realizadas;RO2.1.1.2.00.0.0;2.1.1.2.00.0.0 - Operações de Crédito Contratuais - Mercado Interno;4075000,00;14576
2022;Prefeitura Municipal de Jiquiriçá - BA;2918209;BA;DCA-Anexo I-C;Padrão;Receitas Brutas Realizadas;RO2.1.1.2.52.0.0;2.1.1.2.52.0.0 - Operações de Crédito Internas para Programas de Saneamento;4075000,00;14576
2022;Prefeitura Municipal de Jiquiriçá - BA;2918209;BA;DCA-Anexo I-C;Padrão;Receitas Brutas Realizadas;RO2.2.0.0.00.0.0;2.2.0.0.00.0.0 - Alienação de Bens;58500,00;14576
2022;Prefeitura Municipal de Jiquiriçá - BA;2918209;BA;DCA-Anexo I-C;Padrão;Receitas Brutas Realizadas;RO2.2.1.0.00.0.0;2.2.1.0.00.0.0 - Alienação de Bens Móveis;58500,00;14576
2022;Prefeitura Municipal de Jiquiriçá - BA;2918209;BA;DCA-Anexo I-C;Padrão;Receitas Brutas Realizadas;RO2.2.1.3.00.0.0;2.2.1.3.00.0.0 - Alienação de Bens Móveis e Semoventes;58500,00;14576
2022;Prefeitura Municipal de Jiquiriçá - BA;2918209;BA;DCA-Anexo I-C;Padrão;Receitas Brutas Realizadas;RO2.4.0.0.00.0.0;2.4.0.0.00.0.0 - Transferências de Capital;340252,00;14576
2022;Prefeitura Municipal de Jiquiriçá - BA;2918209;BA;DCA-Anexo I-C;Padrão;Receitas Brutas Realizadas;RO2.4.2.0.00.0.0;2.4.2.0.00.0.0 - Transferências dos Estados e do Distrito Federal e de suas Entidades;340252,00;14576
2022;Prefeitura Municipal de Jiquiriçá - BA;2918209;BA;DCA-Anexo I-C;Padrão;Receitas Brutas Realizadas;RO2.4.2.9.00.0.0;2.4.2.9.00.0.0 - Outras Transferências de Recursos dos Estados;340252,00;14576
2022;Prefeitura Municipal de Jiquiriçá - BA;2918209;BA;DCA-Anexo I-C;Padrão;Receitas Brutas Realizadas;RO2.4.2.9.50.0.0;2.4.2.9.50.0.0 - Transferências dos Estados e Distrito Federal a Consórcios Públicos;340252,00;14576
2022;Prefeitura Municipal de Jiquiriçá - BA;2918209;BA;DCA-Anexo I-C;Padrão;Receitas Brutas Realizadas;TotalReceitas;TOTAL DAS RECEITAS (III) = (I + II);84392654,76;14576
2022;Prefeitura Municipal de Jiquiriçá - BA;2918209;BA;DCA-Anexo I-C;Padrão;Deduções - FUNDEB;TotalReceitas;TOTAL DAS RECEITAS (III) = (I + II);5786284,49;14576
2023;Prefeitura Municipal de Jiquiriçá - BA;2918209;BA;DCA-Anexo I-C;Padrão;Receitas Brutas Realizadas;ReceitasExcetoIntraOrcamentarias;RECEITAS (EXCETO INTRA-ORÇAMENTÁRIAS) (I);84426353,59;14576
2023;Prefeitura Municipal de Jiquiriçá - BA;2918209;BA;DCA-Anexo I-C;Padrão;Deduções - FUNDEB;ReceitasExcetoIntraOrcamentarias;RECEITAS (EXCETO INTRA-ORÇAMENTÁRIAS) (I);5998697,32;14576
2023;Prefeitura Municipal de Jiquiriçá - BA;2918209;BA;DCA-Anexo I-C;Padrão;Receitas Brutas Realizadas;RO1.0.0.0.00.0.0;1.0.0.0.00.0.0 - Receitas Correntes;82597805,59;14576
2023;Prefeitura Municipal de Jiquiriçá - BA;2918209;BA;DCA-Anexo I-C;Padrão;Deduções - FUNDEB;RO1.0.0.0.00.0.0;1.0.0.0.00.0.0 - Receitas Correntes;5998697,32;14576
2023;Prefeitura Municipal de Jiquiriçá - BA;2918209;BA;DCA-Anexo I-C;Padrão;Receitas Brutas Realizadas;RO1.1.0.0.00.0.0;1.1.0.0.00.0.0 - Impostos, Taxas e Contribuições de Melhoria;2145922,37;14576
2023;Prefeitura Municipal de Jiquiriçá - BA;2918209;BA;DCA-Anexo I-C;Padrão;Receitas Brutas Realizadas;RO1.1.1.0.00.0.0;1.1.1.0.00.0.0 - Impostos;1895560,97;14576
2023;Prefeitura Municipal de Jiquiriçá - BA;2918209;BA;DCA-Anexo I-C;Padrão;Receitas Brutas Realizadas;RO1.1.1.2.00.0.0;1.1.1.2.00.0.0 - Impostos sobre o Patrimônio;342152,54;14576
2023;Prefeitura Municipal de Jiquiriçá - BA;2918209;BA;DCA-Anexo I-C;Padrão;Receitas Brutas Realizadas;RO1.1.1.2.50.0.0;1.1.1.2.50.0.0 - Imposto sobre a Propriedade Predial e Territorial Urbana;303407,54;14576
2023;Prefeitura Municipal de Jiquiriçá - BA;2918209;BA;DCA-Anexo I-C;Padrão;Receitas Brutas Realizadas;RO1.1.1.2.53.0.0;"1.1.1.2.53.0.0 - Impostos sobre Transmissão ""Inter Vivos"" de Bens Imóveis e de Direitos Reais sobre Imóveis";38745,00;14576
2023;Prefeitura Municipal de Jiquiriçá - BA;2918209;BA;DCA-Anexo I-C;Padrão;Receitas Brutas Realizadas;RO1.1.1.3.00.0.0;1.1.1.3.00.0.0 - Impostos sobre a Renda e Proventos de Qualquer Natureza;242548,64;14576
2023;Prefeitura Municipal de Jiquiriçá - BA;2918209;BA;DCA-Anexo I-C;Padrão;Receitas Brutas Realizadas;RO1.1.1.3.03.0.0;1.1.1.3.03.0.0 - Imposto sobre a Renda - Retido na Fonte;242548,64;14576
2023;Prefeitura Municipal de Jiquiriçá - BA;2918209;BA;DCA-Anexo I-C;Padrão;Receitas Brutas Realizadas;RO1.1.1.3.03.1.0;1.1.1.3.03.1.0 - Imposto sobre a Renda - Retido na Fonte - Trabalho;27191,93;14576
2023;Prefeitura Municipal de Jiquiriçá - BA;2918209;BA;DCA-Anexo I-C;Padrão;Receitas Brutas Realizadas;RO1.1.1.3.03.4.0;1.1.1.3.03.4.0 - Imposto sobre a Renda - Retido na Fonte - Outros Rendimentos;215356,71;14576
2023;Prefeitura Municipal de Jiquiriçá - BA;2918209;BA;DCA-Anexo I-C;Padrão;Receitas Brutas Realizadas;RO1.1.1.4.00.0.0;1.1.1.4.00.0.0 - Impostos sobre a Produção e Circulação de Mercadorias e Serviços;1305834,67;14576
2023;Prefeitura Municipal de Jiquiriçá - BA;2918209;BA;DCA-Anexo I-C;Padrão;Receitas Brutas Realizadas;RO1.1.1.4.51.0.0;1.1.1.4.51.0.0 - Impostos sobre Serviços;1305834,67;14576
2023;Prefeitura Municipal de Jiquiriçá - BA;2918209;BA;DCA-Anexo I-C;Padrão;Receitas Brutas Realizadas;RO1.1.1.4.51.1.0;1.1.1.4.51.1.0 - Imposto sobre Serviços de Qualquer Natureza - ISSQN;1305834,67;14576
2023;Prefeitura Municipal de Jiquiriçá - BA;2918209;BA;DCA-Anexo I-C;Padrão;Receitas Brutas Realizadas;RO1.1.1.9.00.0.0;1.1.1.9.00.0.0 - Outros Impostos;5025,12;14576
2023;Prefeitura Municipal de Jiquiriçá - BA;2918209;BA;DCA-Anexo I-C;Padrão;Receitas Brutas Realizadas;RO1.1.2.0.00.0.0;1.1.2.0.00.0.0 - Taxas;142698,98;14576
2023;Prefeitura Municipal de Jiquiriçá - BA;2918209;BA;DCA-Anexo I-C;Padrão;Receitas Brutas Realizadas;RO1.1.2.1.00.0.0;1.1.2.1.00.0.0 - Taxas pelo Exercício do Poder de Polícia;142698,98;14576
2023;Prefeitura Municipal de Jiquiriçá - BA;2918209;BA;DCA-Anexo I-C;Padrão;Receitas Brutas Realizadas;RO1.1.2.1.01.0.0;1.1.2.1.01.0.0 - Taxas de Inspeção, Controle e Fiscalização;125930,78;14576
2023;Prefeitura Municipal de Jiquiriçá - BA;2918209;BA;DCA-Anexo I-C;Padrão;Receitas Brutas Realizadas;RO1.1.2.1.04.0.0;1.1.2.1.04.0.0 - Taxa de Controle e Fiscalização Ambiental;900,00;14576
2023;Prefeitura Municipal de Jiquiriçá - BA;2918209;BA;DCA-Anexo I-C;Padrão;Receitas Brutas Realizadas;RO1.1.2.1.50.0.0;1.1.2.1.50.0.0 - Taxa de Fiscalização de Vigilância Sanitária;15868,20;14576
2023;Prefeitura Municipal de Jiquiriçá - BA;2918209;BA;DCA-Anexo I-C;Padrão;Receitas Brutas Realizadas;RO1.1.3.0.00.0.0;1.1.3.0.00.0.0 - Contribuição de Melhoria;107662,42;14576
2023;Prefeitura Municipal de Jiquiriçá - BA;2918209;BA;DCA-Anexo I-C;Padrão;Receitas Brutas Realizadas;RO1.1.3.1.00.0.0;1.1.3.1.00.0.0 - Contribuição de Melhoria;107662,42;14576
2023;Prefeitura Municipal de Jiquiriçá - BA;2918209;BA;DCA-Anexo I-C;Padrão;Receitas Brutas Realizadas;RO1.1.3.1.51.0.0;1.1.3.1.51.0.0 - Contribuição de Melhoria para Expansão da Rede de Iluminação Pública na Cidade;107662,42;14576
2023;Prefeitura Municipal de Jiquiriçá - BA;2918209;BA;DCA-Anexo I-C;Padrão;Receitas Brutas Realizadas;RO1.3.0.0.00.0.0;1.3.0.0.00.0.0 - Receita Patrimonial;576894,86;14576
2023;Prefeitura Municipal de Jiquiriçá - BA;2918209;BA;DCA-Anexo I-C;Padrão;Receitas Brutas Realizadas;RO1.3.2.0.00.0.0;1.3.2.0.00.0.0 - Valores Mobiliários;576894,86;14576
2023;Prefeitura Municipal de Jiquiriçá - BA;2918209;BA;DCA-Anexo I-C;Padrão;Receitas Brutas Realizadas;RO1.3.2.1.00.0.0;1.3.2.1.00.0.0 - Juros e Correções Monetárias;576894,86;14576
2023;Prefeitura Municipal de Jiquiriçá - BA;2918209;BA;DCA-Anexo I-C;Padrão;Receitas Brutas Realizadas;RO1.3.2.1.01.0.0;1.3.2.1.01.0.0 - Remuneração de Depósitos Bancários;576894,86;14576
2023;Prefeitura Municipal de Jiquiriçá - BA;2918209;BA;DCA-Anexo I-C;Padrão;Receitas Brutas Realizadas;RO1.6.0.0.00.0.0;1.6.0.0.00.0.0 - Receita de Serviços;135987,15;14576
2023;Prefeitura Municipal de Jiquiriçá - BA;2918209;BA;DCA-Anexo I-C;Padrão;Receitas Brutas Realizadas;RO1.6.1.0.00.0.0;1.6.1.0.00.0.0 - Serviços Administrativos e Comerciais Gerais;135987,15;14576
2023;Prefeitura Municipal de Jiquiriçá - BA;2918209;BA;DCA-Anexo I-C;Padrão;Receitas Brutas Realizadas;RO1.6.1.1.00.0.0;1.6.1.1.00.0.0 - Serviços Administrativos e Comerciais Gerais;135987,15;14576
2023;Prefeitura Municipal de Jiquiriçá - BA;2918209;BA;DCA-Anexo I-C;Padrão;Receitas Brutas Realizadas;RO1.6.1.1.01.0.0;1.6.1.1.01.0.0 - Serviços Administrativos e Comerciais Gerais Prestados por Entidades e Órgãos Públicos em Geral;135987,15;14576
2023;Prefeitura Municipal de Jiquiriçá - BA;2918209;BA;DCA-Anexo I-C;Padrão;Receitas Brutas Realizadas;RO1.7.0.0.00.0.0;1.7.0.0.00.0.0 - Transferências Correntes;79642905,45;14576
2023;Prefeitura Municipal de Jiquiriçá - BA;2918209;BA;DCA-Anexo I-C;Padrão;Deduções - FUNDEB;RO1.7.0.0.00.0.0;1.7.0.0.00.0.0 - Transferências Correntes;5998697,32;14576
2023;Prefeitura Municipal de Jiquiriçá - BA;2918209;BA;DCA-Anexo I-C;Padrão;Receitas Brutas Realizadas;RO1.7.1.0.00.0.0;1.7.1.0.00.0.0 - Transferências da União e de suas Entidades;58404904,51;14576
2023;Prefeitura Municipal de Jiquiriçá - BA;2918209;BA;DCA-Anexo I-C;Padrão;Deduções - FUNDEB;RO1.7.1.0.00.0.0;1.7.1.0.00.0.0 - Transferências da União e de suas Entidades;5035309,50;14576
2023;Prefeitura Municipal de Jiquiriçá - BA;2918209;BA;DCA-Anexo I-C;Padrão;Receitas Brutas Realizadas;RO1.7.1.1.00.0.0;1.7.1.1.00.0.0 - Transferências Decorrentes de Participação na Receita da União;27663815,34;14576
2023;Prefeitura Municipal de Jiquiriçá - BA;2918209;BA;DCA-Anexo I-C;Padrão;Deduções - FUNDEB;RO1.7.1.1.00.0.0;1.7.1.1.00.0.0 - Transferências Decorrentes de Participação na Receita da União;5035309,50;14576
2023;Prefeitura Municipal de Jiquiriçá - BA;2918209;BA;DCA-Anexo I-C;Padrão;Receitas Brutas Realizadas;RO1.7.1.1.51.0.0;1.7.1.1.51.0.0 -Cota-Parte do Fundo de Participação dos Municípios - FPM;27656173,93;14576
2023;Prefeitura Municipal de Jiquiriçá - BA;2918209;BA;DCA-Anexo I-C;Padrão;Deduções - FUNDEB;RO1.7.1.1.51.0.0;1.7.1.1.51.0.0 -Cota-Parte do Fundo de Participação dos Municípios - FPM;5034344,13;14576
2023;Prefeitura Municipal de Jiquiriçá - BA;2918209;BA;DCA-Anexo I-C;Padrão;Receitas Brutas Realizadas;RO1.7.1.1.51.1.0;1.7.1.1.51.1.0 - Cota-Parte do Fundo de Participação dos Municípios - Cota Mensal;27656173,93;14576
2023;Prefeitura Municipal de Jiquiriçá - BA;2918209;BA;DCA-Anexo I-C;Padrão;Deduções - FUNDEB;RO1.7.1.1.51.1.0;1.7.1.1.51.1.0 - Cota-Parte do Fundo de Participação dos Municípios - Cota Mensal;5034344,13;14576
2023;Prefeitura Municipal de Jiquiriçá - BA;2918209;BA;DCA-Anexo I-C;Padrão;Receitas Brutas Realizadas;RO1.7.1.1.52.0.0;1.7.1.1.52.0.0 - Cota-Parte do Imposto Sobre a Propriedade Territorial Rural;4827,51;14576
2023;Prefeitura Municipal de Jiquiriçá - BA;2918209;BA;DCA-Anexo I-C;Padrão;Deduções - FUNDEB;RO1.7.1.1.52.0.0;1.7.1.1.52.0.0 - Cota-Parte do Imposto Sobre a Propriedade Territorial Rural;965,37;14576
2023;Prefeitura Municipal de Jiquiriçá - BA;2918209;BA;DCA-Anexo I-C;Padrão;Receitas Brutas Realizadas;RO1.7.1.1.54.0.0;1.7.1.1.54.0.0 - Cota-Parte da Contribuição de Intervenção no Domínio Econômico;2813,90;14576
2023;Prefeitura Municipal de Jiquiriçá - BA;2918209;BA;DCA-Anexo I-C;Padrão;Receitas Brutas Realizadas;RO1.7.1.2.00.0.0;1.7.1.2.00.0.0 -Transferências das Compensações Financeiras pela Exploração de Recursos Naturais;551174,18;14576
2023;Prefeitura Municipal de Jiquiriçá - BA;2918209;BA;DCA-Anexo I-C;Padrão;Receitas Brutas Realizadas;RO1.7.1.2.51.0.0;1.7.1.2.51.0.0 -Cota-parte da Compensação Financeira pela Exploração de Recursos Minerais - CFEM;13486,82;14576
2023;Prefeitura Municipal de Jiquiriçá - BA;2918209;BA;DCA-Anexo I-C;Padrão;Receitas Brutas Realizadas;RO1.7.1.2.52.0.0;1.7.1.2.52.0.0 - Cota-parte da Compensação Financeira pela Produção de Petróleo;537687,36;14576
2023;Prefeitura Municipal de Jiquiriçá - BA;2918209;BA;DCA-Anexo I-C;Padrão;Receitas Brutas Realizadas;RO1.7.1.2.52.4.0;1.7.1.2.52.4.0 - Cota-Parte do Fundo Especial do Petróleo ¿ FEP;537687,36;14576
2023;Prefeitura Municipal de Jiquiriçá - BA;2918209;BA;DCA-Anexo I-C;Padrão;Receitas Brutas Realizadas;RO1.7.1.3.00.0.0;1.7.1.3.00.0.0 -Transferências de Recursos do Sistema Único de Saúde ¿ SUS ;11330099,86;14576
2023;Prefeitura Municipal de Jiquiriçá - BA;2918209;BA;DCA-Anexo I-C;Padrão;Receitas Brutas Realizadas;RO1.7.1.3.50.0.0;1.7.1.3.50.0.0 - Transferências de Recursos do Sistema Único de Saúde ¿ SUS ¿ Repasses Fundo a Fundo - Bloco de Manutenção das Ações e Serviços Públicos de Saúde;11330099,86;14576
2023;Prefeitura Municipal de Jiquiriçá - BA;2918209;BA;DCA-Anexo I-C;Padrão;Receitas Brutas Realizadas;RO1.7.1.3.50.1.0;1.7.1.3.50.1.0 - Transferências de Recursos do Bloco de Manutenção das Ações e Serviços Públicos de Saúde ¿ Atenção Primária;11330099,86;14576
2023;Prefeitura Municipal de Jiquiriçá - BA;2918209;BA;DCA-Anexo I-C;Padrão;Receitas Brutas Realizadas;RO1.7.1.4.00.0.0;1.7.1.4.00.0.0 -Transferências de Recursos do Fundo Nacional do Desenvolvimento da Educação ¿ FNDE¿ ;1612488,20;14576
2023;Prefeitura Municipal de Jiquiriçá - BA;2918209;BA;DCA-Anexo I-C;Padrão;Receitas Brutas Realizadas;RO1.7.1.4.50.0.0;1.7.1.4.50.0.0 - Transferências do Salário-Educação;612213,11;14576
2023;Prefeitura Municipal de Jiquiriçá - BA;2918209;BA;DCA-Anexo I-C;Padrão;Receitas Brutas Realizadas;RO1.7.1.4.52.0.0;1.7.1.4.52.0.0 - Transferências referentes ao Programa Nacional de Alimentação Escolar ¿ PNAE;679919,10;14576
2023;Prefeitura Municipal de Jiquiriçá - BA;2918209;BA;DCA-Anexo I-C;Padrão;Receitas Brutas Realizadas;RO1.7.1.4.53.0.0;1.7.1.4.53.0.0 - Transferências referentes ao Programa Nacional de Apoio ao Transporte do Escolar ¿ PNATE;319989,00;14576
2023;Prefeitura Municipal de Jiquiriçá - BA;2918209;BA;DCA-Anexo I-C;Padrão;Receitas Brutas Realizadas;RO1.7.1.4.55.0.0;1.7.1.4.55.0.0 - Transferências referentes ao Programa Brasil Alfabetizado - PBA;366,99;14576
2023;Prefeitura Municipal de Jiquiriçá - BA;2918209;BA;DCA-Anexo I-C;Padrão;Receitas Brutas Realizadas;RO1.7.1.5.00.0.0;1.7.1.5.00.0.0 - Transferências de Recursos de Complementação da União ao Fundo de Manutenção e Desenvolvimento da Educação Básica e de Valorização dos Profissionais da Educação ¿ FUNDEB ;10851232,63;14576
2023;Prefeitura Municipal de Jiquiriçá - BA;2918209;BA;DCA-Anexo I-C;Padrão;Receitas Brutas Realizadas;RO1.7.1.6.00.0.0;1.7.1.6.00.0.0 - Transferências de Recursos do Fundo Nacional de Assistência Social ¿ FNAS;487047,87;14576
2023;Prefeitura Municipal de Jiquiriçá - BA;2918209;BA;DCA-Anexo I-C;Padrão;Receitas Brutas Realizadas;RO1.7.1.7.00.0.0;1.7.1.7.00.0.0 - Transferências de Convênios da União e de Suas Entidades;5266269,25;14576
2023;Prefeitura Municipal de Jiquiriçá - BA;2918209;BA;DCA-Anexo I-C;Padrão;Receitas Brutas Realizadas;RO1.7.1.7.50.0.0;1.7.1.7.50.0.0 - Transferências de Convênios da União para o Sistema Único de Saúde ¿ SUS;5266269,25;14576
2023;Prefeitura Municipal de Jiquiriçá - BA;2918209;BA;DCA-Anexo I-C;Padrão;Receitas Brutas Realizadas;RO1.7.1.9.00.0.0;1.7.1.9.00.0.0 - Outras Transferências de Recursos da União e de suas Entidades;642777,18;14576
2023;Prefeitura Municipal de Jiquiriçá - BA;2918209;BA;DCA-Anexo I-C;Padrão;Receitas Brutas Realizadas;RO1.7.1.9.99.0.0;1.7.1.9.99.0.0 - Outras Transferências de Recursos da União e de suas Entidades;642777,18;14576
2023;Prefeitura Municipal de Jiquiriçá - BA;2918209;BA;DCA-Anexo I-C;Padrão;Receitas Brutas Realizadas;RO1.7.2.0.00.0.0;1.7.2.0.00.0.0 - Transferências dos Estados e do Distrito Federal e de suas Entidades;4849859,85;14576
2023;Prefeitura Municipal de Jiquiriçá - BA;2918209;BA;DCA-Anexo I-C;Padrão;Deduções - FUNDEB;RO1.7.2.0.00.0.0;1.7.2.0.00.0.0 - Transferências dos Estados e do Distrito Federal e de suas Entidades;963387,82;14576
2023;Prefeitura Municipal de Jiquiriçá - BA;2918209;BA;DCA-Anexo I-C;Padrão;Receitas Brutas Realizadas;RO1.7.2.1.00.0.0;1.7.2.1.00.0.0 - Participação na Receita dos Estados e Distrito Federal;4840876,29;14576
2023;Prefeitura Municipal de Jiquiriçá - BA;2918209;BA;DCA-Anexo I-C;Padrão;Deduções - FUNDEB;RO1.7.2.1.00.0.0;1.7.2.1.00.0.0 - Participação na Receita dos Estados e Distrito Federal;963387,82;14576
2023;Prefeitura Municipal de Jiquiriçá - BA;2918209;BA;DCA-Anexo I-C;Padrão;Receitas Brutas Realizadas;RO1.7.2.1.50.0.0;1.7.2.1.50.0.0 - Cota-Parte do ICMS;4223961,48;14576
2023;Prefeitura Municipal de Jiquiriçá - BA;2918209;BA;DCA-Anexo I-C;Padrão;Deduções - FUNDEB;RO1.7.2.1.50.0.0;1.7.2.1.50.0.0 - Cota-Parte do ICMS;844792,03;14576
2023;Prefeitura Municipal de Jiquiriçá - BA;2918209;BA;DCA-Anexo I-C;Padrão;Receitas Brutas Realizadas;RO1.7.2.1.51.0.0;1.7.2.1.51.0.0 - Cota-Parte do IPVA;592983,38;14576
2023;Prefeitura Municipal de Jiquiriçá - BA;2918209;BA;DCA-Anexo I-C;Padrão;Deduções - FUNDEB;RO1.7.2.1.51.0.0;1.7.2.1.51.0.0 - Cota-Parte do IPVA;118595,79;14576
2023;Prefeitura Municipal de Jiquiriçá - BA;2918209;BA;DCA-Anexo I-C;Padrão;Receitas Brutas Realizadas;RO1.7.2.1.52.0.0;1.7.2.1.52.0.0 - Cota-Parte do IPI - Municípios;23931,43;14576
2023;Prefeitura Municipal de Jiquiriçá - BA;2918209;BA;DCA-Anexo I-C;Padrão;Receitas Brutas Realizadas;RO1.7.2.2.00.0.0;1.7.2.2.00.0.0 - Transferências das Compensações Financeiras pela Exploração de Recursos Naturais;8983,56;14576
2023;Prefeitura Municipal de Jiquiriçá - BA;2918209;BA;DCA-Anexo I-C;Padrão;Receitas Brutas Realizadas;RO1.7.2.2.52.0.0;1.7.2.2.52.0.0 - Cota-parte Royalties ¿ Compensação Financeira pela Produção do Petróleo;8983,56;14576
2023;Prefeitura Municipal de Jiquiriçá - BA;2918209;BA;DCA-Anexo I-C;Padrão;Receitas Brutas Realizadas;RO1.7.5.0.00.0.0;1.7.5.0.00.0.0 - Transferências de Outras Instituições Públicas;16388141,09;14576
2023;Prefeitura Municipal de Jiquiriçá - BA;2918209;BA;DCA-Anexo I-C;Padrão;Receitas Brutas Realizadas;RO1.7.5.1.00.0.0;1.7.5.1.00.0.0 - Transferências de Recursos do Fundo de Manutenção e Desenvolvimento da Educação Básica e de Valorização dos Profissionais da Educação - FUNDEB;16388141,09;14576
2023;Prefeitura Municipal de Jiquiriçá - BA;2918209;BA;DCA-Anexo I-C;Padrão;Receitas Brutas Realizadas;RO1.9.0.0.00.0.0;1.9.0.0.00.0.0 - Outras Receitas Correntes;96095,76;14576
2023;Prefeitura Municipal de Jiquiriçá - BA;2918209;BA;DCA-Anexo I-C;Padrão;Receitas Brutas Realizadas;RO1.9.1.0.00.0.0;1.9.1.0.00.0.0 - Multas Administrativas, Contratuais e Judiciais;12436,69;14576
2023;Prefeitura Municipal de Jiquiriçá - BA;2918209;BA;DCA-Anexo I-C;Padrão;Receitas Brutas Realizadas;RO1.9.1.1.00.0.0;1.9.1.1.00.0.0 - Multas Administrativas, Contratuais e Judiciais;12436,69;14576
2023;Prefeitura Municipal de Jiquiriçá - BA;2918209;BA;DCA-Anexo I-C;Padrão;Receitas Brutas Realizadas;RO1.9.1.1.09.0.0;1.9.1.1.09.0.0 - Multas e Juros Previstos em Contratos;12436,69;14576
2023;Prefeitura Municipal de Jiquiriçá - BA;2918209;BA;DCA-Anexo I-C;Padrão;Receitas Brutas Realizadas;RO1.9.2.0.00.0.0;1.9.2.0.00.0.0 - Indenizações, Restituições e Ressarcimentos;77760,97;14576
2023;Prefeitura Municipal de Jiquiriçá - BA;2918209;BA;DCA-Anexo I-C;Padrão;Receitas Brutas Realizadas;RO1.9.2.1.00.0.0;1.9.2.1.00.0.0 - Indenizações;68796,00;14576
2023;Prefeitura Municipal de Jiquiriçá - BA;2918209;BA;DCA-Anexo I-C;Padrão;Receitas Brutas Realizadas;RO1.9.2.1.03.0.0;1.9.2.1.03.0.0 - Indenização por Sinistro;68796,00;14576
2023;Prefeitura Municipal de Jiquiriçá - BA;2918209;BA;DCA-Anexo I-C;Padrão;Receitas Brutas Realizadas;RO1.9.2.2.00.0.0;1.9.2.2.00.0.0 - Restituições;6212,15;14576
2023;Prefeitura Municipal de Jiquiriçá - BA;2918209;BA;DCA-Anexo I-C;Padrão;Receitas Brutas Realizadas;RO1.9.2.2.99.0.0;1.9.2.2.99.0.0 - Outras Restituições;6212,15;14576
2023;Prefeitura Municipal de Jiquiriçá - BA;2918209;BA;DCA-Anexo I-C;Padrão;Receitas Brutas Realizadas;RO1.9.2.3.00.0.0;1.9.2.3.00.0.0 - Ressarcimentos;2752,82;14576
2023;Prefeitura Municipal de Jiquiriçá - BA;2918209;BA;DCA-Anexo I-C;Padrão;Receitas Brutas Realizadas;RO1.9.2.3.99.0.0;1.9.2.3.99.0.0 - Outros Ressarcimentos;2752,82;14576
2023;Prefeitura Municipal de Jiquiriçá - BA;2918209;BA;DCA-Anexo I-C;Padrão;Receitas Brutas Realizadas;RO1.9.9.0.00.0.0;1.9.9.0.00.0.0 - Demais Receitas Correntes;5898,10;14576
2023;Prefeitura Municipal de Jiquiriçá - BA;2918209;BA;DCA-Anexo I-C;Padrão;Receitas Brutas Realizadas;RO1.9.9.9.00.0.0;1.9.9.9.00.0.0 - Outras Receitas Correntes;5898,10;14576
2023;Prefeitura Municipal de Jiquiriçá - BA;2918209;BA;DCA-Anexo I-C;Padrão;Receitas Brutas Realizadas;RO1.9.9.9.99.0.0;1.9.9.9.99.0.0 - Outras Receitas;5898,10;14576
2023;Prefeitura Municipal de Jiquiriçá - BA;2918209;BA;DCA-Anexo I-C;Padrão;Receitas Brutas Realizadas;RO1.9.9.9.99.2.0;1.9.9.9.99.2.0 - Outras Receitas Não Arrecadadas e Não Projetadas pela RFB - Primárias;5898,10;14576
2023;Prefeitura Municipal de Jiquiriçá - BA;2918209;BA;DCA-Anexo I-C;Padrão;Receitas Brutas Realizadas;RO2.0.0.0.00.0.0;2.0.0.0.00.0.0 - Receitas de Capital;1828548,00;14576
2023;Prefeitura Municipal de Jiquiriçá - BA;2918209;BA;DCA-Anexo I-C;Padrão;Receitas Brutas Realizadas;RO2.1.0.0.00.0.0;2.1.0.0.00.0.0 - Operações de Crédito;1000000,00;14576
2023;Prefeitura Municipal de Jiquiriçá - BA;2918209;BA;DCA-Anexo I-C;Padrão;Receitas Brutas Realizadas;RO2.1.1.0.00.0.0;2.1.1.0.00.0.0 - Operações de Crédito - Mercado Interno;1000000,00;14576
2023;Prefeitura Municipal de Jiquiriçá - BA;2918209;BA;DCA-Anexo I-C;Padrão;Receitas Brutas Realizadas;RO2.1.1.2.00.0.0;2.1.1.2.00.0.0 - Operações de Crédito Contratuais - Mercado Interno;1000000,00;14576
2023;Prefeitura Municipal de Jiquiriçá - BA;2918209;BA;DCA-Anexo I-C;Padrão;Receitas Brutas Realizadas;RO2.1.1.2.01.0.0;2.1.1.2.01.0.0 - Operações de Crédito Contratuais - Mercado Interno;1000000,00;14576
2023;Prefeitura Municipal de Jiquiriçá - BA;2918209;BA;DCA-Anexo I-C;Padrão;Receitas Brutas Realizadas;RO2.4.0.0.00.0.0;2.4.0.0.00.0.0 - Transferências de Capital;828548,00;14576
2023;Prefeitura Municipal de Jiquiriçá - BA;2918209;BA;DCA-Anexo I-C;Padrão;Receitas Brutas Realizadas;RO2.4.1.0.00.0.0;2.4.1.0.00.0.0 - Transferências da União e de suas Entidades;500000,00;14576
2023;Prefeitura Municipal de Jiquiriçá - BA;2918209;BA;DCA-Anexo I-C;Padrão;Receitas Brutas Realizadas;RO2.4.1.4.00.0.0;2.4.1.4.00.0.0 - Transferências de Convênios da União e de suas Entidades ;500000,00;14576
2023;Prefeitura Municipal de Jiquiriçá - BA;2918209;BA;DCA-Anexo I-C;Padrão;Receitas Brutas Realizadas;RO2.4.1.4.99.0.0;2.4.1.4.99.0.0 - Outras Transferências de Convênios da União e de Suas Entidades;500000,00;14576
2023;Prefeitura Municipal de Jiquiriçá - BA;2918209;BA;DCA-Anexo I-C;Padrão;Receitas Brutas Realizadas;RO2.4.2.0.00.0.0;2.4.2.0.00.0.0 - Transferências dos Estados e do Distrito Federal e de suas Entidades;328548,00;14576
2023;Prefeitura Municipal de Jiquiriçá - BA;2918209;BA;DCA-Anexo I-C;Padrão;Receitas Brutas Realizadas;RO2.4.2.2.00.0.0;2.4.2.2.00.0.0 - Transferências de Convênios dos Estados e DF e de Suas Entidades ;328548,00;14576
2023;Prefeitura Municipal de Jiquiriçá - BA;2918209;BA;DCA-Anexo I-C;Padrão;Receitas Brutas Realizadas;RO2.4.2.2.51.0.0;2.4.2.2.51.0.0 - Transferências de Convênios dos Estados destinadas a Programas de Educação;328548,00;14576
2023;Prefeitura Municipal de Jiquiriçá - BA;2918209;BA;DCA-Anexo I-C;Padrão;Receitas Brutas Realizadas;TotalReceitas;TOTAL DAS RECEITAS (III) = (I + II);84426353,59;14576
2023;Prefeitura Municipal de Jiquiriçá - BA;2918209;BA;DCA-Anexo I-C;Padrão;Deduções - FUNDEB;TotalReceitas;TOTAL DAS RECEITAS (III) = (I + II);5998697,32;14576
2024;Prefeitura Municipal de Jiquiriçá - BA;2918209;BA;DCA-Anexo I-C;Padrão;Receitas Brutas Realizadas;ReceitasExcetoIntraOrcamentarias;RECEITAS (EXCETO INTRA-ORÇAMENTÁRIAS) (I);105457567,97;13623
2024;Prefeitura Municipal de Jiquiriçá - BA;2918209;BA;DCA-Anexo I-C;Padrão;Deduções - FUNDEB;ReceitasExcetoIntraOrcamentarias;RECEITAS (EXCETO INTRA-ORÇAMENTÁRIAS) (I);7228411,55;13623
2024;Prefeitura Municipal de Jiquiriçá - BA;2918209;BA;DCA-Anexo I-C;Padrão;Receitas Brutas Realizadas;RO1.0.0.0.00.0.0;1.0.0.0.00.0.0 - Receitas Correntes;99935149,49;13623
2024;Prefeitura Municipal de Jiquiriçá - BA;2918209;BA;DCA-Anexo I-C;Padrão;Deduções - FUNDEB;RO1.0.0.0.00.0.0;1.0.0.0.00.0.0 - Receitas Correntes;7228411,55;13623
2024;Prefeitura Municipal de Jiquiriçá - BA;2918209;BA;DCA-Anexo I-C;Padrão;Receitas Brutas Realizadas;RO1.1.0.0.00.0.0;1.1.0.0.00.0.0 - Impostos, Taxas e Contribuições de Melhoria;1787078,28;13623
2024;Prefeitura Municipal de Jiquiriçá - BA;2918209;BA;DCA-Anexo I-C;Padrão;Receitas Brutas Realizadas;RO1.1.1.0.00.0.0;1.1.1.0.00.0.0 - Impostos;1322510,81;13623
2024;Prefeitura Municipal de Jiquiriçá - BA;2918209;BA;DCA-Anexo I-C;Padrão;Receitas Brutas Realizadas;RO1.1.1.2.00.0.0;1.1.1.2.00.0.0 - Impostos sobre o Patrimônio;349337,51;13623
2024;Prefeitura Municipal de Jiquiriçá - BA;2918209;BA;DCA-Anexo I-C;Padrão;Receitas Brutas Realizadas;RO1.1.1.2.50.0.0;1.1.1.2.50.0.0 - Imposto sobre a Propriedade Predial e Territorial Urbana;335695,83;13623
2024;Prefeitura Municipal de Jiquiriçá - BA;2918209;BA;DCA-Anexo I-C;Padrão;Receitas Brutas Realizadas;RO1.1.1.2.53.0.0;"1.1.1.2.53.0.0 - Impostos sobre Transmissão ""Inter Vivos"" de Bens Imóveis e de Direitos Reais sobre Imóveis";13641,68;13623
2024;Prefeitura Municipal de Jiquiriçá - BA;2918209;BA;DCA-Anexo I-C;Padrão;Receitas Brutas Realizadas;RO1.1.1.3.00.0.0;1.1.1.3.00.0.0 - Impostos sobre a Renda e Proventos de Qualquer Natureza;349025,30;13623
2024;Prefeitura Municipal de Jiquiriçá - BA;2918209;BA;DCA-Anexo I-C;Padrão;Receitas Brutas Realizadas;RO1.1.1.3.01.0.0;1.1.1.3.01.0.0 - Imposto sobre a Renda de Pessoa Física - IRPF;3,94;13623
2024;Prefeitura Municipal de Jiquiriçá - BA;2918209;BA;DCA-Anexo I-C;Padrão;Receitas Brutas Realizadas;RO1.1.1.3.03.0.0;1.1.1.3.03.0.0 - Imposto sobre a Renda - Retido na Fonte;349021,36;13623
2024;Prefeitura Municipal de Jiquiriçá - BA;2918209;BA;DCA-Anexo I-C;Padrão;Receitas Brutas Realizadas;RO1.1.1.3.03.1.0;1.1.1.3.03.1.0 - Imposto sobre a Renda - Retido na Fonte - Trabalho;79633,40;13623
2024;Prefeitura Municipal de Jiquiriçá - BA;2918209;BA;DCA-Anexo I-C;Padrão;Receitas Brutas Realizadas;RO1.1.1.3.03.4.0;1.1.1.3.03.4.0 - Imposto sobre a Renda - Retido na Fonte - Outros Rendimentos;269387,96;13623
2024;Prefeitura Municipal de Jiquiriçá - BA;2918209;BA;DCA-Anexo I-C;Padrão;Receitas Brutas Realizadas;RO1.1.1.4.00.0.0;1.1.1.4.00.0.0 - Impostos sobre a Produção e Circulação de Mercadorias e Serviços;618505,36;13623
2024;Prefeitura Municipal de Jiquiriçá - BA;2918209;BA;DCA-Anexo I-C;Padrão;Receitas Brutas Realizadas;RO1.1.1.4.51.0.0;1.1.1.4.51.0.0 - Impostos sobre Serviços;618505,36;13623
2024;Prefeitura Municipal de Jiquiriçá - BA;2918209;BA;DCA-Anexo I-C;Padrão;Receitas Brutas Realizadas;RO1.1.1.4.51.1.0;1.1.1.4.51.1.0 - Imposto sobre Serviços de Qualquer Natureza - ISSQN;618505,36;13623
2024;Prefeitura Municipal de Jiquiriçá - BA;2918209;BA;DCA-Anexo I-C;Padrão;Receitas Brutas Realizadas;RO1.1.1.9.00.0.0;1.1.1.9.00.0.0 - Outros Impostos;5642,64;13623
2024;Prefeitura Municipal de Jiquiriçá - BA;2918209;BA;DCA-Anexo I-C;Padrão;Receitas Brutas Realizadas;RO1.1.2.0.00.0.0;1.1.2.0.00.0.0 - Taxas;299155,22;13623
2024;Prefeitura Municipal de Jiquiriçá - BA;2918209;BA;DCA-Anexo I-C;Padrão;Receitas Brutas Realizadas;RO1.1.2.1.00.0.0;1.1.2.1.00.0.0 - Taxas pelo Exercício do Poder de Polícia;299155,22;13623
2024;Prefeitura Municipal de Jiquiriçá - BA;2918209;BA;DCA-Anexo I-C;Padrão;Receitas Brutas Realizadas;RO1.1.2.1.01.0.0;1.1.2.1.01.0.0 - Taxas de Inspeção, Controle e Fiscalização;283820,19;13623
2024;Prefeitura Municipal de Jiquiriçá - BA;2918209;BA;DCA-Anexo I-C;Padrão;Receitas Brutas Realizadas;RO1.1.2.1.04.0.0;1.1.2.1.04.0.0 - Taxa de Controle e Fiscalização Ambiental;12794,44;13623
2024;Prefeitura Municipal de Jiquiriçá - BA;2918209;BA;DCA-Anexo I-C;Padrão;Receitas Brutas Realizadas;RO1.1.2.1.50.0.0;1.1.2.1.50.0.0 - Taxa de Fiscalização de Vigilância Sanitária;2540,59;13623
2024;Prefeitura Municipal de Jiquiriçá - BA;2918209;BA;DCA-Anexo I-C;Padrão;Receitas Brutas Realizadas;RO1.1.3.0.00.0.0;1.1.3.0.00.0.0 - Contribuição de Melhoria;165412,25;13623
2024;Prefeitura Municipal de Jiquiriçá - BA;2918209;BA;DCA-Anexo I-C;Padrão;Receitas Brutas Realizadas;RO1.1.3.1.00.0.0;1.1.3.1.00.0.0 - Contribuição de Melhoria;165412,25;13623
2024;Prefeitura Municipal de Jiquiriçá - BA;2918209;BA;DCA-Anexo I-C;Padrão;Receitas Brutas Realizadas;RO1.1.3.1.51.0.0;1.1.3.1.51.0.0 - Contribuição de Melhoria para Expansão da Rede de Iluminação Pública na Cidade;165412,25;13623
2024;Prefeitura Municipal de Jiquiriçá - BA;2918209;BA;DCA-Anexo I-C;Padrão;Receitas Brutas Realizadas;RO1.3.0.0.00.0.0;1.3.0.0.00.0.0 - Receita Patrimonial;786646,18;13623
2024;Prefeitura Municipal de Jiquiriçá - BA;2918209;BA;DCA-Anexo I-C;Padrão;Receitas Brutas Realizadas;RO1.3.2.0.00.0.0;1.3.2.0.00.0.0 - Valores Mobiliários;786646,18;13623
2024;Prefeitura Municipal de Jiquiriçá - BA;2918209;BA;DCA-Anexo I-C;Padrão;Receitas Brutas Realizadas;RO1.3.2.1.00.0.0;1.3.2.1.00.0.0 - Juros e Correções Monetárias;786646,18;13623
2024;Prefeitura Municipal de Jiquiriçá - BA;2918209;BA;DCA-Anexo I-C;Padrão;Receitas Brutas Realizadas;RO1.3.2.1.01.0.0;1.3.2.1.01.0.0 - Remuneração de Depósitos Bancários;786646,18;13623
2024;Prefeitura Municipal de Jiquiriçá - BA;2918209;BA;DCA-Anexo I-C;Padrão;Receitas Brutas Realizadas;RO1.6.0.0.00.0.0;1.6.0.0.00.0.0 - Receita de Serviços;57739,54;13623
2024;Prefeitura Municipal de Jiquiriçá - BA;2918209;BA;DCA-Anexo I-C;Padrão;Receitas Brutas Realizadas;RO1.6.3.0.00.0.0;1.6.3.0.00.0.0 - Serviços e Atividades Referentes à Saúde;57739,54;13623
2024;Prefeitura Municipal de Jiquiriçá - BA;2918209;BA;DCA-Anexo I-C;Padrão;Receitas Brutas Realizadas;RO1.6.3.1.00.0.0;1.6.3.1.00.0.0 - Serviços de Atendimento à Saúde;57739,54;13623
2024;Prefeitura Municipal de Jiquiriçá - BA;2918209;BA;DCA-Anexo I-C;Padrão;Receitas Brutas Realizadas;RO1.6.3.1.50.0.0;1.6.3.1.50.0.0 - Serviços Hospitalares;57739,54;13623
2024;Prefeitura Municipal de Jiquiriçá - BA;2918209;BA;DCA-Anexo I-C;Padrão;Receitas Brutas Realizadas;RO1.7.0.0.00.0.0;1.7.0.0.00.0.0 - Transferências Correntes;97062446,80;13623
2024;Prefeitura Municipal de Jiquiriçá - BA;2918209;BA;DCA-Anexo I-C;Padrão;Deduções - FUNDEB;RO1.7.0.0.00.0.0;1.7.0.0.00.0.0 - Transferências Correntes;7228411,55;13623
2024;Prefeitura Municipal de Jiquiriçá - BA;2918209;BA;DCA-Anexo I-C;Padrão;Receitas Brutas Realizadas;RO1.7.1.0.00.0.0;1.7.1.0.00.0.0 - Transferências da União e de suas Entidades;69741933,12;13623
2024;Prefeitura Municipal de Jiquiriçá - BA;2918209;BA;DCA-Anexo I-C;Padrão;Deduções - FUNDEB;RO1.7.1.0.00.0.0;1.7.1.0.00.0.0 - Transferências da União e de suas Entidades;5992520,91;13623
2024;Prefeitura Municipal de Jiquiriçá - BA;2918209;BA;DCA-Anexo I-C;Padrão;Receitas Brutas Realizadas;RO1.7.1.1.00.0.0;1.7.1.1.00.0.0 - Transferências Decorrentes de Participação na Receita da União;32231255,70;13623
2024;Prefeitura Municipal de Jiquiriçá - BA;2918209;BA;DCA-Anexo I-C;Padrão;Deduções - FUNDEB;RO1.7.1.1.00.0.0;1.7.1.1.00.0.0 - Transferências Decorrentes de Participação na Receita da União;5992520,91;13623
2024;Prefeitura Municipal de Jiquiriçá - BA;2918209;BA;DCA-Anexo I-C;Padrão;Receitas Brutas Realizadas;RO1.7.1.1.51.0.0;1.7.1.1.51.0.0 -Cota-Parte do Fundo de Participação dos Municípios - FPM;32206467,04;13623
2024;Prefeitura Municipal de Jiquiriçá - BA;2918209;BA;DCA-Anexo I-C;Padrão;Deduções - FUNDEB;RO1.7.1.1.51.0.0;1.7.1.1.51.0.0 -Cota-Parte do Fundo de Participação dos Municípios - FPM;5991586,44;13623
2024;Prefeitura Municipal de Jiquiriçá - BA;2918209;BA;DCA-Anexo I-C;Padrão;Receitas Brutas Realizadas;RO1.7.1.1.51.1.0;1.7.1.1.51.1.0 - Cota-Parte do Fundo de Participação dos Municípios - Cota Mensal;32206467,04;13623
2024;Prefeitura Municipal de Jiquiriçá - BA;2918209;BA;DCA-Anexo I-C;Padrão;Deduções - FUNDEB;RO1.7.1.1.51.1.0;1.7.1.1.51.1.0 - Cota-Parte do Fundo de Participação dos Municípios - Cota Mensal;5991586,44;13623
2024;Prefeitura Municipal de Jiquiriçá - BA;2918209;BA;DCA-Anexo I-C;Padrão;Receitas Brutas Realizadas;RO1.7.1.1.52.0.0;1.7.1.1.52.0.0 - Cota-Parte do Imposto Sobre a Propriedade Territorial Rural;4672,80;13623
2024;Prefeitura Municipal de Jiquiriçá - BA;2918209;BA;DCA-Anexo I-C;Padrão;Deduções - FUNDEB;RO1.7.1.1.52.0.0;1.7.1.1.52.0.0 - Cota-Parte do Imposto Sobre a Propriedade Territorial Rural;934,47;13623
2024;Prefeitura Municipal de Jiquiriçá - BA;2918209;BA;DCA-Anexo I-C;Padrão;Receitas Brutas Realizadas;RO1.7.1.1.54.0.0;1.7.1.1.54.0.0 - Cota-Parte da Contribuição de Intervenção no Domínio Econômico;20115,86;13623
2024;Prefeitura Municipal de Jiquiriçá - BA;2918209;BA;DCA-Anexo I-C;Padrão;Receitas Brutas Realizadas;RO1.7.1.2.00.0.0;1.7.1.2.00.0.0 -Transferências das Compensações Financeiras pela Exploração de Recursos Naturais;579882,77;13623
2024;Prefeitura Municipal de Jiquiriçá - BA;2918209;BA;DCA-Anexo I-C;Padrão;Receitas Brutas Realizadas;RO1.7.1.2.52.0.0;1.7.1.2.52.0.0 - Cota-parte da Compensação Financeira pela Produção de Petróleo;579882,77;13623
2024;Prefeitura Municipal de Jiquiriçá - BA;2918209;BA;DCA-Anexo I-C;Padrão;Receitas Brutas Realizadas;RO1.7.1.2.52.4.0;1.7.1.2.52.4.0 - Cota-Parte do Fundo Especial do Petróleo ¿ FEP;579882,77;13623
2024;Prefeitura Municipal de Jiquiriçá - BA;2918209;BA;DCA-Anexo I-C;Padrão;Receitas Brutas Realizadas;RO1.7.1.3.00.0.0;1.7.1.3.00.0.0 -Transferências de Recursos do Sistema Único de Saúde ¿ SUS ;12204468,06;13623
2024;Prefeitura Municipal de Jiquiriçá - BA;2918209;BA;DCA-Anexo I-C;Padrão;Receitas Brutas Realizadas;RO1.7.1.3.50.0.0;1.7.1.3.50.0.0 - Transferências de Recursos do Sistema Único de Saúde ¿ SUS ¿ Repasses Fundo a Fundo - Bloco de Manutenção das Ações e Serviços Públicos de Saúde;12034835,85;13623
2024;Prefeitura Municipal de Jiquiriçá - BA;2918209;BA;DCA-Anexo I-C;Padrão;Receitas Brutas Realizadas;RO1.7.1.3.50.1.0;1.7.1.3.50.1.0 - Transferências de Recursos do Bloco de Manutenção das Ações e Serviços Públicos de Saúde ¿ Atenção Primária;12034835,85;13623
2024;Prefeitura Municipal de Jiquiriçá - BA;2918209;BA;DCA-Anexo I-C;Padrão;Receitas Brutas Realizadas;RO1.7.1.3.51.0.0;1.7.1.3.51.0.0 - Transferências de Recursos do Sistema Único de Saúde ¿ SUS - Repasses Fundo a Fundo - Bloco de Estruturação da Rede de Serviços Públicos de Saúde;169632,21;13623
2024;Prefeitura Municipal de Jiquiriçá - BA;2918209;BA;DCA-Anexo I-C;Padrão;Receitas Brutas Realizadas;RO1.7.1.3.51.1.0;1.7.1.3.51.1.0 - Transferências de Recursos do Bloco de Estruturação da Rede de Serviços Públicos de Saúde - Atenção Primária;169632,21;13623
2024;Prefeitura Municipal de Jiquiriçá - BA;2918209;BA;DCA-Anexo I-C;Padrão;Receitas Brutas Realizadas;RO1.7.1.4.00.0.0;1.7.1.4.00.0.0 -Transferências de Recursos do Fundo Nacional do Desenvolvimento da Educação ¿ FNDE¿ ;2971297,90;13623
2024;Prefeitura Municipal de Jiquiriçá - BA;2918209;BA;DCA-Anexo I-C;Padrão;Receitas Brutas Realizadas;RO1.7.1.4.50.0.0;1.7.1.4.50.0.0 - Transferências do Salário-Educação;1943444,79;13623
2024;Prefeitura Municipal de Jiquiriçá - BA;2918209;BA;DCA-Anexo I-C;Padrão;Receitas Brutas Realizadas;RO1.7.1.4.51.0.0;1.7.1.4.51.0.0 - Transferências Diretas do FNDE referentes ao Programa Dinheiro Direto na Escola ¿ PDDE;1122,18;13623
2024;Prefeitura Municipal de Jiquiriçá - BA;2918209;BA;DCA-Anexo I-C;Padrão;Receitas Brutas Realizadas;RO1.7.1.4.52.0.0;1.7.1.4.52.0.0 - Transferências referentes ao Programa Nacional de Alimentação Escolar ¿ PNAE;745572,71;13623
2024;Prefeitura Municipal de Jiquiriçá - BA;2918209;BA;DCA-Anexo I-C;Padrão;Receitas Brutas Realizadas;RO1.7.1.4.53.0.0;1.7.1.4.53.0.0 - Transferências referentes ao Programa Nacional de Apoio ao Transporte do Escolar ¿ PNATE;281158,22;13623
2024;Prefeitura Municipal de Jiquiriçá - BA;2918209;BA;DCA-Anexo I-C;Padrão;Receitas Brutas Realizadas;RO1.7.1.5.00.0.0;1.7.1.5.00.0.0 - Transferências de Recursos de Complementação da União ao Fundo de Manutenção e Desenvolvimento da Educação Básica e de Valorização dos Profissionais da Educação ¿ FUNDEB ;18180153,17;13623
2024;Prefeitura Municipal de Jiquiriçá - BA;2918209;BA;DCA-Anexo I-C;Padrão;Receitas Brutas Realizadas;RO1.7.1.6.00.0.0;1.7.1.6.00.0.0 - Transferências de Recursos do Fundo Nacional de Assistência Social ¿ FNAS;839999,58;13623
2024;Prefeitura Municipal de Jiquiriçá - BA;2918209;BA;DCA-Anexo I-C;Padrão;Receitas Brutas Realizadas;RO1.7.1.7.00.0.0;1.7.1.7.00.0.0 - Transferências de Convênios da União e de Suas Entidades;2706849,04;13623
2024;Prefeitura Municipal de Jiquiriçá - BA;2918209;BA;DCA-Anexo I-C;Padrão;Receitas Brutas Realizadas;RO1.7.1.7.50.0.0;1.7.1.7.50.0.0 - Transferências de Convênios da União para o Sistema Único de Saúde ¿ SUS;2706849,04;13623
2024;Prefeitura Municipal de Jiquiriçá - BA;2918209;BA;DCA-Anexo I-C;Padrão;Receitas Brutas Realizadas;RO1.7.1.9.00.0.0;1.7.1.9.00.0.0 - Outras Transferências de Recursos da União e de suas Entidades;28026,90;13623
2024;Prefeitura Municipal de Jiquiriçá - BA;2918209;BA;DCA-Anexo I-C;Padrão;Receitas Brutas Realizadas;RO1.7.1.9.58.0.0;1.7.1.9.58.0.0 - Transferência Obrigatória Decorrente da Lei Complementar nº 176/2020;22830,00;13623
2024;Prefeitura Municipal de Jiquiriçá - BA;2918209;BA;DCA-Anexo I-C;Padrão;Receitas Brutas Realizadas;RO1.7.1.9.99.0.0;1.7.1.9.99.0.0 - Outras Transferências de Recursos da União e de suas Entidades;5196,90;13623
2024;Prefeitura Municipal de Jiquiriçá - BA;2918209;BA;DCA-Anexo I-C;Padrão;Receitas Brutas Realizadas;RO1.7.2.0.00.0.0;1.7.2.0.00.0.0 - Transferências dos Estados e do Distrito Federal e de suas Entidades;6616102,83;13623
2024;Prefeitura Municipal de Jiquiriçá - BA;2918209;BA;DCA-Anexo I-C;Padrão;Deduções - FUNDEB;RO1.7.2.0.00.0.0;1.7.2.0.00.0.0 - Transferências dos Estados e do Distrito Federal e de suas Entidades;1235890,64;13623
2024;Prefeitura Municipal de Jiquiriçá - BA;2918209;BA;DCA-Anexo I-C;Padrão;Receitas Brutas Realizadas;RO1.7.2.1.00.0.0;1.7.2.1.00.0.0 - Participação na Receita dos Estados e Distrito Federal;6218602,91;13623
2024;Prefeitura Municipal de Jiquiriçá - BA;2918209;BA;DCA-Anexo I-C;Padrão;Deduções - FUNDEB;RO1.7.2.1.00.0.0;1.7.2.1.00.0.0 - Participação na Receita dos Estados e Distrito Federal;1235890,64;13623
2024;Prefeitura Municipal de Jiquiriçá - BA;2918209;BA;DCA-Anexo I-C;Padrão;Receitas Brutas Realizadas;RO1.7.2.1.50.0.0;1.7.2.1.50.0.0 - Cota-Parte do ICMS;5517764,14;13623
2024;Prefeitura Municipal de Jiquiriçá - BA;2918209;BA;DCA-Anexo I-C;Padrão;Deduções - FUNDEB;RO1.7.2.1.50.0.0;1.7.2.1.50.0.0 - Cota-Parte do ICMS;1103552,64;13623
2024;Prefeitura Municipal de Jiquiriçá - BA;2918209;BA;DCA-Anexo I-C;Padrão;Receitas Brutas Realizadas;RO1.7.2.1.51.0.0;1.7.2.1.51.0.0 - Cota-Parte do IPVA;661694,31;13623
2024;Prefeitura Municipal de Jiquiriçá - BA;2918209;BA;DCA-Anexo I-C;Padrão;Deduções - FUNDEB;RO1.7.2.1.51.0.0;1.7.2.1.51.0.0 - Cota-Parte do IPVA;132338,00;13623
2024;Prefeitura Municipal de Jiquiriçá - BA;2918209;BA;DCA-Anexo I-C;Padrão;Receitas Brutas Realizadas;RO1.7.2.1.52.0.0;1.7.2.1.52.0.0 - Cota-Parte do IPI - Municípios;39144,46;13623
2024;Prefeitura Municipal de Jiquiriçá - BA;2918209;BA;DCA-Anexo I-C;Padrão;Receitas Brutas Realizadas;RO1.7.2.2.00.0.0;1.7.2.2.00.0.0 - Transferências das Compensações Financeiras pela Exploração de Recursos Naturais;3588,63;13623
2024;Prefeitura Municipal de Jiquiriçá - BA;2918209;BA;DCA-Anexo I-C;Padrão;Receitas Brutas Realizadas;RO1.7.2.2.52.0.0;1.7.2.2.52.0.0 - Cota-parte Royalties ¿ Compensação Financeira pela Produção do Petróleo;3588,63;13623
2024;Prefeitura Municipal de Jiquiriçá - BA;2918209;BA;DCA-Anexo I-C;Padrão;Receitas Brutas Realizadas;RO1.7.2.4.00.0.0;1.7.2.4.00.0.0 - Transferências de Convênios dos Estados e DF e de Suas Entidades;393911,29;13623
2024;Prefeitura Municipal de Jiquiriçá - BA;2918209;BA;DCA-Anexo I-C;Padrão;Receitas Brutas Realizadas;RO1.7.2.4.51.0.0;1.7.2.4.51.0.0 -Transferências de Convênios dos Estados Destinadas a Programas de Educação;393911,29;13623
2024;Prefeitura Municipal de Jiquiriçá - BA;2918209;BA;DCA-Anexo I-C;Padrão;Receitas Brutas Realizadas;RO1.7.5.0.00.0.0;1.7.5.0.00.0.0 - Transferências de Outras Instituições Públicas;20704410,85;13623
2024;Prefeitura Municipal de Jiquiriçá - BA;2918209;BA;DCA-Anexo I-C;Padrão;Receitas Brutas Realizadas;RO1.7.5.1.00.0.0;1.7.5.1.00.0.0 - Transferências de Recursos do Fundo de Manutenção e Desenvolvimento da Educação Básica e de Valorização dos Profissionais da Educação - FUNDEB;20704410,85;13623
2024;Prefeitura Municipal de Jiquiriçá - BA;2918209;BA;DCA-Anexo I-C;Padrão;Receitas Brutas Realizadas;RO1.9.0.0.00.0.0;1.9.0.0.00.0.0 - Outras Receitas Correntes;241238,69;13623
2024;Prefeitura Municipal de Jiquiriçá - BA;2918209;BA;DCA-Anexo I-C;Padrão;Receitas Brutas Realizadas;RO1.9.1.0.00.0.0;1.9.1.0.00.0.0 - Multas Administrativas, Contratuais e Judiciais;18680,45;13623
2024;Prefeitura Municipal de Jiquiriçá - BA;2918209;BA;DCA-Anexo I-C;Padrão;Receitas Brutas Realizadas;RO1.9.1.1.00.0.0;1.9.1.1.00.0.0 - Multas Administrativas, Contratuais e Judiciais;18680,45;13623
2024;Prefeitura Municipal de Jiquiriçá - BA;2918209;BA;DCA-Anexo I-C;Padrão;Receitas Brutas Realizadas;RO1.9.1.1.09.0.0;1.9.1.1.09.0.0 - Multas e Juros Previstos em Contratos;18680,45;13623
2024;Prefeitura Municipal de Jiquiriçá - BA;2918209;BA;DCA-Anexo I-C;Padrão;Receitas Brutas Realizadas;RO1.9.2.0.00.0.0;1.9.2.0.00.0.0 - Indenizações, Restituições e Ressarcimentos;217411,51;13623
2024;Prefeitura Municipal de Jiquiriçá - BA;2918209;BA;DCA-Anexo I-C;Padrão;Receitas Brutas Realizadas;RO1.9.2.1.00.0.0;1.9.2.1.00.0.0 - Indenizações;79774,00;13623
2024;Prefeitura Municipal de Jiquiriçá - BA;2918209;BA;DCA-Anexo I-C;Padrão;Receitas Brutas Realizadas;RO1.9.2.1.03.0.0;1.9.2.1.03.0.0 - Indenização por Sinistro;79774,00;13623
2024;Prefeitura Municipal de Jiquiriçá - BA;2918209;BA;DCA-Anexo I-C;Padrão;Receitas Brutas Realizadas;RO1.9.2.2.00.0.0;1.9.2.2.00.0.0 - Restituições;1559,64;13623
2024;Prefeitura Municipal de Jiquiriçá - BA;2918209;BA;DCA-Anexo I-C;Padrão;Receitas Brutas Realizadas;RO1.9.2.2.99.0.0;1.9.2.2.99.0.0 - Outras Restituições;1559,64;13623
2024;Prefeitura Municipal de Jiquiriçá - BA;2918209;BA;DCA-Anexo I-C;Padrão;Receitas Brutas Realizadas;RO1.9.2.3.00.0.0;1.9.2.3.00.0.0 - Ressarcimentos;136077,87;13623
2024;Prefeitura Municipal de Jiquiriçá - BA;2918209;BA;DCA-Anexo I-C;Padrão;Receitas Brutas Realizadas;RO1.9.2.3.99.0.0;1.9.2.3.99.0.0 - Outros Ressarcimentos;136077,87;13623
2024;Prefeitura Municipal de Jiquiriçá - BA;2918209;BA;DCA-Anexo I-C;Padrão;Receitas Brutas Realizadas;RO1.9.9.0.00.0.0;1.9.9.0.00.0.0 - Demais Receitas Correntes;5146,73;13623
2024;Prefeitura Municipal de Jiquiriçá - BA;2918209;BA;DCA-Anexo I-C;Padrão;Receitas Brutas Realizadas;RO1.9.9.9.00.0.0;1.9.9.9.00.0.0 - Outras Receitas Correntes;5146,73;13623
2024;Prefeitura Municipal de Jiquiriçá - BA;2918209;BA;DCA-Anexo I-C;Padrão;Receitas Brutas Realizadas;RO1.9.9.9.99.0.0;1.9.9.9.99.0.0 - Outras Receitas;5146,73;13623
2024;Prefeitura Municipal de Jiquiriçá - BA;2918209;BA;DCA-Anexo I-C;Padrão;Receitas Brutas Realizadas;RO1.9.9.9.99.1.0;1.9.9.9.99.1.0 - Outras Receitas Administradas pela RFB;5146,73;13623
2024;Prefeitura Municipal de Jiquiriçá - BA;2918209;BA;DCA-Anexo I-C;Padrão;Receitas Brutas Realizadas;RO2.0.0.0.00.0.0;2.0.0.0.00.0.0 - Receitas de Capital;5522418,48;13623
2024;Prefeitura Municipal de Jiquiriçá - BA;2918209;BA;DCA-Anexo I-C;Padrão;Receitas Brutas Realizadas;RO2.1.0.0.00.0.0;2.1.0.0.00.0.0 - Operações de Crédito;3800000,00;13623
2024;Prefeitura Municipal de Jiquiriçá - BA;2918209;BA;DCA-Anexo I-C;Padrão;Receitas Brutas Realizadas;RO2.1.1.0.00.0.0;2.1.1.0.00.0.0 - Operações de Crédito - Mercado Interno;3800000,00;13623
2024;Prefeitura Municipal de Jiquiriçá - BA;2918209;BA;DCA-Anexo I-C;Padrão;Receitas Brutas Realizadas;RO2.1.1.2.00.0.0;2.1.1.2.00.0.0 - Operações de Crédito Contratuais - Mercado Interno;3800000,00;13623
2024;Prefeitura Municipal de Jiquiriçá - BA;2918209;BA;DCA-Anexo I-C;Padrão;Receitas Brutas Realizadas;RO2.1.1.2.52.0.0;2.1.1.2.52.0.0 - Operações de Crédito Internas para Programas de Saneamento;3800000,00;13623
2024;Prefeitura Municipal de Jiquiriçá - BA;2918209;BA;DCA-Anexo I-C;Padrão;Receitas Brutas Realizadas;RO2.2.0.0.00.0.0;2.2.0.0.00.0.0 - Alienação de Bens;1519860,22;13623
2024;Prefeitura Municipal de Jiquiriçá - BA;2918209;BA;DCA-Anexo I-C;Padrão;Receitas Brutas Realizadas;RO2.2.2.0.00.0.0;2.2.2.0.00.0.0 - Alienação de Bens Imóveis;1519860,22;13623
2024;Prefeitura Municipal de Jiquiriçá - BA;2918209;BA;DCA-Anexo I-C;Padrão;Receitas Brutas Realizadas;RO2.4.0.0.00.0.0;2.4.0.0.00.0.0 - Transferências de Capital;202558,26;13623
2024;Prefeitura Municipal de Jiquiriçá - BA;2918209;BA;DCA-Anexo I-C;Padrão;Receitas Brutas Realizadas;RO2.4.2.0.00.0.0;2.4.2.0.00.0.0 - Transferências dos Estados e do Distrito Federal e de suas Entidades;202558,26;13623
2024;Prefeitura Municipal de Jiquiriçá - BA;2918209;BA;DCA-Anexo I-C;Padrão;Receitas Brutas Realizadas;RO2.4.2.2.00.0.0;2.4.2.2.00.0.0 - Transferências de Convênios dos Estados e DF e de Suas Entidades ;958,26;13623
2024;Prefeitura Municipal de Jiquiriçá - BA;2918209;BA;DCA-Anexo I-C;Padrão;Receitas Brutas Realizadas;RO2.4.2.2.01.0.0;2.4.2.2.01.0.0 - Transferências de Convênios dos Estados e DF e de Suas Entidades para Órgãos e Entidades da União;958,26;13623
2024;Prefeitura Municipal de Jiquiriçá - BA;2918209;BA;DCA-Anexo I-C;Padrão;Receitas Brutas Realizadas;RO2.4.2.9.00.0.0;2.4.2.9.00.0.0 - Outras Transferências de Recursos dos Estados;201600,00;13623
2024;Prefeitura Municipal de Jiquiriçá - BA;2918209;BA;DCA-Anexo I-C;Padrão;Receitas Brutas Realizadas;RO2.4.2.9.50.0.0;2.4.2.9.50.0.0 - Transferências dos Estados e Distrito Federal a Consórcios Públicos;201600,00;13623
2024;Prefeitura Municipal de Jiquiriçá - BA;2918209;BA;DCA-Anexo I-C;Padrão;Receitas Brutas Realizadas;TotalReceitas;TOTAL DAS RECEITAS (III) = (I + II);105457567,97;13623
2024;Prefeitura Municipal de Jiquiriçá - BA;2918209;BA;DCA-Anexo I-C;Padrão;Deduções - FUNDEB;TotalReceitas;TOTAL DAS RECEITAS (III) = (I + II);7228411,55;13623
