exercicio;instituicao;cod_ibge;uf;anexo;rotulo;coluna;cod_conta;conta;valor;populacao
2014;Prefeitura Municipal de Luís Eduardo Magalhães - BA;2919553;BA;DCA-Anexo I-C;NA;Receitas Brutas Realizadas;TotalReceitas;Total Receitas;230602613,71;76420
2014;Prefeitura Municipal de Luís Eduardo Magalhães - BA;2919553;BA;DCA-Anexo I-C;NA;Deduções - FUNDEB;TotalReceitas;Total Receitas;23332597,56;76420
2014;Prefeitura Municipal de Luís Eduardo Magalhães - BA;2919553;BA;DCA-Anexo I-C;NA;Receitas Brutas Realizadas;RO1.0.0.0.00.00.00;1.0.0.0.00.00.00 - Receitas Correntes;223895137,66;76420
2014;Prefeitura Municipal de Luís Eduardo Magalhães - BA;2919553;BA;DCA-Anexo I-C;NA;Deduções - FUNDEB;RO1.0.0.0.00.00.00;1.0.0.0.00.00.00 - Receitas Correntes;23332597,56;76420
2014;Prefeitura Municipal de Luís Eduardo Magalhães - BA;2919553;BA;DCA-Anexo I-C;NA;Receitas Brutas Realizadas;RO1.1.0.0.00.00.00;1.1.0.0.00.00.00 - Receita Tributária;38361276,58;76420
2014;Prefeitura Municipal de Luís Eduardo Magalhães - BA;2919553;BA;DCA-Anexo I-C;NA;Receitas Brutas Realizadas;RO1.1.1.0.00.00.00;1.1.1.0.00.00.00 - Impostos;35818687,76;76420
2014;Prefeitura Municipal de Luís Eduardo Magalhães - BA;2919553;BA;DCA-Anexo I-C;NA;Receitas Brutas Realizadas;RO1.1.1.2.00.00.00;1.1.1.2.00.00.00 - Impostos sobre o Patrimônio e a Renda;20049023,52;76420
2014;Prefeitura Municipal de Luís Eduardo Magalhães - BA;2919553;BA;DCA-Anexo I-C;NA;Receitas Brutas Realizadas;RO1.1.1.2.02.00.00;1.1.1.2.02.00.00 - Imposto sobre a Propriedade Predial e Territorial Urbana ¿ IPTU;9564019,23;76420
2014;Prefeitura Municipal de Luís Eduardo Magalhães - BA;2919553;BA;DCA-Anexo I-C;NA;Receitas Brutas Realizadas;RO1.1.1.2.04.00.00;1.1.1.2.04.00.00 - Imposto sobre a Renda e Proventos de Qualquer Natureza ¿ IR;4838651,18;76420
2014;Prefeitura Municipal de Luís Eduardo Magalhães - BA;2919553;BA;DCA-Anexo I-C;NA;Receitas Brutas Realizadas;RO1.1.1.2.04.31.00;1.1.1.2.04.31.00 - Retido nas Fontes - Trabalho;4838651,18;76420
2014;Prefeitura Municipal de Luís Eduardo Magalhães - BA;2919553;BA;DCA-Anexo I-C;NA;Receitas Brutas Realizadas;RO1.1.1.2.08.00.00;"1.1.1.2.08.00.00 - Imposto sobre Transmissão ""Inter Vivos"" de Bens Imóveis e de Direitos Reais sobre Imóveis ¿ ITBI";5646353,11;76420
2014;Prefeitura Municipal de Luís Eduardo Magalhães - BA;2919553;BA;DCA-Anexo I-C;NA;Receitas Brutas Realizadas;RO1.1.1.3.00.00.00;1.1.1.3.00.00.00 - Impostos sobre a Produção e a Circulação;15769664,24;76420
2014;Prefeitura Municipal de Luís Eduardo Magalhães - BA;2919553;BA;DCA-Anexo I-C;NA;Receitas Brutas Realizadas;RO1.1.1.3.05.00.00;1.1.1.3.05.00.00 - Imposto sobre Serviços de Qualquer Natureza ¿ ISSQN;15769664,24;76420
2014;Prefeitura Municipal de Luís Eduardo Magalhães - BA;2919553;BA;DCA-Anexo I-C;NA;Receitas Brutas Realizadas;RO1.1.2.0.00.00.00;1.1.2.0.00.00.00 - Taxas;2542588,82;76420
2014;Prefeitura Municipal de Luís Eduardo Magalhães - BA;2919553;BA;DCA-Anexo I-C;NA;Receitas Brutas Realizadas;RO1.1.2.1.00.00.00;1.1.2.1.00.00.00 - Taxas pelo Exercício do Poder de Polícia;2387290,31;76420
2014;Prefeitura Municipal de Luís Eduardo Magalhães - BA;2919553;BA;DCA-Anexo I-C;NA;Receitas Brutas Realizadas;RO1.1.2.2.00.00.00;1.1.2.2.00.00.00 - Taxas pela Prestação de Serviços;155298,51;76420
2014;Prefeitura Municipal de Luís Eduardo Magalhães - BA;2919553;BA;DCA-Anexo I-C;NA;Receitas Brutas Realizadas;RO1.3.0.0.00.00.00;1.3.0.0.00.00.00 - Receita Patrimonial;1506118,37;76420
2014;Prefeitura Municipal de Luís Eduardo Magalhães - BA;2919553;BA;DCA-Anexo I-C;NA;Receitas Brutas Realizadas;RO1.3.2.0.00.00.00;1.3.2.0.00.00.00 - Receitas de Valores Mobiliários;1506118,37;76420
2014;Prefeitura Municipal de Luís Eduardo Magalhães - BA;2919553;BA;DCA-Anexo I-C;NA;Receitas Brutas Realizadas;RO1.3.2.5.00.00.00;1.3.2.5.00.00.00 - Remuneração de Depósitos Bancários;1506118,37;76420
2014;Prefeitura Municipal de Luís Eduardo Magalhães - BA;2919553;BA;DCA-Anexo I-C;NA;Receitas Brutas Realizadas;RO1.6.0.0.00.00.00;1.6.0.0.00.00.00 - Receita de Serviços;563641,12;76420
2014;Prefeitura Municipal de Luís Eduardo Magalhães - BA;2919553;BA;DCA-Anexo I-C;NA;Receitas Brutas Realizadas;RO1.6.0.0.13.00.00;1.6.0.0.13.00.00 - Serviços Administrativos;563641,12;76420
2014;Prefeitura Municipal de Luís Eduardo Magalhães - BA;2919553;BA;DCA-Anexo I-C;NA;Receitas Brutas Realizadas;RO1.7.0.0.00.00.00;1.7.0.0.00.00.00 - Transferências Correntes;178058222,44;76420
2014;Prefeitura Municipal de Luís Eduardo Magalhães - BA;2919553;BA;DCA-Anexo I-C;NA;Deduções - FUNDEB;RO1.7.0.0.00.00.00;1.7.0.0.00.00.00 - Transferências Correntes;23332597,56;76420
2014;Prefeitura Municipal de Luís Eduardo Magalhães - BA;2919553;BA;DCA-Anexo I-C;NA;Receitas Brutas Realizadas;RO1.7.2.0.00.00.00;1.7.2.0.00.00.00 - Transferências Intergovernamentais;177495025,18;76420
2014;Prefeitura Municipal de Luís Eduardo Magalhães - BA;2919553;BA;DCA-Anexo I-C;NA;Deduções - FUNDEB;RO1.7.2.0.00.00.00;1.7.2.0.00.00.00 - Transferências Intergovernamentais;23332597,56;76420
2014;Prefeitura Municipal de Luís Eduardo Magalhães - BA;2919553;BA;DCA-Anexo I-C;NA;Receitas Brutas Realizadas;RO1.7.2.1.00.00.00;1.7.2.1.00.00.00 - Transferências da União;50478815,55;76420
2014;Prefeitura Municipal de Luís Eduardo Magalhães - BA;2919553;BA;DCA-Anexo I-C;NA;Deduções - FUNDEB;RO1.7.2.1.00.00.00;1.7.2.1.00.00.00 - Transferências da União;6356344,29;76420
2014;Prefeitura Municipal de Luís Eduardo Magalhães - BA;2919553;BA;DCA-Anexo I-C;NA;Receitas Brutas Realizadas;RO1.7.2.1.01.00.00;1.7.2.1.01.00.00 - Participação na Receita da União;32768428,39;76420
2014;Prefeitura Municipal de Luís Eduardo Magalhães - BA;2919553;BA;DCA-Anexo I-C;NA;Deduções - FUNDEB;RO1.7.2.1.01.00.00;1.7.2.1.01.00.00 - Participação na Receita da União;6289252,29;76420
2014;Prefeitura Municipal de Luís Eduardo Magalhães - BA;2919553;BA;DCA-Anexo I-C;NA;Receitas Brutas Realizadas;RO1.7.2.1.01.02.00;1.7.2.1.01.02.00 - Cota-Parte do Fundo de Participação dos Municípios ¿ FPM;31130601,91;76420
2014;Prefeitura Municipal de Luís Eduardo Magalhães - BA;2919553;BA;DCA-Anexo I-C;NA;Deduções - FUNDEB;RO1.7.2.1.01.02.00;1.7.2.1.01.02.00 - Cota-Parte do Fundo de Participação dos Municípios ¿ FPM;5961687,10;76420
2014;Prefeitura Municipal de Luís Eduardo Magalhães - BA;2919553;BA;DCA-Anexo I-C;NA;Receitas Brutas Realizadas;RO1.7.2.1.01.05.00;1.7.2.1.01.05.00 - Cota-Parte do Imposto Sobre a Propriedade Territorial Rural ¿ ITR;1637826,48;76420
2014;Prefeitura Municipal de Luís Eduardo Magalhães - BA;2919553;BA;DCA-Anexo I-C;NA;Deduções - FUNDEB;RO1.7.2.1.01.05.00;1.7.2.1.01.05.00 - Cota-Parte do Imposto Sobre a Propriedade Territorial Rural ¿ ITR;327565,19;76420
2014;Prefeitura Municipal de Luís Eduardo Magalhães - BA;2919553;BA;DCA-Anexo I-C;NA;Receitas Brutas Realizadas;RO1.7.2.1.22.00.00;1.7.2.1.22.00.00 - Transferências da Compensação Financeira pela Exploração de Recursos Naturais;464777,86;76420
2014;Prefeitura Municipal de Luís Eduardo Magalhães - BA;2919553;BA;DCA-Anexo I-C;NA;Receitas Brutas Realizadas;RO1.7.2.1.22.70.00;1.7.2.1.22.70.00 - Cota-Parte do Fundo Especial do Petróleo ¿ FEP;464777,86;76420
2014;Prefeitura Municipal de Luís Eduardo Magalhães - BA;2919553;BA;DCA-Anexo I-C;NA;Receitas Brutas Realizadas;RO1.7.2.1.33.00.00;1.7.2.1.33.00.00 - Transferências de Recursos do Sistema Único de Saúde - SUS - Repasses Fundo a Fundo;11596611,43;76420
2014;Prefeitura Municipal de Luís Eduardo Magalhães - BA;2919553;BA;DCA-Anexo I-C;NA;Receitas Brutas Realizadas;RO1.7.2.1.34.00.00;1.7.2.1.34.00.00 - Transferências de Recursos do Fundo Nacional de Assistência Social ¿ FNAS;816329,61;76420
2014;Prefeitura Municipal de Luís Eduardo Magalhães - BA;2919553;BA;DCA-Anexo I-C;NA;Receitas Brutas Realizadas;RO1.7.2.1.35.00.00;1.7.2.1.35.00.00 - Transferências de Recursos do Fundo Nacional do Desenvolvimento da Educação ¿ FNDE;3862998,45;76420
2014;Prefeitura Municipal de Luís Eduardo Magalhães - BA;2919553;BA;DCA-Anexo I-C;NA;Receitas Brutas Realizadas;RO1.7.2.1.36.00.00;1.7.2.1.36.00.00 - Transferências Financeiras do ICMS ¿ Desoneração ¿ L.C. Nº 87/96;335460,36;76420
2014;Prefeitura Municipal de Luís Eduardo Magalhães - BA;2919553;BA;DCA-Anexo I-C;NA;Deduções - FUNDEB;RO1.7.2.1.36.00.00;1.7.2.1.36.00.00 - Transferências Financeiras do ICMS ¿ Desoneração ¿ L.C. Nº 87/96;67092,00;76420
2014;Prefeitura Municipal de Luís Eduardo Magalhães - BA;2919553;BA;DCA-Anexo I-C;NA;Receitas Brutas Realizadas;RO1.7.2.1.99.00.00;1.7.2.1.99.00.00 - Outras Transferências da União;634209,45;76420
2014;Prefeitura Municipal de Luís Eduardo Magalhães - BA;2919553;BA;DCA-Anexo I-C;NA;Receitas Brutas Realizadas;RO1.7.2.2.00.00.00;1.7.2.2.00.00.00 - Transferências dos Estados;86920210,42;76420
2014;Prefeitura Municipal de Luís Eduardo Magalhães - BA;2919553;BA;DCA-Anexo I-C;NA;Deduções - FUNDEB;RO1.7.2.2.00.00.00;1.7.2.2.00.00.00 - Transferências dos Estados;16976253,27;76420
2014;Prefeitura Municipal de Luís Eduardo Magalhães - BA;2919553;BA;DCA-Anexo I-C;NA;Receitas Brutas Realizadas;RO1.7.2.2.01.00.00;1.7.2.2.01.00.00 - Participação na Receita dos Estados;86535460,42;76420
2014;Prefeitura Municipal de Luís Eduardo Magalhães - BA;2919553;BA;DCA-Anexo I-C;NA;Deduções - FUNDEB;RO1.7.2.2.01.00.00;1.7.2.2.01.00.00 - Participação na Receita dos Estados;16976253,27;76420
2014;Prefeitura Municipal de Luís Eduardo Magalhães - BA;2919553;BA;DCA-Anexo I-C;NA;Receitas Brutas Realizadas;RO1.7.2.2.01.01.00;1.7.2.2.01.01.00 - Cota-Parte do ICMS;76573385,10;76420
2014;Prefeitura Municipal de Luís Eduardo Magalhães - BA;2919553;BA;DCA-Anexo I-C;NA;Deduções - FUNDEB;RO1.7.2.2.01.01.00;1.7.2.2.01.01.00 - Cota-Parte do ICMS;15314676,83;76420
2014;Prefeitura Municipal de Luís Eduardo Magalhães - BA;2919553;BA;DCA-Anexo I-C;NA;Receitas Brutas Realizadas;RO1.7.2.2.01.02.00;1.7.2.2.01.02.00 - Cota-Parte do IPVA;8307886,56;76420
2014;Prefeitura Municipal de Luís Eduardo Magalhães - BA;2919553;BA;DCA-Anexo I-C;NA;Deduções - FUNDEB;RO1.7.2.2.01.02.00;1.7.2.2.01.02.00 - Cota-Parte do IPVA;1661576,44;76420
2014;Prefeitura Municipal de Luís Eduardo Magalhães - BA;2919553;BA;DCA-Anexo I-C;NA;Receitas Brutas Realizadas;RO1.7.2.2.01.04.00;1.7.2.2.01.04.00 - Cota-Parte do IPI sobre Exportação;1004205,14;76420
2014;Prefeitura Municipal de Luís Eduardo Magalhães - BA;2919553;BA;DCA-Anexo I-C;NA;Receitas Brutas Realizadas;RO1.7.2.2.01.13.00;1.7.2.2.01.13.00 - Cota-Parte da Contribuição de Intervenção no Domínio Econômico;8257,81;76420
2014;Prefeitura Municipal de Luís Eduardo Magalhães - BA;2919553;BA;DCA-Anexo I-C;NA;Receitas Brutas Realizadas;RO1.7.2.2.01.99.00;1.7.2.2.01.99.00 - Outras Participações na Receita dos Estados;641725,81;76420
2014;Prefeitura Municipal de Luís Eduardo Magalhães - BA;2919553;BA;DCA-Anexo I-C;NA;Receitas Brutas Realizadas;RO1.7.2.2.33.00.00;1.7.2.2.33.00.00 - Transferências de Recursos do Estado para Programas de Saúde - Repasse Fundo a Fundo;384750,00;76420
2014;Prefeitura Municipal de Luís Eduardo Magalhães - BA;2919553;BA;DCA-Anexo I-C;NA;Receitas Brutas Realizadas;RO1.7.2.4.00.00.00;1.7.2.4.00.00.00 - Transferências Multigovernamentais;40095999,21;76420
2014;Prefeitura Municipal de Luís Eduardo Magalhães - BA;2919553;BA;DCA-Anexo I-C;NA;Receitas Brutas Realizadas;RO1.7.2.4.01.00.00;1.7.2.4.01.00.00 - Transferências de Recursos do Fundo de Manutenção e Desenvolvimento do Ensino Fundamental e de Valorização do Magistério - FUNDEB;30495265,14;76420
2014;Prefeitura Municipal de Luís Eduardo Magalhães - BA;2919553;BA;DCA-Anexo I-C;NA;Receitas Brutas Realizadas;RO1.7.2.4.02.00.00;1.7.2.4.02.00.00 - Transferências de Recursos da Complementação ao Fundo de Manutenção e Desenvolvimento do Ensino Fundamental e de Valorização do Magistério - FUNDEB;9600734,07;76420
2014;Prefeitura Municipal de Luís Eduardo Magalhães - BA;2919553;BA;DCA-Anexo I-C;NA;Receitas Brutas Realizadas;RO1.7.6.0.00.00.00;1.7.6.0.00.00.00 - Transferências de Convênios;563197,26;76420
2014;Prefeitura Municipal de Luís Eduardo Magalhães - BA;2919553;BA;DCA-Anexo I-C;NA;Receitas Brutas Realizadas;RO1.7.6.1.00.00.00;1.7.6.1.00.00.00 - Transferências de Convênios da União e de Suas Entidades;320000,00;76420
2014;Prefeitura Municipal de Luís Eduardo Magalhães - BA;2919553;BA;DCA-Anexo I-C;NA;Receitas Brutas Realizadas;RO1.7.6.1.99.00.00;1.7.6.1.99.00.00 - Outras Transferências de Convênios da União;320000,00;76420
2014;Prefeitura Municipal de Luís Eduardo Magalhães - BA;2919553;BA;DCA-Anexo I-C;NA;Receitas Brutas Realizadas;RO1.7.6.2.00.00.00;1.7.6.2.00.00.00 - Transferências de Convênios dos Estados e do Distrito Federal e de Suas Entidades;243197,26;76420
2014;Prefeitura Municipal de Luís Eduardo Magalhães - BA;2919553;BA;DCA-Anexo I-C;NA;Receitas Brutas Realizadas;RO1.7.6.2.99.00.00;1.7.6.2.99.00.00 - Outras Transferências de Convênios dos Estados;243197,26;76420
2014;Prefeitura Municipal de Luís Eduardo Magalhães - BA;2919553;BA;DCA-Anexo I-C;NA;Receitas Brutas Realizadas;RO1.9.0.0.00.00.00;1.9.0.0.00.00.00 - Outras Receitas Correntes;5405879,15;76420
2014;Prefeitura Municipal de Luís Eduardo Magalhães - BA;2919553;BA;DCA-Anexo I-C;NA;Receitas Brutas Realizadas;RO1.9.1.0.00.00.00;1.9.1.0.00.00.00 - Multas e Juros de Mora;2015468,55;76420
2014;Prefeitura Municipal de Luís Eduardo Magalhães - BA;2919553;BA;DCA-Anexo I-C;NA;Receitas Brutas Realizadas;RO1.9.1.1.00.00.00;1.9.1.1.00.00.00 - Multas e Juros de Mora dos Tributos;251630,73;76420
2014;Prefeitura Municipal de Luís Eduardo Magalhães - BA;2919553;BA;DCA-Anexo I-C;NA;Receitas Brutas Realizadas;RO1.9.1.3.00.00.00;1.9.1.3.00.00.00 - Multas e Juros de Mora da Dívida Ativa dos Tributos;897505,74;76420
2014;Prefeitura Municipal de Luís Eduardo Magalhães - BA;2919553;BA;DCA-Anexo I-C;NA;Receitas Brutas Realizadas;RO1.9.1.9.00.00.00;1.9.1.9.00.00.00 - Multas de Outras Origens;866332,08;76420
2014;Prefeitura Municipal de Luís Eduardo Magalhães - BA;2919553;BA;DCA-Anexo I-C;NA;Receitas Brutas Realizadas;RO1.9.2.0.00.00.00;1.9.2.0.00.00.00 - Indenizações e Restituições;8915,81;76420
2014;Prefeitura Municipal de Luís Eduardo Magalhães - BA;2919553;BA;DCA-Anexo I-C;NA;Receitas Brutas Realizadas;RO1.9.2.2.00.00.00;1.9.2.2.00.00.00 - Restituições;8915,81;76420
2014;Prefeitura Municipal de Luís Eduardo Magalhães - BA;2919553;BA;DCA-Anexo I-C;NA;Receitas Brutas Realizadas;RO1.9.2.2.99.00.00;1.9.2.2.99.00.00 - Outras Restituições;8915,81;76420
2014;Prefeitura Municipal de Luís Eduardo Magalhães - BA;2919553;BA;DCA-Anexo I-C;NA;Receitas Brutas Realizadas;RO1.9.3.0.00.00.00;1.9.3.0.00.00.00 - Receita da Dívida Ativa;2176820,04;76420
2014;Prefeitura Municipal de Luís Eduardo Magalhães - BA;2919553;BA;DCA-Anexo I-C;NA;Receitas Brutas Realizadas;RO1.9.3.1.00.00.00;1.9.3.1.00.00.00 - Receita da Dívida Ativa Tributária;2176820,04;76420
2014;Prefeitura Municipal de Luís Eduardo Magalhães - BA;2919553;BA;DCA-Anexo I-C;NA;Receitas Brutas Realizadas;RO1.9.9.0.00.00.00;1.9.9.0.00.00.00 - Receitas Diversas;1204674,75;76420
2014;Prefeitura Municipal de Luís Eduardo Magalhães - BA;2919553;BA;DCA-Anexo I-C;NA;Receitas Brutas Realizadas;RO2.0.0.0.00.00.00;2.0.0.0.00.00.00 - Receitas de Capital;6707476,05;76420
2014;Prefeitura Municipal de Luís Eduardo Magalhães - BA;2919553;BA;DCA-Anexo I-C;NA;Receitas Brutas Realizadas;RO2.1.0.0.00.00.00;2.1.0.0.00.00.00 - Operações de Crédito;421270,00;76420
2014;Prefeitura Municipal de Luís Eduardo Magalhães - BA;2919553;BA;DCA-Anexo I-C;NA;Receitas Brutas Realizadas;RO2.1.1.0.00.00.00;2.1.1.0.00.00.00 - Operações de Crédito Internas;421270,00;76420
2014;Prefeitura Municipal de Luís Eduardo Magalhães - BA;2919553;BA;DCA-Anexo I-C;NA;Receitas Brutas Realizadas;RO2.2.0.0.00.00.00;2.2.0.0.00.00.00 - Alienação de Bens;93150,00;76420
2014;Prefeitura Municipal de Luís Eduardo Magalhães - BA;2919553;BA;DCA-Anexo I-C;NA;Receitas Brutas Realizadas;RO2.2.1.0.00.00.00;2.2.1.0.00.00.00 - Alienação de Bens Móveis;93150,00;76420
2014;Prefeitura Municipal de Luís Eduardo Magalhães - BA;2919553;BA;DCA-Anexo I-C;NA;Receitas Brutas Realizadas;RO2.4.0.0.00.00.00;2.4.0.0.00.00.00 - Transferências de Capital;6193056,05;76420
2014;Prefeitura Municipal de Luís Eduardo Magalhães - BA;2919553;BA;DCA-Anexo I-C;NA;Receitas Brutas Realizadas;RO2.4.2.0.00.00.00;2.4.2.0.00.00.00 - Transferências Intergovernamentais;3210495,42;76420
2014;Prefeitura Municipal de Luís Eduardo Magalhães - BA;2919553;BA;DCA-Anexo I-C;NA;Receitas Brutas Realizadas;RO2.4.2.1.00.00.00;2.4.2.1.00.00.00 - Transferências da União;3210495,42;76420
2014;Prefeitura Municipal de Luís Eduardo Magalhães - BA;2919553;BA;DCA-Anexo I-C;NA;Receitas Brutas Realizadas;RO2.4.2.1.01.00.00;2.4.2.1.01.00.00 - Participação na Receita da União;2265600,00;76420
2014;Prefeitura Municipal de Luís Eduardo Magalhães - BA;2919553;BA;DCA-Anexo I-C;NA;Receitas Brutas Realizadas;RO2.4.2.1.02.00.00;2.4.2.1.02.00.00 - Transferências de Recursos Destinados a Programas de Educação;944895,42;76420
2014;Prefeitura Municipal de Luís Eduardo Magalhães - BA;2919553;BA;DCA-Anexo I-C;NA;Receitas Brutas Realizadas;RO2.4.7.0.00.00.00;2.4.7.0.00.00.00 - Transferências de Convênios;2982560,63;76420
2014;Prefeitura Municipal de Luís Eduardo Magalhães - BA;2919553;BA;DCA-Anexo I-C;NA;Receitas Brutas Realizadas;RO2.4.7.1.00.00.00;2.4.7.1.00.00.00 - Transferências de Convênios da União e de suas Entidades;2582560,63;76420
2014;Prefeitura Municipal de Luís Eduardo Magalhães - BA;2919553;BA;DCA-Anexo I-C;NA;Receitas Brutas Realizadas;RO2.4.7.1.05.00.00;2.4.7.1.05.00.00 - Transferências de Convênios da União Destinadas a Programas de Infraestrutura em Transporte;169484,46;76420
2014;Prefeitura Municipal de Luís Eduardo Magalhães - BA;2919553;BA;DCA-Anexo I-C;NA;Receitas Brutas Realizadas;RO2.4.7.1.99.00.00;2.4.7.1.99.00.00 - Outras Transferências de Convênios da União;2413076,17;76420
2014;Prefeitura Municipal de Luís Eduardo Magalhães - BA;2919553;BA;DCA-Anexo I-C;NA;Receitas Brutas Realizadas;RO2.4.7.2.00.00.00;2.4.7.2.00.00.00 - Transferências de Convênios dos Estados e do Distrito Federal e de suas Entidades;400000,00;76420
2014;Prefeitura Municipal de Luís Eduardo Magalhães - BA;2919553;BA;DCA-Anexo I-C;NA;Receitas Brutas Realizadas;RO2.4.7.2.01.00.00;2.4.7.2.01.00.00 - Transferências de Convênios dos Estados para o Sistema Único de Saúde - SUS;400000,00;76420
2015;Prefeitura Municipal de Luís Eduardo Magalhães - BA;2919553;BA;DCA-Anexo I-C;NA;Receitas Brutas Realizadas;TotalReceitas;Total Receitas;256962683,20;76420
2015;Prefeitura Municipal de Luís Eduardo Magalhães - BA;2919553;BA;DCA-Anexo I-C;NA;Deduções - FUNDEB;TotalReceitas;Total Receitas;26557267,16;76420
2015;Prefeitura Municipal de Luís Eduardo Magalhães - BA;2919553;BA;DCA-Anexo I-C;NA;Receitas Brutas Realizadas;RO1.0.0.0.00.00.00;1.0.0.0.00.00.00 - Receitas Correntes;254268430,36;76420
2015;Prefeitura Municipal de Luís Eduardo Magalhães - BA;2919553;BA;DCA-Anexo I-C;NA;Deduções - FUNDEB;RO1.0.0.0.00.00.00;1.0.0.0.00.00.00 - Receitas Correntes;26557267,16;76420
2015;Prefeitura Municipal de Luís Eduardo Magalhães - BA;2919553;BA;DCA-Anexo I-C;NA;Receitas Brutas Realizadas;RO1.1.0.0.00.00.00;1.1.0.0.00.00.00 - Receita Tributária;43418516,14;76420
2015;Prefeitura Municipal de Luís Eduardo Magalhães - BA;2919553;BA;DCA-Anexo I-C;NA;Receitas Brutas Realizadas;RO1.1.1.0.00.00.00;1.1.1.0.00.00.00 - Impostos;41270379,38;76420
2015;Prefeitura Municipal de Luís Eduardo Magalhães - BA;2919553;BA;DCA-Anexo I-C;NA;Receitas Brutas Realizadas;RO1.1.1.2.00.00.00;1.1.1.2.00.00.00 - Impostos sobre o Patrimônio e a Renda;21300792,18;76420
2015;Prefeitura Municipal de Luís Eduardo Magalhães - BA;2919553;BA;DCA-Anexo I-C;NA;Receitas Brutas Realizadas;RO1.1.1.2.02.00.00;1.1.1.2.02.00.00 - Imposto sobre a Propriedade Predial e Territorial Urbana ¿ IPTU;9738517,05;76420
2015;Prefeitura Municipal de Luís Eduardo Magalhães - BA;2919553;BA;DCA-Anexo I-C;NA;Receitas Brutas Realizadas;RO1.1.1.2.04.00.00;1.1.1.2.04.00.00 - Imposto sobre a Renda e Proventos de Qualquer Natureza ¿ IR;5138058,45;76420
2015;Prefeitura Municipal de Luís Eduardo Magalhães - BA;2919553;BA;DCA-Anexo I-C;NA;Receitas Brutas Realizadas;RO1.1.1.2.04.31.00;1.1.1.2.04.31.00 - Retido nas Fontes - Trabalho;5138058,45;76420
2015;Prefeitura Municipal de Luís Eduardo Magalhães - BA;2919553;BA;DCA-Anexo I-C;NA;Receitas Brutas Realizadas;RO1.1.1.2.08.00.00;"1.1.1.2.08.00.00 - Imposto sobre Transmissão ""Inter Vivos"" de Bens Imóveis e de Direitos Reais sobre Imóveis ¿ ITBI";6424216,68;76420
2015;Prefeitura Municipal de Luís Eduardo Magalhães - BA;2919553;BA;DCA-Anexo I-C;NA;Receitas Brutas Realizadas;RO1.1.1.3.00.00.00;1.1.1.3.00.00.00 - Impostos sobre a Produção e a Circulação;19969587,20;76420
2015;Prefeitura Municipal de Luís Eduardo Magalhães - BA;2919553;BA;DCA-Anexo I-C;NA;Receitas Brutas Realizadas;RO1.1.1.3.05.00.00;1.1.1.3.05.00.00 - Imposto sobre Serviços de Qualquer Natureza ¿ ISSQN;19969587,20;76420
2015;Prefeitura Municipal de Luís Eduardo Magalhães - BA;2919553;BA;DCA-Anexo I-C;NA;Receitas Brutas Realizadas;RO1.1.2.0.00.00.00;1.1.2.0.00.00.00 - Taxas;2148136,76;76420
2015;Prefeitura Municipal de Luís Eduardo Magalhães - BA;2919553;BA;DCA-Anexo I-C;NA;Receitas Brutas Realizadas;RO1.1.2.1.00.00.00;1.1.2.1.00.00.00 - Taxas pelo Exercício do Poder de Polícia;1949247,98;76420
2015;Prefeitura Municipal de Luís Eduardo Magalhães - BA;2919553;BA;DCA-Anexo I-C;NA;Receitas Brutas Realizadas;RO1.1.2.2.00.00.00;1.1.2.2.00.00.00 - Taxas pela Prestação de Serviços;198888,78;76420
2015;Prefeitura Municipal de Luís Eduardo Magalhães - BA;2919553;BA;DCA-Anexo I-C;NA;Receitas Brutas Realizadas;RO1.3.0.0.00.00.00;1.3.0.0.00.00.00 - Receita Patrimonial;1773112,17;76420
2015;Prefeitura Municipal de Luís Eduardo Magalhães - BA;2919553;BA;DCA-Anexo I-C;NA;Receitas Brutas Realizadas;RO1.3.2.0.00.00.00;1.3.2.0.00.00.00 - Receitas de Valores Mobiliários;1773112,17;76420
2015;Prefeitura Municipal de Luís Eduardo Magalhães - BA;2919553;BA;DCA-Anexo I-C;NA;Receitas Brutas Realizadas;RO1.3.2.5.00.00.00;1.3.2.5.00.00.00 - Remuneração de Depósitos Bancários;1773112,17;76420
2015;Prefeitura Municipal de Luís Eduardo Magalhães - BA;2919553;BA;DCA-Anexo I-C;NA;Receitas Brutas Realizadas;RO1.7.0.0.00.00.00;1.7.0.0.00.00.00 - Transferências Correntes;202929139,79;76420
2015;Prefeitura Municipal de Luís Eduardo Magalhães - BA;2919553;BA;DCA-Anexo I-C;NA;Deduções - FUNDEB;RO1.7.0.0.00.00.00;1.7.0.0.00.00.00 - Transferências Correntes;26557267,16;76420
2015;Prefeitura Municipal de Luís Eduardo Magalhães - BA;2919553;BA;DCA-Anexo I-C;NA;Receitas Brutas Realizadas;RO1.7.2.0.00.00.00;1.7.2.0.00.00.00 - Transferências Intergovernamentais;201969808,25;76420
2015;Prefeitura Municipal de Luís Eduardo Magalhães - BA;2919553;BA;DCA-Anexo I-C;NA;Deduções - FUNDEB;RO1.7.2.0.00.00.00;1.7.2.0.00.00.00 - Transferências Intergovernamentais;26557267,16;76420
2015;Prefeitura Municipal de Luís Eduardo Magalhães - BA;2919553;BA;DCA-Anexo I-C;NA;Receitas Brutas Realizadas;RO1.7.2.1.00.00.00;1.7.2.1.00.00.00 - Transferências da União;53569303,83;76420
2015;Prefeitura Municipal de Luís Eduardo Magalhães - BA;2919553;BA;DCA-Anexo I-C;NA;Deduções - FUNDEB;RO1.7.2.1.00.00.00;1.7.2.1.00.00.00 - Transferências da União;6794361,11;76420
2015;Prefeitura Municipal de Luís Eduardo Magalhães - BA;2919553;BA;DCA-Anexo I-C;NA;Receitas Brutas Realizadas;RO1.7.2.1.01.00.00;1.7.2.1.01.00.00 - Participação na Receita da União;35365533,96;76420
2015;Prefeitura Municipal de Luís Eduardo Magalhães - BA;2919553;BA;DCA-Anexo I-C;NA;Deduções - FUNDEB;RO1.7.2.1.01.00.00;1.7.2.1.01.00.00 - Participação na Receita da União;6724267,79;76420
2015;Prefeitura Municipal de Luís Eduardo Magalhães - BA;2919553;BA;DCA-Anexo I-C;NA;Receitas Brutas Realizadas;RO1.7.2.1.01.02.00;1.7.2.1.01.02.00 - Cota-Parte do Fundo de Participação dos Municípios ¿ FPM;33066776,17;76420
2015;Prefeitura Municipal de Luís Eduardo Magalhães - BA;2919553;BA;DCA-Anexo I-C;NA;Deduções - FUNDEB;RO1.7.2.1.01.02.00;1.7.2.1.01.02.00 - Cota-Parte do Fundo de Participação dos Municípios ¿ FPM;6264516,37;76420
2015;Prefeitura Municipal de Luís Eduardo Magalhães - BA;2919553;BA;DCA-Anexo I-C;NA;Receitas Brutas Realizadas;RO1.7.2.1.01.05.00;1.7.2.1.01.05.00 - Cota-Parte do Imposto Sobre a Propriedade Territorial Rural ¿ ITR;2298757,79;76420
2015;Prefeitura Municipal de Luís Eduardo Magalhães - BA;2919553;BA;DCA-Anexo I-C;NA;Deduções - FUNDEB;RO1.7.2.1.01.05.00;1.7.2.1.01.05.00 - Cota-Parte do Imposto Sobre a Propriedade Territorial Rural ¿ ITR;459751,42;76420
2015;Prefeitura Municipal de Luís Eduardo Magalhães - BA;2919553;BA;DCA-Anexo I-C;NA;Receitas Brutas Realizadas;RO1.7.2.1.22.00.00;1.7.2.1.22.00.00 - Transferências da Compensação Financeira pela Exploração de Recursos Naturais;351207,53;76420
2015;Prefeitura Municipal de Luís Eduardo Magalhães - BA;2919553;BA;DCA-Anexo I-C;NA;Receitas Brutas Realizadas;RO1.7.2.1.22.70.00;1.7.2.1.22.70.00 - Cota-Parte do Fundo Especial do Petróleo ¿ FEP;351207,53;76420
2015;Prefeitura Municipal de Luís Eduardo Magalhães - BA;2919553;BA;DCA-Anexo I-C;NA;Receitas Brutas Realizadas;RO1.7.2.1.33.00.00;1.7.2.1.33.00.00 - Transferências de Recursos do Sistema Único de Saúde - SUS - Repasses Fundo a Fundo;12642130,87;76420
2015;Prefeitura Municipal de Luís Eduardo Magalhães - BA;2919553;BA;DCA-Anexo I-C;NA;Receitas Brutas Realizadas;RO1.7.2.1.34.00.00;1.7.2.1.34.00.00 - Transferências de Recursos do Fundo Nacional de Assistência Social ¿ FNAS;427997,08;76420
2015;Prefeitura Municipal de Luís Eduardo Magalhães - BA;2919553;BA;DCA-Anexo I-C;NA;Receitas Brutas Realizadas;RO1.7.2.1.35.00.00;1.7.2.1.35.00.00 - Transferências de Recursos do Fundo Nacional do Desenvolvimento da Educação ¿ FNDE;3880258,20;76420
2015;Prefeitura Municipal de Luís Eduardo Magalhães - BA;2919553;BA;DCA-Anexo I-C;NA;Receitas Brutas Realizadas;RO1.7.2.1.36.00.00;1.7.2.1.36.00.00 - Transferências Financeiras do ICMS ¿ Desoneração ¿ L.C. Nº 87/96;350466,72;76420
2015;Prefeitura Municipal de Luís Eduardo Magalhães - BA;2919553;BA;DCA-Anexo I-C;NA;Deduções - FUNDEB;RO1.7.2.1.36.00.00;1.7.2.1.36.00.00 - Transferências Financeiras do ICMS ¿ Desoneração ¿ L.C. Nº 87/96;70093,32;76420
2015;Prefeitura Municipal de Luís Eduardo Magalhães - BA;2919553;BA;DCA-Anexo I-C;NA;Receitas Brutas Realizadas;RO1.7.2.1.99.00.00;1.7.2.1.99.00.00 - Outras Transferências da União;551709,47;76420
2015;Prefeitura Municipal de Luís Eduardo Magalhães - BA;2919553;BA;DCA-Anexo I-C;NA;Receitas Brutas Realizadas;RO1.7.2.2.00.00.00;1.7.2.2.00.00.00 - Transferências dos Estados;100794226,79;76420
2015;Prefeitura Municipal de Luís Eduardo Magalhães - BA;2919553;BA;DCA-Anexo I-C;NA;Deduções - FUNDEB;RO1.7.2.2.00.00.00;1.7.2.2.00.00.00 - Transferências dos Estados;19762906,05;76420
2015;Prefeitura Municipal de Luís Eduardo Magalhães - BA;2919553;BA;DCA-Anexo I-C;NA;Receitas Brutas Realizadas;RO1.7.2.2.01.00.00;1.7.2.2.01.00.00 - Participação na Receita dos Estados;99861006,01;76420
2015;Prefeitura Municipal de Luís Eduardo Magalhães - BA;2919553;BA;DCA-Anexo I-C;NA;Deduções - FUNDEB;RO1.7.2.2.01.00.00;1.7.2.2.01.00.00 - Participação na Receita dos Estados;19762906,05;76420
2015;Prefeitura Municipal de Luís Eduardo Magalhães - BA;2919553;BA;DCA-Anexo I-C;NA;Receitas Brutas Realizadas;RO1.7.2.2.01.01.00;1.7.2.2.01.01.00 - Cota-Parte do ICMS;89695977,61;76420
2015;Prefeitura Municipal de Luís Eduardo Magalhães - BA;2919553;BA;DCA-Anexo I-C;NA;Deduções - FUNDEB;RO1.7.2.2.01.01.00;1.7.2.2.01.01.00 - Cota-Parte do ICMS;17939195,29;76420
2015;Prefeitura Municipal de Luís Eduardo Magalhães - BA;2919553;BA;DCA-Anexo I-C;NA;Receitas Brutas Realizadas;RO1.7.2.2.01.02.00;1.7.2.2.01.02.00 - Cota-Parte do IPVA;9118557,93;76420
2015;Prefeitura Municipal de Luís Eduardo Magalhães - BA;2919553;BA;DCA-Anexo I-C;NA;Deduções - FUNDEB;RO1.7.2.2.01.02.00;1.7.2.2.01.02.00 - Cota-Parte do IPVA;1823710,76;76420
2015;Prefeitura Municipal de Luís Eduardo Magalhães - BA;2919553;BA;DCA-Anexo I-C;NA;Receitas Brutas Realizadas;RO1.7.2.2.01.04.00;1.7.2.2.01.04.00 - Cota-Parte do IPI sobre Exportação;1010433,23;76420
2015;Prefeitura Municipal de Luís Eduardo Magalhães - BA;2919553;BA;DCA-Anexo I-C;NA;Receitas Brutas Realizadas;RO1.7.2.2.01.13.00;1.7.2.2.01.13.00 - Cota-Parte da Contribuição de Intervenção no Domínio Econômico;36037,24;76420
2015;Prefeitura Municipal de Luís Eduardo Magalhães - BA;2919553;BA;DCA-Anexo I-C;NA;Receitas Brutas Realizadas;RO1.7.2.2.33.00.00;1.7.2.2.33.00.00 - Transferências de Recursos do Estado para Programas de Saúde - Repasse Fundo a Fundo;538812,50;76420
2015;Prefeitura Municipal de Luís Eduardo Magalhães - BA;2919553;BA;DCA-Anexo I-C;NA;Receitas Brutas Realizadas;RO1.7.2.2.99.00.00;1.7.2.2.99.00.00 - Outras Transferências dos Estados;394408,28;76420
2015;Prefeitura Municipal de Luís Eduardo Magalhães - BA;2919553;BA;DCA-Anexo I-C;NA;Receitas Brutas Realizadas;RO1.7.2.4.00.00.00;1.7.2.4.00.00.00 - Transferências Multigovernamentais;47606277,63;76420
2015;Prefeitura Municipal de Luís Eduardo Magalhães - BA;2919553;BA;DCA-Anexo I-C;NA;Receitas Brutas Realizadas;RO1.7.2.4.01.00.00;1.7.2.4.01.00.00 - Transferências de Recursos do Fundo de Manutenção e Desenvolvimento do Ensino Fundamental e de Valorização do Magistério - FUNDEB;34440164,84;76420
2015;Prefeitura Municipal de Luís Eduardo Magalhães - BA;2919553;BA;DCA-Anexo I-C;NA;Receitas Brutas Realizadas;RO1.7.2.4.02.00.00;1.7.2.4.02.00.00 - Transferências de Recursos da Complementação ao Fundo de Manutenção e Desenvolvimento do Ensino Fundamental e de Valorização do Magistério - FUNDEB;13166112,79;76420
2015;Prefeitura Municipal de Luís Eduardo Magalhães - BA;2919553;BA;DCA-Anexo I-C;NA;Receitas Brutas Realizadas;RO1.7.6.0.00.00.00;1.7.6.0.00.00.00 - Transferências de Convênios;959331,54;76420
2015;Prefeitura Municipal de Luís Eduardo Magalhães - BA;2919553;BA;DCA-Anexo I-C;NA;Receitas Brutas Realizadas;RO1.7.6.1.00.00.00;1.7.6.1.00.00.00 - Transferências de Convênios da União e de Suas Entidades;909331,54;76420
2015;Prefeitura Municipal de Luís Eduardo Magalhães - BA;2919553;BA;DCA-Anexo I-C;NA;Receitas Brutas Realizadas;RO1.7.6.1.99.00.00;1.7.6.1.99.00.00 - Outras Transferências de Convênios da União;909331,54;76420
2015;Prefeitura Municipal de Luís Eduardo Magalhães - BA;2919553;BA;DCA-Anexo I-C;NA;Receitas Brutas Realizadas;RO1.7.6.2.00.00.00;1.7.6.2.00.00.00 - Transferências de Convênios dos Estados e do Distrito Federal e de Suas Entidades;50000,00;76420
2015;Prefeitura Municipal de Luís Eduardo Magalhães - BA;2919553;BA;DCA-Anexo I-C;NA;Receitas Brutas Realizadas;RO1.7.6.2.99.00.00;1.7.6.2.99.00.00 - Outras Transferências de Convênios dos Estados;50000,00;76420
2015;Prefeitura Municipal de Luís Eduardo Magalhães - BA;2919553;BA;DCA-Anexo I-C;NA;Receitas Brutas Realizadas;RO1.9.0.0.00.00.00;1.9.0.0.00.00.00 - Outras Receitas Correntes;6147662,26;76420
2015;Prefeitura Municipal de Luís Eduardo Magalhães - BA;2919553;BA;DCA-Anexo I-C;NA;Receitas Brutas Realizadas;RO1.9.1.0.00.00.00;1.9.1.0.00.00.00 - Multas e Juros de Mora;2601883,58;76420
2015;Prefeitura Municipal de Luís Eduardo Magalhães - BA;2919553;BA;DCA-Anexo I-C;NA;Receitas Brutas Realizadas;RO1.9.1.1.00.00.00;1.9.1.1.00.00.00 - Multas e Juros de Mora dos Tributos;1890891,78;76420
2015;Prefeitura Municipal de Luís Eduardo Magalhães - BA;2919553;BA;DCA-Anexo I-C;NA;Receitas Brutas Realizadas;RO1.9.1.1.08.00.00;1.9.1.1.08.00.00 - Multas e Juros de Mora do Imposto sobre a Propriedade Territorial Rural;23640,57;76420
2015;Prefeitura Municipal de Luís Eduardo Magalhães - BA;2919553;BA;DCA-Anexo I-C;NA;Receitas Brutas Realizadas;RO1.9.1.1.20.00.00;1.9.1.1.20.00.00 - Multas e Juros de Mora do Imposto sobre Transmissão ¿Causa Mortis¿ e Doação de Bens e Direitos;839,87;76420
2015;Prefeitura Municipal de Luís Eduardo Magalhães - BA;2919553;BA;DCA-Anexo I-C;NA;Receitas Brutas Realizadas;RO1.9.1.1.31.00.00;1.9.1.1.31.00.00 - Multas e Juros de Mora das Taxas de Fiscalização das Telecomunicações;2074,64;76420
2015;Prefeitura Municipal de Luís Eduardo Magalhães - BA;2919553;BA;DCA-Anexo I-C;NA;Receitas Brutas Realizadas;RO1.9.1.1.40.00.00;1.9.1.1.40.00.00 - Multas e Juros de Mora do Imposto sobre Serviços de Qualquer Natureza ¿ ISS;3415,95;76420
2015;Prefeitura Municipal de Luís Eduardo Magalhães - BA;2919553;BA;DCA-Anexo I-C;NA;Receitas Brutas Realizadas;RO1.9.1.1.99.00.00;1.9.1.1.99.00.00 - Multas e Juros de Mora de Outros Tributos;1860920,75;76420
2015;Prefeitura Municipal de Luís Eduardo Magalhães - BA;2919553;BA;DCA-Anexo I-C;NA;Receitas Brutas Realizadas;RO1.9.1.3.00.00.00;1.9.1.3.00.00.00 - Multas e Juros de Mora da Dívida Ativa dos Tributos;527597,19;76420
2015;Prefeitura Municipal de Luís Eduardo Magalhães - BA;2919553;BA;DCA-Anexo I-C;NA;Receitas Brutas Realizadas;RO1.9.1.3.11.00.00;1.9.1.3.11.00.00 - Multas e Juros de Mora da Dívida Ativa do Imposto sobre a Propriedade Predial e Territorial Urbana ¿ IPTU;445157,60;76420
2015;Prefeitura Municipal de Luís Eduardo Magalhães - BA;2919553;BA;DCA-Anexo I-C;NA;Receitas Brutas Realizadas;RO1.9.1.3.13.00.00;1.9.1.3.13.00.00 - Multas e Juros de Mora da Dívida Ativa do Imposto sobre Serviços de Qualquer Natureza ¿ ISS;45312,87;76420
2015;Prefeitura Municipal de Luís Eduardo Magalhães - BA;2919553;BA;DCA-Anexo I-C;NA;Receitas Brutas Realizadas;RO1.9.1.3.99.00.00;1.9.1.3.99.00.00 - Multas e Juros de Mora da Dívida Ativa de Outros Tributos;37126,72;76420
2015;Prefeitura Municipal de Luís Eduardo Magalhães - BA;2919553;BA;DCA-Anexo I-C;NA;Receitas Brutas Realizadas;RO1.9.1.9.00.00.00;1.9.1.9.00.00.00 - Multas de Outras Origens;183394,61;76420
2015;Prefeitura Municipal de Luís Eduardo Magalhães - BA;2919553;BA;DCA-Anexo I-C;NA;Receitas Brutas Realizadas;RO1.9.2.0.00.00.00;1.9.2.0.00.00.00 - Indenizações e Restituições;16885,01;76420
2015;Prefeitura Municipal de Luís Eduardo Magalhães - BA;2919553;BA;DCA-Anexo I-C;NA;Receitas Brutas Realizadas;RO1.9.2.2.00.00.00;1.9.2.2.00.00.00 - Restituições;16885,01;76420
2015;Prefeitura Municipal de Luís Eduardo Magalhães - BA;2919553;BA;DCA-Anexo I-C;NA;Receitas Brutas Realizadas;RO1.9.2.2.99.00.00;1.9.2.2.99.00.00 - Outras Restituições;16885,01;76420
2015;Prefeitura Municipal de Luís Eduardo Magalhães - BA;2919553;BA;DCA-Anexo I-C;NA;Receitas Brutas Realizadas;RO1.9.3.0.00.00.00;1.9.3.0.00.00.00 - Receita da Dívida Ativa;3528893,67;76420
2015;Prefeitura Municipal de Luís Eduardo Magalhães - BA;2919553;BA;DCA-Anexo I-C;NA;Receitas Brutas Realizadas;RO1.9.3.1.00.00.00;1.9.3.1.00.00.00 - Receita da Dívida Ativa Tributária;3528893,67;76420
2015;Prefeitura Municipal de Luís Eduardo Magalhães - BA;2919553;BA;DCA-Anexo I-C;NA;Receitas Brutas Realizadas;RO1.9.3.1.09.00.00;1.9.3.1.09.00.00 - Receita da Dívida Ativa decorrente da Taxa de Fiscalização ¿ TAFIC;37676,51;76420
2015;Prefeitura Municipal de Luís Eduardo Magalhães - BA;2919553;BA;DCA-Anexo I-C;NA;Receitas Brutas Realizadas;RO1.9.3.1.11.00.00;1.9.3.1.11.00.00 - Receita da Dívida Ativa do Imposto sobre a Propriedade Predial e Territorial Urbana ¿ IPTU;2737284,86;76420
2015;Prefeitura Municipal de Luís Eduardo Magalhães - BA;2919553;BA;DCA-Anexo I-C;NA;Receitas Brutas Realizadas;RO1.9.3.1.13.00.00;1.9.3.1.13.00.00 - Receita da Dívida Ativa do Imposto sobre Serviços de Qualquer Natureza ¿ ISS;42766,62;76420
2015;Prefeitura Municipal de Luís Eduardo Magalhães - BA;2919553;BA;DCA-Anexo I-C;NA;Receitas Brutas Realizadas;RO1.9.3.1.99.00.00;1.9.3.1.99.00.00 - Receita da Dívida Ativa de Outros Tributos;711165,68;76420
2015;Prefeitura Municipal de Luís Eduardo Magalhães - BA;2919553;BA;DCA-Anexo I-C;NA;Receitas Brutas Realizadas;RO2.0.0.0.00.00.00;2.0.0.0.00.00.00 - Receitas de Capital;2694252,84;76420
2015;Prefeitura Municipal de Luís Eduardo Magalhães - BA;2919553;BA;DCA-Anexo I-C;NA;Receitas Brutas Realizadas;RO2.1.0.0.00.00.00;2.1.0.0.00.00.00 - Operações de Crédito;173060,00;76420
2015;Prefeitura Municipal de Luís Eduardo Magalhães - BA;2919553;BA;DCA-Anexo I-C;NA;Receitas Brutas Realizadas;RO2.1.1.0.00.00.00;2.1.1.0.00.00.00 - Operações de Crédito Internas;173060,00;76420
2015;Prefeitura Municipal de Luís Eduardo Magalhães - BA;2919553;BA;DCA-Anexo I-C;NA;Receitas Brutas Realizadas;RO2.4.0.0.00.00.00;2.4.0.0.00.00.00 - Transferências de Capital;2521192,84;76420
2015;Prefeitura Municipal de Luís Eduardo Magalhães - BA;2919553;BA;DCA-Anexo I-C;NA;Receitas Brutas Realizadas;RO2.4.2.0.00.00.00;2.4.2.0.00.00.00 - Transferências Intergovernamentais;1272385,07;76420
2015;Prefeitura Municipal de Luís Eduardo Magalhães - BA;2919553;BA;DCA-Anexo I-C;NA;Receitas Brutas Realizadas;RO2.4.2.1.00.00.00;2.4.2.1.00.00.00 - Transferências da União;1272385,07;76420
2015;Prefeitura Municipal de Luís Eduardo Magalhães - BA;2919553;BA;DCA-Anexo I-C;NA;Receitas Brutas Realizadas;RO2.4.2.1.99.00.00;2.4.2.1.99.00.00 - Outras Transferências da União;1272385,07;76420
2015;Prefeitura Municipal de Luís Eduardo Magalhães - BA;2919553;BA;DCA-Anexo I-C;NA;Receitas Brutas Realizadas;RO2.4.7.0.00.00.00;2.4.7.0.00.00.00 - Transferências de Convênios;1248807,77;76420
2015;Prefeitura Municipal de Luís Eduardo Magalhães - BA;2919553;BA;DCA-Anexo I-C;NA;Receitas Brutas Realizadas;RO2.4.7.1.00.00.00;2.4.7.1.00.00.00 - Transferências de Convênios da União e de suas Entidades;1248807,77;76420
2015;Prefeitura Municipal de Luís Eduardo Magalhães - BA;2919553;BA;DCA-Anexo I-C;NA;Receitas Brutas Realizadas;RO2.4.7.1.01.00.00;2.4.7.1.01.00.00 - Transferências de Convênios da União para o Sistema Único de Saúde - SUS;400000,00;76420
2015;Prefeitura Municipal de Luís Eduardo Magalhães - BA;2919553;BA;DCA-Anexo I-C;NA;Receitas Brutas Realizadas;RO2.4.7.1.99.00.00;2.4.7.1.99.00.00 - Outras Transferências de Convênios da União;848807,77;76420
2016;Prefeitura Municipal de Luís Eduardo Magalhães - BA;2919553;BA;DCA-Anexo I-C;NA;Receitas Brutas Realizadas;TotalReceitas;Total Receitas;276127369,63;79162
2016;Prefeitura Municipal de Luís Eduardo Magalhães - BA;2919553;BA;DCA-Anexo I-C;NA;Deduções - FUNDEB;TotalReceitas;Total Receitas;26455636,93;79162
2016;Prefeitura Municipal de Luís Eduardo Magalhães - BA;2919553;BA;DCA-Anexo I-C;NA;Receitas Brutas Realizadas;RO1.0.0.0.00.00.00;1.0.0.0.00.00.00 - Receitas Correntes;271673581,46;79162
2016;Prefeitura Municipal de Luís Eduardo Magalhães - BA;2919553;BA;DCA-Anexo I-C;NA;Deduções - FUNDEB;RO1.0.0.0.00.00.00;1.0.0.0.00.00.00 - Receitas Correntes;26455636,93;79162
2016;Prefeitura Municipal de Luís Eduardo Magalhães - BA;2919553;BA;DCA-Anexo I-C;NA;Receitas Brutas Realizadas;RO1.1.0.0.00.00.00;1.1.0.0.00.00.00 - Receita Tributária;48789695,82;79162
2016;Prefeitura Municipal de Luís Eduardo Magalhães - BA;2919553;BA;DCA-Anexo I-C;NA;Receitas Brutas Realizadas;RO1.1.1.0.00.00.00;1.1.1.0.00.00.00 - Impostos;44766012,44;79162
2016;Prefeitura Municipal de Luís Eduardo Magalhães - BA;2919553;BA;DCA-Anexo I-C;NA;Receitas Brutas Realizadas;RO1.1.1.2.00.00.00;1.1.1.2.00.00.00 - Impostos sobre o Patrimônio e a Renda;23657908,09;79162
2016;Prefeitura Municipal de Luís Eduardo Magalhães - BA;2919553;BA;DCA-Anexo I-C;NA;Receitas Brutas Realizadas;RO1.1.1.2.02.00.00;1.1.1.2.02.00.00 - Imposto sobre a Propriedade Predial e Territorial Urbana ¿ IPTU;9798636,04;79162
2016;Prefeitura Municipal de Luís Eduardo Magalhães - BA;2919553;BA;DCA-Anexo I-C;NA;Receitas Brutas Realizadas;RO1.1.1.2.04.00.00;1.1.1.2.04.00.00 - Imposto sobre a Renda e Proventos de Qualquer Natureza ¿ IR;6611339,94;79162
2016;Prefeitura Municipal de Luís Eduardo Magalhães - BA;2919553;BA;DCA-Anexo I-C;NA;Receitas Brutas Realizadas;RO1.1.1.2.04.31.00;1.1.1.2.04.31.00 - Retido nas Fontes - Trabalho;6611339,94;79162
2016;Prefeitura Municipal de Luís Eduardo Magalhães - BA;2919553;BA;DCA-Anexo I-C;NA;Receitas Brutas Realizadas;RO1.1.1.2.08.00.00;"1.1.1.2.08.00.00 - Imposto sobre Transmissão ""Inter Vivos"" de Bens Imóveis e de Direitos Reais sobre Imóveis ¿ ITBI";7247932,11;79162
2016;Prefeitura Municipal de Luís Eduardo Magalhães - BA;2919553;BA;DCA-Anexo I-C;NA;Receitas Brutas Realizadas;RO1.1.1.3.00.00.00;1.1.1.3.00.00.00 - Impostos sobre a Produção e a Circulação;21108104,35;79162
2016;Prefeitura Municipal de Luís Eduardo Magalhães - BA;2919553;BA;DCA-Anexo I-C;NA;Receitas Brutas Realizadas;RO1.1.1.3.05.00.00;1.1.1.3.05.00.00 - Imposto sobre Serviços de Qualquer Natureza ¿ ISSQN;21108104,35;79162
2016;Prefeitura Municipal de Luís Eduardo Magalhães - BA;2919553;BA;DCA-Anexo I-C;NA;Receitas Brutas Realizadas;RO1.1.2.0.00.00.00;1.1.2.0.00.00.00 - Taxas;4023683,38;79162
2016;Prefeitura Municipal de Luís Eduardo Magalhães - BA;2919553;BA;DCA-Anexo I-C;NA;Receitas Brutas Realizadas;RO1.1.2.1.00.00.00;1.1.2.1.00.00.00 - Taxas pelo Exercício do Poder de Polícia;3457239,38;79162
2016;Prefeitura Municipal de Luís Eduardo Magalhães - BA;2919553;BA;DCA-Anexo I-C;NA;Receitas Brutas Realizadas;RO1.1.2.2.00.00.00;1.1.2.2.00.00.00 - Taxas pela Prestação de Serviços;566444,00;79162
2016;Prefeitura Municipal de Luís Eduardo Magalhães - BA;2919553;BA;DCA-Anexo I-C;NA;Receitas Brutas Realizadas;RO1.1.2.2.99.00.00;1.1.2.2.99.00.00 - Outras Taxas pela Prestação de Serviços;566444,00;79162
2016;Prefeitura Municipal de Luís Eduardo Magalhães - BA;2919553;BA;DCA-Anexo I-C;NA;Receitas Brutas Realizadas;RO1.2.0.0.00.00.00;1.2.0.0.00.00.00 - Receitas de Contribuições;3695079,31;79162
2016;Prefeitura Municipal de Luís Eduardo Magalhães - BA;2919553;BA;DCA-Anexo I-C;NA;Receitas Brutas Realizadas;RO1.2.3.0.00.00.00;1.2.3.0.00.00.00 - Contribuição para Custeio do Serviço de Iluminação Pública;3695079,31;79162
2016;Prefeitura Municipal de Luís Eduardo Magalhães - BA;2919553;BA;DCA-Anexo I-C;NA;Receitas Brutas Realizadas;RO1.3.0.0.00.00.00;1.3.0.0.00.00.00 - Receita Patrimonial;4080890,64;79162
2016;Prefeitura Municipal de Luís Eduardo Magalhães - BA;2919553;BA;DCA-Anexo I-C;NA;Receitas Brutas Realizadas;RO1.3.2.0.00.00.00;1.3.2.0.00.00.00 - Receitas de Valores Mobiliários;1330885,64;79162
2016;Prefeitura Municipal de Luís Eduardo Magalhães - BA;2919553;BA;DCA-Anexo I-C;NA;Receitas Brutas Realizadas;RO1.3.2.5.00.00.00;1.3.2.5.00.00.00 - Remuneração de Depósitos Bancários;1330885,64;79162
2016;Prefeitura Municipal de Luís Eduardo Magalhães - BA;2919553;BA;DCA-Anexo I-C;NA;Receitas Brutas Realizadas;RO1.3.6.0.00.00.00;1.3.6.0.00.00.00 - Receita da Cessão de Direitos;2750005,00;79162
2016;Prefeitura Municipal de Luís Eduardo Magalhães - BA;2919553;BA;DCA-Anexo I-C;NA;Receitas Brutas Realizadas;RO1.7.0.0.00.00.00;1.7.0.0.00.00.00 - Transferências Correntes;209815904,19;79162
2016;Prefeitura Municipal de Luís Eduardo Magalhães - BA;2919553;BA;DCA-Anexo I-C;NA;Deduções - FUNDEB;RO1.7.0.0.00.00.00;1.7.0.0.00.00.00 - Transferências Correntes;26455636,93;79162
2016;Prefeitura Municipal de Luís Eduardo Magalhães - BA;2919553;BA;DCA-Anexo I-C;NA;Receitas Brutas Realizadas;RO1.7.2.0.00.00.00;1.7.2.0.00.00.00 - Transferências Intergovernamentais;209634697,53;79162
2016;Prefeitura Municipal de Luís Eduardo Magalhães - BA;2919553;BA;DCA-Anexo I-C;NA;Deduções - FUNDEB;RO1.7.2.0.00.00.00;1.7.2.0.00.00.00 - Transferências Intergovernamentais;26455636,93;79162
2016;Prefeitura Municipal de Luís Eduardo Magalhães - BA;2919553;BA;DCA-Anexo I-C;NA;Receitas Brutas Realizadas;RO1.7.2.1.00.00.00;1.7.2.1.00.00.00 - Transferências da União;59665462,12;79162
2016;Prefeitura Municipal de Luís Eduardo Magalhães - BA;2919553;BA;DCA-Anexo I-C;NA;Deduções - FUNDEB;RO1.7.2.1.00.00.00;1.7.2.1.00.00.00 - Transferências da União;7638217,67;79162
2016;Prefeitura Municipal de Luís Eduardo Magalhães - BA;2919553;BA;DCA-Anexo I-C;NA;Receitas Brutas Realizadas;RO1.7.2.1.01.00.00;1.7.2.1.01.00.00 - Participação na Receita da União;40501659,58;79162
2016;Prefeitura Municipal de Luís Eduardo Magalhães - BA;2919553;BA;DCA-Anexo I-C;NA;Deduções - FUNDEB;RO1.7.2.1.01.00.00;1.7.2.1.01.00.00 - Participação na Receita da União;7572837,11;79162
2016;Prefeitura Municipal de Luís Eduardo Magalhães - BA;2919553;BA;DCA-Anexo I-C;NA;Receitas Brutas Realizadas;RO1.7.2.1.01.02.00;1.7.2.1.01.02.00 - Cota-Parte do Fundo de Participação dos Municípios ¿ FPM;38383149,43;79162
2016;Prefeitura Municipal de Luís Eduardo Magalhães - BA;2919553;BA;DCA-Anexo I-C;NA;Deduções - FUNDEB;RO1.7.2.1.01.02.00;1.7.2.1.01.02.00 - Cota-Parte do Fundo de Participação dos Municípios ¿ FPM;7149135,23;79162
2016;Prefeitura Municipal de Luís Eduardo Magalhães - BA;2919553;BA;DCA-Anexo I-C;NA;Receitas Brutas Realizadas;RO1.7.2.1.01.05.00;1.7.2.1.01.05.00 - Cota-Parte do Imposto Sobre a Propriedade Territorial Rural ¿ ITR;2118510,15;79162
2016;Prefeitura Municipal de Luís Eduardo Magalhães - BA;2919553;BA;DCA-Anexo I-C;NA;Deduções - FUNDEB;RO1.7.2.1.01.05.00;1.7.2.1.01.05.00 - Cota-Parte do Imposto Sobre a Propriedade Territorial Rural ¿ ITR;423701,88;79162
2016;Prefeitura Municipal de Luís Eduardo Magalhães - BA;2919553;BA;DCA-Anexo I-C;NA;Receitas Brutas Realizadas;RO1.7.2.1.22.00.00;1.7.2.1.22.00.00 - Transferências da Compensação Financeira pela Exploração de Recursos Naturais;300930,10;79162
2016;Prefeitura Municipal de Luís Eduardo Magalhães - BA;2919553;BA;DCA-Anexo I-C;NA;Receitas Brutas Realizadas;RO1.7.2.1.22.70.00;1.7.2.1.22.70.00 - Cota-Parte do Fundo Especial do Petróleo ¿ FEP;300930,10;79162
2016;Prefeitura Municipal de Luís Eduardo Magalhães - BA;2919553;BA;DCA-Anexo I-C;NA;Receitas Brutas Realizadas;RO1.7.2.1.33.00.00;1.7.2.1.33.00.00 - Transferências de Recursos do Sistema Único de Saúde - SUS - Repasses Fundo a Fundo;13298558,81;79162
2016;Prefeitura Municipal de Luís Eduardo Magalhães - BA;2919553;BA;DCA-Anexo I-C;NA;Receitas Brutas Realizadas;RO1.7.2.1.34.00.00;1.7.2.1.34.00.00 - Transferências de Recursos do Fundo Nacional de Assistência Social ¿ FNAS;795938,46;79162
2016;Prefeitura Municipal de Luís Eduardo Magalhães - BA;2919553;BA;DCA-Anexo I-C;NA;Receitas Brutas Realizadas;RO1.7.2.1.35.00.00;1.7.2.1.35.00.00 - Transferências de Recursos do Fundo Nacional do Desenvolvimento da Educação ¿ FNDE;3787699,42;79162
2016;Prefeitura Municipal de Luís Eduardo Magalhães - BA;2919553;BA;DCA-Anexo I-C;NA;Receitas Brutas Realizadas;RO1.7.2.1.36.00.00;1.7.2.1.36.00.00 - Transferências Financeiras do ICMS ¿ Desoneração ¿ L.C. Nº 87/96;326902,98;79162
2016;Prefeitura Municipal de Luís Eduardo Magalhães - BA;2919553;BA;DCA-Anexo I-C;NA;Deduções - FUNDEB;RO1.7.2.1.36.00.00;1.7.2.1.36.00.00 - Transferências Financeiras do ICMS ¿ Desoneração ¿ L.C. Nº 87/96;65380,56;79162
2016;Prefeitura Municipal de Luís Eduardo Magalhães - BA;2919553;BA;DCA-Anexo I-C;NA;Receitas Brutas Realizadas;RO1.7.2.1.99.00.00;1.7.2.1.99.00.00 - Outras Transferências da União;653772,77;79162
2016;Prefeitura Municipal de Luís Eduardo Magalhães - BA;2919553;BA;DCA-Anexo I-C;NA;Receitas Brutas Realizadas;RO1.7.2.2.00.00.00;1.7.2.2.00.00.00 - Transferências dos Estados;96026897,73;79162
2016;Prefeitura Municipal de Luís Eduardo Magalhães - BA;2919553;BA;DCA-Anexo I-C;NA;Deduções - FUNDEB;RO1.7.2.2.00.00.00;1.7.2.2.00.00.00 - Transferências dos Estados;18817419,26;79162
2016;Prefeitura Municipal de Luís Eduardo Magalhães - BA;2919553;BA;DCA-Anexo I-C;NA;Receitas Brutas Realizadas;RO1.7.2.2.01.00.00;1.7.2.2.01.00.00 - Participação na Receita dos Estados;94921165,97;79162
2016;Prefeitura Municipal de Luís Eduardo Magalhães - BA;2919553;BA;DCA-Anexo I-C;NA;Deduções - FUNDEB;RO1.7.2.2.01.00.00;1.7.2.2.01.00.00 - Participação na Receita dos Estados;18817419,26;79162
2016;Prefeitura Municipal de Luís Eduardo Magalhães - BA;2919553;BA;DCA-Anexo I-C;NA;Receitas Brutas Realizadas;RO1.7.2.2.01.01.00;1.7.2.2.01.01.00 - Cota-Parte do ICMS;84921631,32;79162
2016;Prefeitura Municipal de Luís Eduardo Magalhães - BA;2919553;BA;DCA-Anexo I-C;NA;Deduções - FUNDEB;RO1.7.2.2.01.01.00;1.7.2.2.01.01.00 - Cota-Parte do ICMS;16984326,08;79162
2016;Prefeitura Municipal de Luís Eduardo Magalhães - BA;2919553;BA;DCA-Anexo I-C;NA;Receitas Brutas Realizadas;RO1.7.2.2.01.02.00;1.7.2.2.01.02.00 - Cota-Parte do IPVA;9165470,34;79162
2016;Prefeitura Municipal de Luís Eduardo Magalhães - BA;2919553;BA;DCA-Anexo I-C;NA;Deduções - FUNDEB;RO1.7.2.2.01.02.00;1.7.2.2.01.02.00 - Cota-Parte do IPVA;1833093,18;79162
2016;Prefeitura Municipal de Luís Eduardo Magalhães - BA;2919553;BA;DCA-Anexo I-C;NA;Receitas Brutas Realizadas;RO1.7.2.2.01.04.00;1.7.2.2.01.04.00 - Cota-Parte do IPI - Municípios;735795,16;79162
2016;Prefeitura Municipal de Luís Eduardo Magalhães - BA;2919553;BA;DCA-Anexo I-C;NA;Receitas Brutas Realizadas;RO1.7.2.2.01.13.00;1.7.2.2.01.13.00 - Cota-Parte da Contribuição de Intervenção no Domínio Econômico;98269,15;79162
2016;Prefeitura Municipal de Luís Eduardo Magalhães - BA;2919553;BA;DCA-Anexo I-C;NA;Receitas Brutas Realizadas;RO1.7.2.2.33.00.00;1.7.2.2.33.00.00 - Transferências de Recursos do Estado para Programas de Saúde - Repasse Fundo a Fundo;633750,00;79162
2016;Prefeitura Municipal de Luís Eduardo Magalhães - BA;2919553;BA;DCA-Anexo I-C;NA;Receitas Brutas Realizadas;RO1.7.2.2.99.00.00;1.7.2.2.99.00.00 - Outras Transferências dos Estados;471981,76;79162
2016;Prefeitura Municipal de Luís Eduardo Magalhães - BA;2919553;BA;DCA-Anexo I-C;NA;Receitas Brutas Realizadas;RO1.7.2.4.00.00.00;1.7.2.4.00.00.00 - Transferências Multigovernamentais;53942337,68;79162
2016;Prefeitura Municipal de Luís Eduardo Magalhães - BA;2919553;BA;DCA-Anexo I-C;NA;Receitas Brutas Realizadas;RO1.7.2.4.01.00.00;1.7.2.4.01.00.00 - Transferências de Recursos do Fundo de Manutenção e Desenvolvimento do Ensino Fundamental e de Valorização do Magistério - FUNDEB;38525311,57;79162
2016;Prefeitura Municipal de Luís Eduardo Magalhães - BA;2919553;BA;DCA-Anexo I-C;NA;Receitas Brutas Realizadas;RO1.7.2.4.02.00.00;1.7.2.4.02.00.00 - Transferências de Recursos da Complementação ao Fundo de Manutenção e Desenvolvimento do Ensino Fundamental e de Valorização do Magistério - FUNDEB;15417026,11;79162
2016;Prefeitura Municipal de Luís Eduardo Magalhães - BA;2919553;BA;DCA-Anexo I-C;NA;Receitas Brutas Realizadas;RO1.7.6.0.00.00.00;1.7.6.0.00.00.00 - Transferências de Convênios;181206,66;79162
2016;Prefeitura Municipal de Luís Eduardo Magalhães - BA;2919553;BA;DCA-Anexo I-C;NA;Receitas Brutas Realizadas;RO1.7.6.1.00.00.00;1.7.6.1.00.00.00 - Transferências de Convênios da União e de Suas Entidades;181206,66;79162
2016;Prefeitura Municipal de Luís Eduardo Magalhães - BA;2919553;BA;DCA-Anexo I-C;NA;Receitas Brutas Realizadas;RO1.7.6.1.99.00.00;1.7.6.1.99.00.00 - Outras Transferências de Convênios da União;181206,66;79162
2016;Prefeitura Municipal de Luís Eduardo Magalhães - BA;2919553;BA;DCA-Anexo I-C;NA;Receitas Brutas Realizadas;RO1.9.0.0.00.00.00;1.9.0.0.00.00.00 - Outras Receitas Correntes;5292011,50;79162
2016;Prefeitura Municipal de Luís Eduardo Magalhães - BA;2919553;BA;DCA-Anexo I-C;NA;Receitas Brutas Realizadas;RO1.9.1.0.00.00.00;1.9.1.0.00.00.00 - Multas e Juros de Mora;1343166,43;79162
2016;Prefeitura Municipal de Luís Eduardo Magalhães - BA;2919553;BA;DCA-Anexo I-C;NA;Receitas Brutas Realizadas;RO1.9.1.1.00.00.00;1.9.1.1.00.00.00 - Multas e Juros de Mora dos Tributos;862315,34;79162
2016;Prefeitura Municipal de Luís Eduardo Magalhães - BA;2919553;BA;DCA-Anexo I-C;NA;Receitas Brutas Realizadas;RO1.9.1.1.35.00.00;1.9.1.1.35.00.00 - Multas e Juros de Mora da Taxa de Fiscalização e Vigilância Sanitária;629,92;79162
2016;Prefeitura Municipal de Luís Eduardo Magalhães - BA;2919553;BA;DCA-Anexo I-C;NA;Receitas Brutas Realizadas;RO1.9.1.1.38.00.00;1.9.1.1.38.00.00 - Multas e Juros de Mora do Imposto sobre a Propriedade Predial e Territorial Urbana ¿ IPTU;118411,49;79162
2016;Prefeitura Municipal de Luís Eduardo Magalhães - BA;2919553;BA;DCA-Anexo I-C;NA;Receitas Brutas Realizadas;RO1.9.1.1.39.00.00;1.9.1.1.39.00.00 - Multas e Juros de Mora do Imposto sobre a Transmissão Inter Vivos de Bens Imóveis - ITBI;842,22;79162
2016;Prefeitura Municipal de Luís Eduardo Magalhães - BA;2919553;BA;DCA-Anexo I-C;NA;Receitas Brutas Realizadas;RO1.9.1.1.40.00.00;1.9.1.1.40.00.00 - Multas e Juros de Mora do Imposto sobre Serviços de Qualquer Natureza ¿ ISS;7302,68;79162
2016;Prefeitura Municipal de Luís Eduardo Magalhães - BA;2919553;BA;DCA-Anexo I-C;NA;Receitas Brutas Realizadas;RO1.9.1.1.98.00.00;1.9.1.1.98.00.00 - Multas e Juros de Mora das Contribuições de Melhoria;15106,10;79162
2016;Prefeitura Municipal de Luís Eduardo Magalhães - BA;2919553;BA;DCA-Anexo I-C;NA;Receitas Brutas Realizadas;RO1.9.1.1.99.00.00;1.9.1.1.99.00.00 - Multas e Juros de Mora de Outros Tributos;720022,93;79162
2016;Prefeitura Municipal de Luís Eduardo Magalhães - BA;2919553;BA;DCA-Anexo I-C;NA;Receitas Brutas Realizadas;RO1.9.1.3.00.00.00;1.9.1.3.00.00.00 - Multas e Juros de Mora da Dívida Ativa dos Tributos;342576,54;79162
2016;Prefeitura Municipal de Luís Eduardo Magalhães - BA;2919553;BA;DCA-Anexo I-C;NA;Receitas Brutas Realizadas;RO1.9.1.3.11.00.00;1.9.1.3.11.00.00 - Multas e Juros de Mora da Dívida Ativa do Imposto sobre a Propriedade Predial e Territorial Urbana ¿ IPTU;333590,00;79162
2016;Prefeitura Municipal de Luís Eduardo Magalhães - BA;2919553;BA;DCA-Anexo I-C;NA;Receitas Brutas Realizadas;RO1.9.1.3.13.00.00;1.9.1.3.13.00.00 - Multas e Juros de Mora da Dívida Ativa do Imposto sobre Serviços de Qualquer Natureza ¿ ISS;7461,28;79162
2016;Prefeitura Municipal de Luís Eduardo Magalhães - BA;2919553;BA;DCA-Anexo I-C;NA;Receitas Brutas Realizadas;RO1.9.1.3.99.00.00;1.9.1.3.99.00.00 - Multas e Juros de Mora da Dívida Ativa de Outros Tributos;1525,26;79162
2016;Prefeitura Municipal de Luís Eduardo Magalhães - BA;2919553;BA;DCA-Anexo I-C;NA;Receitas Brutas Realizadas;RO1.9.1.9.00.00.00;1.9.1.9.00.00.00 - Multas de Outras Origens;138274,55;79162
2016;Prefeitura Municipal de Luís Eduardo Magalhães - BA;2919553;BA;DCA-Anexo I-C;NA;Receitas Brutas Realizadas;RO1.9.2.0.00.00.00;1.9.2.0.00.00.00 - Indenizações e Restituições;190095,13;79162
2016;Prefeitura Municipal de Luís Eduardo Magalhães - BA;2919553;BA;DCA-Anexo I-C;NA;Receitas Brutas Realizadas;RO1.9.2.2.00.00.00;1.9.2.2.00.00.00 - Restituições;190095,13;79162
2016;Prefeitura Municipal de Luís Eduardo Magalhães - BA;2919553;BA;DCA-Anexo I-C;NA;Receitas Brutas Realizadas;RO1.9.2.2.99.00.00;1.9.2.2.99.00.00 - Outras Restituições;190095,13;79162
2016;Prefeitura Municipal de Luís Eduardo Magalhães - BA;2919553;BA;DCA-Anexo I-C;NA;Receitas Brutas Realizadas;RO1.9.3.0.00.00.00;1.9.3.0.00.00.00 - Receita da Dívida Ativa;3622355,85;79162
2016;Prefeitura Municipal de Luís Eduardo Magalhães - BA;2919553;BA;DCA-Anexo I-C;NA;Receitas Brutas Realizadas;RO1.9.3.1.00.00.00;1.9.3.1.00.00.00 - Receita da Dívida Ativa Tributária;3622355,85;79162
2016;Prefeitura Municipal de Luís Eduardo Magalhães - BA;2919553;BA;DCA-Anexo I-C;NA;Receitas Brutas Realizadas;RO1.9.3.1.11.00.00;1.9.3.1.11.00.00 - Receita da Dívida Ativa do Imposto sobre a Propriedade Predial e Territorial Urbana ¿ IPTU;2877268,98;79162
2016;Prefeitura Municipal de Luís Eduardo Magalhães - BA;2919553;BA;DCA-Anexo I-C;NA;Receitas Brutas Realizadas;RO1.9.3.1.12.00.00;1.9.3.1.12.00.00 - Receita da Dívida Ativa do Imposto sobre a Transmissão Inter Vivos de Bens Imóveis - ITBI;899,47;79162
2016;Prefeitura Municipal de Luís Eduardo Magalhães - BA;2919553;BA;DCA-Anexo I-C;NA;Receitas Brutas Realizadas;RO1.9.3.1.13.00.00;1.9.3.1.13.00.00 - Receita da Dívida Ativa do Imposto sobre Serviços de Qualquer Natureza ¿ ISS;49055,64;79162
2016;Prefeitura Municipal de Luís Eduardo Magalhães - BA;2919553;BA;DCA-Anexo I-C;NA;Receitas Brutas Realizadas;RO1.9.3.1.99.00.00;1.9.3.1.99.00.00 - Receita da Dívida Ativa de Outros Tributos;695131,76;79162
2016;Prefeitura Municipal de Luís Eduardo Magalhães - BA;2919553;BA;DCA-Anexo I-C;NA;Receitas Brutas Realizadas;RO1.9.9.0.00.00.00;1.9.9.0.00.00.00 - Receitas Diversas;136394,09;79162
2016;Prefeitura Municipal de Luís Eduardo Magalhães - BA;2919553;BA;DCA-Anexo I-C;NA;Receitas Brutas Realizadas;RO1.9.9.0.99.00.00;1.9.9.0.99.00.00 - Outras Receitas;136394,09;79162
2016;Prefeitura Municipal de Luís Eduardo Magalhães - BA;2919553;BA;DCA-Anexo I-C;NA;Receitas Brutas Realizadas;RO2.0.0.0.00.00.00;2.0.0.0.00.00.00 - Receitas de Capital;4453788,17;79162
2016;Prefeitura Municipal de Luís Eduardo Magalhães - BA;2919553;BA;DCA-Anexo I-C;NA;Receitas Brutas Realizadas;RO2.1.0.0.00.00.00;2.1.0.0.00.00.00 - Operações de Crédito;1080250,46;79162
2016;Prefeitura Municipal de Luís Eduardo Magalhães - BA;2919553;BA;DCA-Anexo I-C;NA;Receitas Brutas Realizadas;RO2.1.1.0.00.00.00;2.1.1.0.00.00.00 - Operações de Crédito Internas;1080250,46;79162
2016;Prefeitura Municipal de Luís Eduardo Magalhães - BA;2919553;BA;DCA-Anexo I-C;NA;Receitas Brutas Realizadas;RO2.4.0.0.00.00.00;2.4.0.0.00.00.00 - Transferências de Capital;3373537,71;79162
2016;Prefeitura Municipal de Luís Eduardo Magalhães - BA;2919553;BA;DCA-Anexo I-C;NA;Receitas Brutas Realizadas;RO2.4.2.0.00.00.00;2.4.2.0.00.00.00 - Transferências Intergovernamentais;1512700,00;79162
2016;Prefeitura Municipal de Luís Eduardo Magalhães - BA;2919553;BA;DCA-Anexo I-C;NA;Receitas Brutas Realizadas;RO2.4.2.1.00.00.00;2.4.2.1.00.00.00 - Transferências da União;1512700,00;79162
2016;Prefeitura Municipal de Luís Eduardo Magalhães - BA;2919553;BA;DCA-Anexo I-C;NA;Receitas Brutas Realizadas;RO2.4.2.1.99.00.00;2.4.2.1.99.00.00 - Outras Transferências da União;1512700,00;79162
2016;Prefeitura Municipal de Luís Eduardo Magalhães - BA;2919553;BA;DCA-Anexo I-C;NA;Receitas Brutas Realizadas;RO2.4.7.0.00.00.00;2.4.7.0.00.00.00 - Transferências de Convênios;1860837,71;79162
2016;Prefeitura Municipal de Luís Eduardo Magalhães - BA;2919553;BA;DCA-Anexo I-C;NA;Receitas Brutas Realizadas;RO2.4.7.1.00.00.00;2.4.7.1.00.00.00 - Transferências de Convênios da União e de suas Entidades;1860837,71;79162
2016;Prefeitura Municipal de Luís Eduardo Magalhães - BA;2919553;BA;DCA-Anexo I-C;NA;Receitas Brutas Realizadas;RO2.4.7.1.99.00.00;2.4.7.1.99.00.00 - Outras Transferências de Convênios da União;1860837,71;79162
2017;Prefeitura Municipal de Luís Eduardo Magalhães - BA;2919553;BA;DCA-Anexo I-C;Padrão;Receitas Brutas Realizadas;TotalReceitas;Total Receitas;305247009,60;81730
2017;Prefeitura Municipal de Luís Eduardo Magalhães - BA;2919553;BA;DCA-Anexo I-C;Padrão;Deduções - FUNDEB;TotalReceitas;Total Receitas;30321903,11;81730
2017;Prefeitura Municipal de Luís Eduardo Magalhães - BA;2919553;BA;DCA-Anexo I-C;Padrão;Receitas Brutas Realizadas;RO1.0.0.0.00.00.00;1.0.0.0.00.00.00 - Receitas Correntes;293693492,86;81730
2017;Prefeitura Municipal de Luís Eduardo Magalhães - BA;2919553;BA;DCA-Anexo I-C;Padrão;Deduções - FUNDEB;RO1.0.0.0.00.00.00;1.0.0.0.00.00.00 - Receitas Correntes;30321903,11;81730
2017;Prefeitura Municipal de Luís Eduardo Magalhães - BA;2919553;BA;DCA-Anexo I-C;Padrão;Receitas Brutas Realizadas;RO1.1.0.0.00.00.00;1.1.0.0.00.00.00 - Receita Tributária;47189376,48;81730
2017;Prefeitura Municipal de Luís Eduardo Magalhães - BA;2919553;BA;DCA-Anexo I-C;Padrão;Receitas Brutas Realizadas;RO1.1.1.0.00.00.00;1.1.1.0.00.00.00 - Impostos;44135593,81;81730
2017;Prefeitura Municipal de Luís Eduardo Magalhães - BA;2919553;BA;DCA-Anexo I-C;Padrão;Receitas Brutas Realizadas;RO1.1.1.2.00.00.00;1.1.1.2.00.00.00 - Impostos sobre o Patrimônio e a Renda;22111763,45;81730
2017;Prefeitura Municipal de Luís Eduardo Magalhães - BA;2919553;BA;DCA-Anexo I-C;Padrão;Receitas Brutas Realizadas;RO1.1.1.2.02.00.00;1.1.1.2.02.00.00 - Imposto sobre a Propriedade Predial e Territorial Urbana ¿ IPTU;9275493,81;81730
2017;Prefeitura Municipal de Luís Eduardo Magalhães - BA;2919553;BA;DCA-Anexo I-C;Padrão;Receitas Brutas Realizadas;RO1.1.1.2.04.00.00;1.1.1.2.04.00.00 - Imposto sobre a Renda e Proventos de Qualquer Natureza ¿ IR;8454122,74;81730
2017;Prefeitura Municipal de Luís Eduardo Magalhães - BA;2919553;BA;DCA-Anexo I-C;Padrão;Receitas Brutas Realizadas;RO1.1.1.2.04.31.00;1.1.1.2.04.31.00 - Retido nas Fontes - Trabalho;8454122,74;81730
2017;Prefeitura Municipal de Luís Eduardo Magalhães - BA;2919553;BA;DCA-Anexo I-C;Padrão;Receitas Brutas Realizadas;RO1.1.1.2.08.00.00;"1.1.1.2.08.00.00 - Imposto sobre Transmissão ""Inter Vivos"" de Bens Imóveis e de Direitos Reais sobre Imóveis ¿ ITBI";4382146,90;81730
2017;Prefeitura Municipal de Luís Eduardo Magalhães - BA;2919553;BA;DCA-Anexo I-C;Padrão;Receitas Brutas Realizadas;RO1.1.1.3.00.00.00;1.1.1.3.00.00.00 - Impostos sobre a Produção e a Circulação;22023830,36;81730
2017;Prefeitura Municipal de Luís Eduardo Magalhães - BA;2919553;BA;DCA-Anexo I-C;Padrão;Receitas Brutas Realizadas;RO1.1.1.3.05.00.00;1.1.1.3.05.00.00 - Imposto sobre Serviços de Qualquer Natureza ¿ ISSQN;22023830,36;81730
2017;Prefeitura Municipal de Luís Eduardo Magalhães - BA;2919553;BA;DCA-Anexo I-C;Padrão;Receitas Brutas Realizadas;RO1.1.2.0.00.00.00;1.1.2.0.00.00.00 - Taxas;3053782,67;81730
2017;Prefeitura Municipal de Luís Eduardo Magalhães - BA;2919553;BA;DCA-Anexo I-C;Padrão;Receitas Brutas Realizadas;RO1.1.2.1.00.00.00;1.1.2.1.00.00.00 - Taxas pelo Exercício do Poder de Polícia;2501293,35;81730
2017;Prefeitura Municipal de Luís Eduardo Magalhães - BA;2919553;BA;DCA-Anexo I-C;Padrão;Receitas Brutas Realizadas;RO1.1.2.2.00.00.00;1.1.2.2.00.00.00 - Taxas pela Prestação de Serviços;552489,32;81730
2017;Prefeitura Municipal de Luís Eduardo Magalhães - BA;2919553;BA;DCA-Anexo I-C;Padrão;Receitas Brutas Realizadas;RO1.1.2.2.99.00.00;1.1.2.2.99.00.00 - Outras Taxas pela Prestação de Serviços;552489,32;81730
2017;Prefeitura Municipal de Luís Eduardo Magalhães - BA;2919553;BA;DCA-Anexo I-C;Padrão;Receitas Brutas Realizadas;RO1.2.0.0.00.00.00;1.2.0.0.00.00.00 - Receitas de Contribuições;4935632,54;81730
2017;Prefeitura Municipal de Luís Eduardo Magalhães - BA;2919553;BA;DCA-Anexo I-C;Padrão;Receitas Brutas Realizadas;RO1.2.3.0.00.00.00;1.2.3.0.00.00.00 - Contribuição para Custeio do Serviço de Iluminação Pública;4935632,54;81730
2017;Prefeitura Municipal de Luís Eduardo Magalhães - BA;2919553;BA;DCA-Anexo I-C;Padrão;Receitas Brutas Realizadas;RO1.3.0.0.00.00.00;1.3.0.0.00.00.00 - Receita Patrimonial;1269047,31;81730
2017;Prefeitura Municipal de Luís Eduardo Magalhães - BA;2919553;BA;DCA-Anexo I-C;Padrão;Receitas Brutas Realizadas;RO1.3.2.0.00.00.00;1.3.2.0.00.00.00 - Receitas de Valores Mobiliários;1269047,31;81730
2017;Prefeitura Municipal de Luís Eduardo Magalhães - BA;2919553;BA;DCA-Anexo I-C;Padrão;Receitas Brutas Realizadas;RO1.3.2.5.00.00.00;1.3.2.5.00.00.00 - Remuneração de Depósitos Bancários;1269047,31;81730
2017;Prefeitura Municipal de Luís Eduardo Magalhães - BA;2919553;BA;DCA-Anexo I-C;Padrão;Receitas Brutas Realizadas;RO1.7.0.0.00.00.00;1.7.0.0.00.00.00 - Transferências Correntes;232668232,58;81730
2017;Prefeitura Municipal de Luís Eduardo Magalhães - BA;2919553;BA;DCA-Anexo I-C;Padrão;Deduções - FUNDEB;RO1.7.0.0.00.00.00;1.7.0.0.00.00.00 - Transferências Correntes;30321903,11;81730
2017;Prefeitura Municipal de Luís Eduardo Magalhães - BA;2919553;BA;DCA-Anexo I-C;Padrão;Receitas Brutas Realizadas;RO1.7.2.0.00.00.00;1.7.2.0.00.00.00 - Transferências Intergovernamentais;232391758,41;81730
2017;Prefeitura Municipal de Luís Eduardo Magalhães - BA;2919553;BA;DCA-Anexo I-C;Padrão;Deduções - FUNDEB;RO1.7.2.0.00.00.00;1.7.2.0.00.00.00 - Transferências Intergovernamentais;30321903,11;81730
2017;Prefeitura Municipal de Luís Eduardo Magalhães - BA;2919553;BA;DCA-Anexo I-C;Padrão;Receitas Brutas Realizadas;RO1.7.2.1.00.00.00;1.7.2.1.00.00.00 - Transferências da União;62180133,81;81730
2017;Prefeitura Municipal de Luís Eduardo Magalhães - BA;2919553;BA;DCA-Anexo I-C;Padrão;Deduções - FUNDEB;RO1.7.2.1.00.00.00;1.7.2.1.00.00.00 - Transferências da União;7851125,60;81730
2017;Prefeitura Municipal de Luís Eduardo Magalhães - BA;2919553;BA;DCA-Anexo I-C;Padrão;Receitas Brutas Realizadas;RO1.7.2.1.01.00.00;1.7.2.1.01.00.00 - Participação na Receita da União;42203176,37;81730
2017;Prefeitura Municipal de Luís Eduardo Magalhães - BA;2919553;BA;DCA-Anexo I-C;Padrão;Deduções - FUNDEB;RO1.7.2.1.01.00.00;1.7.2.1.01.00.00 - Participação na Receita da União;7777907,36;81730
2017;Prefeitura Municipal de Luís Eduardo Magalhães - BA;2919553;BA;DCA-Anexo I-C;Padrão;Receitas Brutas Realizadas;RO1.7.2.1.01.02.00;1.7.2.1.01.02.00 - Cota-Parte do Fundo de Participação dos Municípios ¿ FPM;40007416,14;81730
2017;Prefeitura Municipal de Luís Eduardo Magalhães - BA;2919553;BA;DCA-Anexo I-C;Padrão;Deduções - FUNDEB;RO1.7.2.1.01.02.00;1.7.2.1.01.02.00 - Cota-Parte do Fundo de Participação dos Municípios ¿ FPM;7338755,43;81730
2017;Prefeitura Municipal de Luís Eduardo Magalhães - BA;2919553;BA;DCA-Anexo I-C;Padrão;Receitas Brutas Realizadas;RO1.7.2.1.01.05.00;1.7.2.1.01.05.00 - Cota-Parte do Imposto Sobre a Propriedade Territorial Rural ¿ ITR;2195760,23;81730
2017;Prefeitura Municipal de Luís Eduardo Magalhães - BA;2919553;BA;DCA-Anexo I-C;Padrão;Deduções - FUNDEB;RO1.7.2.1.01.05.00;1.7.2.1.01.05.00 - Cota-Parte do Imposto Sobre a Propriedade Territorial Rural ¿ ITR;439151,93;81730
2017;Prefeitura Municipal de Luís Eduardo Magalhães - BA;2919553;BA;DCA-Anexo I-C;Padrão;Receitas Brutas Realizadas;RO1.7.2.1.22.00.00;1.7.2.1.22.00.00 - Transferências da Compensação Financeira pela Exploração de Recursos Naturais;426310,02;81730
2017;Prefeitura Municipal de Luís Eduardo Magalhães - BA;2919553;BA;DCA-Anexo I-C;Padrão;Receitas Brutas Realizadas;RO1.7.2.1.22.70.00;1.7.2.1.22.70.00 - Cota-Parte do Fundo Especial do Petróleo ¿ FEP;426310,02;81730
2017;Prefeitura Municipal de Luís Eduardo Magalhães - BA;2919553;BA;DCA-Anexo I-C;Padrão;Receitas Brutas Realizadas;RO1.7.2.1.33.00.00;1.7.2.1.33.00.00 - Transferências de Recursos do Sistema Único de Saúde - SUS - Repasses Fundo a Fundo;13659652,05;81730
2017;Prefeitura Municipal de Luís Eduardo Magalhães - BA;2919553;BA;DCA-Anexo I-C;Padrão;Receitas Brutas Realizadas;RO1.7.2.1.34.00.00;1.7.2.1.34.00.00 - Transferências de Recursos do Fundo Nacional de Assistência Social ¿ FNAS;812927,78;81730
2017;Prefeitura Municipal de Luís Eduardo Magalhães - BA;2919553;BA;DCA-Anexo I-C;Padrão;Receitas Brutas Realizadas;RO1.7.2.1.35.00.00;1.7.2.1.35.00.00 - Transferências de Recursos do Fundo Nacional do Desenvolvimento da Educação ¿ FNDE;4325297,50;81730
2017;Prefeitura Municipal de Luís Eduardo Magalhães - BA;2919553;BA;DCA-Anexo I-C;Padrão;Receitas Brutas Realizadas;RO1.7.2.1.36.00.00;1.7.2.1.36.00.00 - Transferências Financeiras do ICMS ¿ Desoneração ¿ L.C. Nº 87/96;366091,32;81730
2017;Prefeitura Municipal de Luís Eduardo Magalhães - BA;2919553;BA;DCA-Anexo I-C;Padrão;Deduções - FUNDEB;RO1.7.2.1.36.00.00;1.7.2.1.36.00.00 - Transferências Financeiras do ICMS ¿ Desoneração ¿ L.C. Nº 87/96;73218,24;81730
2017;Prefeitura Municipal de Luís Eduardo Magalhães - BA;2919553;BA;DCA-Anexo I-C;Padrão;Receitas Brutas Realizadas;RO1.7.2.1.99.00.00;1.7.2.1.99.00.00 - Outras Transferências da União;386678,77;81730
2017;Prefeitura Municipal de Luís Eduardo Magalhães - BA;2919553;BA;DCA-Anexo I-C;Padrão;Receitas Brutas Realizadas;RO1.7.2.2.00.00.00;1.7.2.2.00.00.00 - Transferências dos Estados;114265269,77;81730
2017;Prefeitura Municipal de Luís Eduardo Magalhães - BA;2919553;BA;DCA-Anexo I-C;Padrão;Deduções - FUNDEB;RO1.7.2.2.00.00.00;1.7.2.2.00.00.00 - Transferências dos Estados;22470777,51;81730
2017;Prefeitura Municipal de Luís Eduardo Magalhães - BA;2919553;BA;DCA-Anexo I-C;Padrão;Receitas Brutas Realizadas;RO1.7.2.2.01.00.00;1.7.2.2.01.00.00 - Participação na Receita dos Estados;113463527,07;81730
2017;Prefeitura Municipal de Luís Eduardo Magalhães - BA;2919553;BA;DCA-Anexo I-C;Padrão;Deduções - FUNDEB;RO1.7.2.2.01.00.00;1.7.2.2.01.00.00 - Participação na Receita dos Estados;22470777,51;81730
2017;Prefeitura Municipal de Luís Eduardo Magalhães - BA;2919553;BA;DCA-Anexo I-C;Padrão;Receitas Brutas Realizadas;RO1.7.2.2.01.01.00;1.7.2.2.01.01.00 - Cota-Parte do ICMS;102269062,03;81730
2017;Prefeitura Municipal de Luís Eduardo Magalhães - BA;2919553;BA;DCA-Anexo I-C;Padrão;Deduções - FUNDEB;RO1.7.2.2.01.01.00;1.7.2.2.01.01.00 - Cota-Parte do ICMS;20453812,18;81730
2017;Prefeitura Municipal de Luís Eduardo Magalhães - BA;2919553;BA;DCA-Anexo I-C;Padrão;Receitas Brutas Realizadas;RO1.7.2.2.01.02.00;1.7.2.2.01.02.00 - Cota-Parte do IPVA;10084830,16;81730
2017;Prefeitura Municipal de Luís Eduardo Magalhães - BA;2919553;BA;DCA-Anexo I-C;Padrão;Deduções - FUNDEB;RO1.7.2.2.01.02.00;1.7.2.2.01.02.00 - Cota-Parte do IPVA;2016965,33;81730
2017;Prefeitura Municipal de Luís Eduardo Magalhães - BA;2919553;BA;DCA-Anexo I-C;Padrão;Receitas Brutas Realizadas;RO1.7.2.2.01.04.00;1.7.2.2.01.04.00 - Cota-Parte do IPI - Municípios;973180,01;81730
2017;Prefeitura Municipal de Luís Eduardo Magalhães - BA;2919553;BA;DCA-Anexo I-C;Padrão;Receitas Brutas Realizadas;RO1.7.2.2.01.13.00;1.7.2.2.01.13.00 - Cota-Parte da Contribuição de Intervenção no Domínio Econômico;136454,87;81730
2017;Prefeitura Municipal de Luís Eduardo Magalhães - BA;2919553;BA;DCA-Anexo I-C;Padrão;Receitas Brutas Realizadas;RO1.7.2.2.33.00.00;1.7.2.2.33.00.00 - Transferências de Recursos do Estado para Programas de Saúde - Repasse Fundo a Fundo;560957,50;81730
2017;Prefeitura Municipal de Luís Eduardo Magalhães - BA;2919553;BA;DCA-Anexo I-C;Padrão;Receitas Brutas Realizadas;RO1.7.2.2.99.00.00;1.7.2.2.99.00.00 - Outras Transferências dos Estados;240785,20;81730
2017;Prefeitura Municipal de Luís Eduardo Magalhães - BA;2919553;BA;DCA-Anexo I-C;Padrão;Receitas Brutas Realizadas;RO1.7.2.4.00.00.00;1.7.2.4.00.00.00 - Transferências Multigovernamentais;55946354,83;81730
2017;Prefeitura Municipal de Luís Eduardo Magalhães - BA;2919553;BA;DCA-Anexo I-C;Padrão;Receitas Brutas Realizadas;RO1.7.2.4.01.00.00;1.7.2.4.01.00.00 - Transferências de Recursos do Fundo de Manutenção e Desenvolvimento do Ensino Fundamental e de Valorização do Magistério - FUNDEB;41531498,88;81730
2017;Prefeitura Municipal de Luís Eduardo Magalhães - BA;2919553;BA;DCA-Anexo I-C;Padrão;Receitas Brutas Realizadas;RO1.7.2.4.02.00.00;1.7.2.4.02.00.00 - Transferências de Recursos da Complementação ao Fundo de Manutenção e Desenvolvimento do Ensino Fundamental e de Valorização do Magistério - FUNDEB;14414855,95;81730
2017;Prefeitura Municipal de Luís Eduardo Magalhães - BA;2919553;BA;DCA-Anexo I-C;Padrão;Receitas Brutas Realizadas;RO1.7.6.0.00.00.00;1.7.6.0.00.00.00 - Transferências de Convênios;276474,17;81730
2017;Prefeitura Municipal de Luís Eduardo Magalhães - BA;2919553;BA;DCA-Anexo I-C;Padrão;Receitas Brutas Realizadas;RO1.7.6.1.00.00.00;1.7.6.1.00.00.00 - Transferências de Convênios da União e de Suas Entidades;276474,17;81730
2017;Prefeitura Municipal de Luís Eduardo Magalhães - BA;2919553;BA;DCA-Anexo I-C;Padrão;Receitas Brutas Realizadas;RO1.7.6.1.99.00.00;1.7.6.1.99.00.00 - Outras Transferências de Convênios da União;276474,17;81730
2017;Prefeitura Municipal de Luís Eduardo Magalhães - BA;2919553;BA;DCA-Anexo I-C;Padrão;Receitas Brutas Realizadas;RO1.9.0.0.00.00.00;1.9.0.0.00.00.00 - Outras Receitas Correntes;7631203,95;81730
2017;Prefeitura Municipal de Luís Eduardo Magalhães - BA;2919553;BA;DCA-Anexo I-C;Padrão;Receitas Brutas Realizadas;RO1.9.1.0.00.00.00;1.9.1.0.00.00.00 - Multas e Juros de Mora;2236973,22;81730
2017;Prefeitura Municipal de Luís Eduardo Magalhães - BA;2919553;BA;DCA-Anexo I-C;Padrão;Receitas Brutas Realizadas;RO1.9.1.1.00.00.00;1.9.1.1.00.00.00 - Multas e Juros de Mora dos Tributos;688417,73;81730
2017;Prefeitura Municipal de Luís Eduardo Magalhães - BA;2919553;BA;DCA-Anexo I-C;Padrão;Receitas Brutas Realizadas;RO1.9.1.1.35.00.00;1.9.1.1.35.00.00 - Multas e Juros de Mora da Taxa de Fiscalização e Vigilância Sanitária;1364,51;81730
2017;Prefeitura Municipal de Luís Eduardo Magalhães - BA;2919553;BA;DCA-Anexo I-C;Padrão;Receitas Brutas Realizadas;RO1.9.1.1.38.00.00;1.9.1.1.38.00.00 - Multas e Juros de Mora do Imposto sobre a Propriedade Predial e Territorial Urbana ¿ IPTU;70802,46;81730
2017;Prefeitura Municipal de Luís Eduardo Magalhães - BA;2919553;BA;DCA-Anexo I-C;Padrão;Receitas Brutas Realizadas;RO1.9.1.1.39.00.00;1.9.1.1.39.00.00 - Multas e Juros de Mora do Imposto sobre a Transmissão Inter Vivos de Bens Imóveis - ITBI;1365,09;81730
2017;Prefeitura Municipal de Luís Eduardo Magalhães - BA;2919553;BA;DCA-Anexo I-C;Padrão;Receitas Brutas Realizadas;RO1.9.1.1.40.00.00;1.9.1.1.40.00.00 - Multas e Juros de Mora do Imposto sobre Serviços de Qualquer Natureza ¿ ISS;198842,48;81730
2017;Prefeitura Municipal de Luís Eduardo Magalhães - BA;2919553;BA;DCA-Anexo I-C;Padrão;Receitas Brutas Realizadas;RO1.9.1.1.99.00.00;1.9.1.1.99.00.00 - Multas e Juros de Mora de Outros Tributos;416043,19;81730
2017;Prefeitura Municipal de Luís Eduardo Magalhães - BA;2919553;BA;DCA-Anexo I-C;Padrão;Receitas Brutas Realizadas;RO1.9.1.2.00.00.00;1.9.1.2.00.00.00 - Multas e Juros de Mora das Contribuições;24,02;81730
2017;Prefeitura Municipal de Luís Eduardo Magalhães - BA;2919553;BA;DCA-Anexo I-C;Padrão;Receitas Brutas Realizadas;RO1.9.1.2.99.00.00;1.9.1.2.99.00.00 - Multas e Juros de Mora de Outras Contribuições;24,02;81730
2017;Prefeitura Municipal de Luís Eduardo Magalhães - BA;2919553;BA;DCA-Anexo I-C;Padrão;Receitas Brutas Realizadas;RO1.9.1.3.00.00.00;1.9.1.3.00.00.00 - Multas e Juros de Mora da Dívida Ativa dos Tributos;1296908,40;81730
2017;Prefeitura Municipal de Luís Eduardo Magalhães - BA;2919553;BA;DCA-Anexo I-C;Padrão;Receitas Brutas Realizadas;RO1.9.1.3.11.00.00;1.9.1.3.11.00.00 - Multas e Juros de Mora da Dívida Ativa do Imposto sobre a Propriedade Predial e Territorial Urbana ¿ IPTU;1228473,32;81730
2017;Prefeitura Municipal de Luís Eduardo Magalhães - BA;2919553;BA;DCA-Anexo I-C;Padrão;Receitas Brutas Realizadas;RO1.9.1.3.13.00.00;1.9.1.3.13.00.00 - Multas e Juros de Mora da Dívida Ativa do Imposto sobre Serviços de Qualquer Natureza ¿ ISS;2504,96;81730
2017;Prefeitura Municipal de Luís Eduardo Magalhães - BA;2919553;BA;DCA-Anexo I-C;Padrão;Receitas Brutas Realizadas;RO1.9.1.3.99.00.00;1.9.1.3.99.00.00 - Multas e Juros de Mora da Dívida Ativa de Outros Tributos;65930,12;81730
2017;Prefeitura Municipal de Luís Eduardo Magalhães - BA;2919553;BA;DCA-Anexo I-C;Padrão;Receitas Brutas Realizadas;RO1.9.1.9.00.00.00;1.9.1.9.00.00.00 - Multas de Outras Origens;251623,07;81730
2017;Prefeitura Municipal de Luís Eduardo Magalhães - BA;2919553;BA;DCA-Anexo I-C;Padrão;Receitas Brutas Realizadas;RO1.9.2.0.00.00.00;1.9.2.0.00.00.00 - Indenizações e Restituições;124023,04;81730
2017;Prefeitura Municipal de Luís Eduardo Magalhães - BA;2919553;BA;DCA-Anexo I-C;Padrão;Receitas Brutas Realizadas;RO1.9.2.2.00.00.00;1.9.2.2.00.00.00 - Restituições;124023,04;81730
2017;Prefeitura Municipal de Luís Eduardo Magalhães - BA;2919553;BA;DCA-Anexo I-C;Padrão;Receitas Brutas Realizadas;RO1.9.2.2.99.00.00;1.9.2.2.99.00.00 - Outras Restituições;124023,04;81730
2017;Prefeitura Municipal de Luís Eduardo Magalhães - BA;2919553;BA;DCA-Anexo I-C;Padrão;Receitas Brutas Realizadas;RO1.9.3.0.00.00.00;1.9.3.0.00.00.00 - Receita da Dívida Ativa;5242206,84;81730
2017;Prefeitura Municipal de Luís Eduardo Magalhães - BA;2919553;BA;DCA-Anexo I-C;Padrão;Receitas Brutas Realizadas;RO1.9.3.1.00.00.00;1.9.3.1.00.00.00 - Receita da Dívida Ativa Tributária;5242001,94;81730
2017;Prefeitura Municipal de Luís Eduardo Magalhães - BA;2919553;BA;DCA-Anexo I-C;Padrão;Receitas Brutas Realizadas;RO1.9.3.1.09.00.00;1.9.3.1.09.00.00 - Receita da Dívida Ativa decorrente da Taxa de Fiscalização ¿ TAFIC;262234,27;81730
2017;Prefeitura Municipal de Luís Eduardo Magalhães - BA;2919553;BA;DCA-Anexo I-C;Padrão;Receitas Brutas Realizadas;RO1.9.3.1.11.00.00;1.9.3.1.11.00.00 - Receita da Dívida Ativa do Imposto sobre a Propriedade Predial e Territorial Urbana ¿ IPTU;4512287,01;81730
2017;Prefeitura Municipal de Luís Eduardo Magalhães - BA;2919553;BA;DCA-Anexo I-C;Padrão;Receitas Brutas Realizadas;RO1.9.3.1.13.00.00;1.9.3.1.13.00.00 - Receita da Dívida Ativa do Imposto sobre Serviços de Qualquer Natureza ¿ ISS;12654,24;81730
2017;Prefeitura Municipal de Luís Eduardo Magalhães - BA;2919553;BA;DCA-Anexo I-C;Padrão;Receitas Brutas Realizadas;RO1.9.3.1.99.00.00;1.9.3.1.99.00.00 - Receita da Dívida Ativa de Outros Tributos;454826,42;81730
2017;Prefeitura Municipal de Luís Eduardo Magalhães - BA;2919553;BA;DCA-Anexo I-C;Padrão;Receitas Brutas Realizadas;RO1.9.3.2.00.00.00;1.9.3.2.00.00.00 - Receita da Dívida Ativa Não Tributária;204,90;81730
2017;Prefeitura Municipal de Luís Eduardo Magalhães - BA;2919553;BA;DCA-Anexo I-C;Padrão;Receitas Brutas Realizadas;RO1.9.3.2.99.00.00;1.9.3.2.99.00.00 - Receita da Dívida Ativa Não Tributária de Outras Receitas;204,90;81730
2017;Prefeitura Municipal de Luís Eduardo Magalhães - BA;2919553;BA;DCA-Anexo I-C;Padrão;Receitas Brutas Realizadas;RO1.9.9.0.00.00.00;1.9.9.0.00.00.00 - Receitas Diversas;28000,85;81730
2017;Prefeitura Municipal de Luís Eduardo Magalhães - BA;2919553;BA;DCA-Anexo I-C;Padrão;Receitas Brutas Realizadas;RO1.9.9.0.99.00.00;1.9.9.0.99.00.00 - Outras Receitas;28000,85;81730
2017;Prefeitura Municipal de Luís Eduardo Magalhães - BA;2919553;BA;DCA-Anexo I-C;Padrão;Receitas Brutas Realizadas;RO2.0.0.0.00.00.00;2.0.0.0.00.00.00 - Receitas de Capital;11553516,74;81730
2017;Prefeitura Municipal de Luís Eduardo Magalhães - BA;2919553;BA;DCA-Anexo I-C;Padrão;Receitas Brutas Realizadas;RO2.1.0.0.00.00.00;2.1.0.0.00.00.00 - Operações de Crédito;10606250,39;81730
2017;Prefeitura Municipal de Luís Eduardo Magalhães - BA;2919553;BA;DCA-Anexo I-C;Padrão;Receitas Brutas Realizadas;RO2.1.1.0.00.00.00;2.1.1.0.00.00.00 - Operações de Crédito Internas;10606250,39;81730
2017;Prefeitura Municipal de Luís Eduardo Magalhães - BA;2919553;BA;DCA-Anexo I-C;Padrão;Receitas Brutas Realizadas;RO2.4.0.0.00.00.00;2.4.0.0.00.00.00 - Transferências de Capital;945511,09;81730
2017;Prefeitura Municipal de Luís Eduardo Magalhães - BA;2919553;BA;DCA-Anexo I-C;Padrão;Receitas Brutas Realizadas;RO2.4.2.0.00.00.00;2.4.2.0.00.00.00 - Transferências Intergovernamentais;552772,55;81730
2017;Prefeitura Municipal de Luís Eduardo Magalhães - BA;2919553;BA;DCA-Anexo I-C;Padrão;Receitas Brutas Realizadas;RO2.4.2.1.00.00.00;2.4.2.1.00.00.00 - Transferências da União;552772,55;81730
2017;Prefeitura Municipal de Luís Eduardo Magalhães - BA;2919553;BA;DCA-Anexo I-C;Padrão;Receitas Brutas Realizadas;RO2.4.2.1.01.00.00;2.4.2.1.01.00.00 - Participação na Receita da União;306000,00;81730
2017;Prefeitura Municipal de Luís Eduardo Magalhães - BA;2919553;BA;DCA-Anexo I-C;Padrão;Receitas Brutas Realizadas;RO2.4.2.1.02.00.00;2.4.2.1.02.00.00 - Transferências de Recursos Destinados a Programas de Educação;246772,55;81730
2017;Prefeitura Municipal de Luís Eduardo Magalhães - BA;2919553;BA;DCA-Anexo I-C;Padrão;Receitas Brutas Realizadas;RO2.4.7.0.00.00.00;2.4.7.0.00.00.00 - Transferências de Convênios;392738,54;81730
2017;Prefeitura Municipal de Luís Eduardo Magalhães - BA;2919553;BA;DCA-Anexo I-C;Padrão;Receitas Brutas Realizadas;RO2.4.7.1.00.00.00;2.4.7.1.00.00.00 - Transferências de Convênios da União e de suas Entidades;177600,00;81730
2017;Prefeitura Municipal de Luís Eduardo Magalhães - BA;2919553;BA;DCA-Anexo I-C;Padrão;Receitas Brutas Realizadas;RO2.4.7.1.99.00.00;2.4.7.1.99.00.00 - Outras Transferências de Convênios da União;177600,00;81730
2017;Prefeitura Municipal de Luís Eduardo Magalhães - BA;2919553;BA;DCA-Anexo I-C;Padrão;Receitas Brutas Realizadas;RO2.4.7.2.00.00.00;2.4.7.2.00.00.00 - Transferências de Convênios dos Estados e do Distrito Federal e de suas Entidades;215138,54;81730
2017;Prefeitura Municipal de Luís Eduardo Magalhães - BA;2919553;BA;DCA-Anexo I-C;Padrão;Receitas Brutas Realizadas;RO2.4.7.2.99.00.00;2.4.7.2.99.00.00 - Outras Transferências de Convênios dos Estados;215138,54;81730
2017;Prefeitura Municipal de Luís Eduardo Magalhães - BA;2919553;BA;DCA-Anexo I-C;Padrão;Receitas Brutas Realizadas;RO2.5.0.0.00.00.00;2.5.0.0.00.00.00 - Outras Receitas de Capital;1755,26;81730
2017;Prefeitura Municipal de Luís Eduardo Magalhães - BA;2919553;BA;DCA-Anexo I-C;Padrão;Receitas Brutas Realizadas;RO2.5.9.0.00.00.00;2.5.9.0.00.00.00 - Outras Receitas;1755,26;81730
2018;Prefeitura Municipal de Luís Eduardo Magalhães - BA;2919553;BA;DCA-Anexo I-C;Padrão;Receitas Brutas Realizadas;TotalReceitas;Total Receitas;395349053,37;81730
2018;Prefeitura Municipal de Luís Eduardo Magalhães - BA;2919553;BA;DCA-Anexo I-C;Padrão;Deduções - FUNDEB;TotalReceitas;Total Receitas;34616667,04;81730
2018;Prefeitura Municipal de Luís Eduardo Magalhães - BA;2919553;BA;DCA-Anexo I-C;Padrão;Receitas Brutas Realizadas;RO1.0.0.0.00.0.0;1.0.0.0.00.0.0 - Receitas Correntes;384937281,94;81730
2018;Prefeitura Municipal de Luís Eduardo Magalhães - BA;2919553;BA;DCA-Anexo I-C;Padrão;Deduções - FUNDEB;RO1.0.0.0.00.0.0;1.0.0.0.00.0.0 - Receitas Correntes;34616667,04;81730
2018;Prefeitura Municipal de Luís Eduardo Magalhães - BA;2919553;BA;DCA-Anexo I-C;Padrão;Receitas Brutas Realizadas;RO1.1.0.0.00.0.0;1.1.0.0.00.0.0 - Impostos, Taxas e Contribuições de Melhoria;72523321,80;81730
2018;Prefeitura Municipal de Luís Eduardo Magalhães - BA;2919553;BA;DCA-Anexo I-C;Padrão;Receitas Brutas Realizadas;RO1.1.1.0.00.0.0;1.1.1.0.00.0.0 - Impostos;66543982,12;81730
2018;Prefeitura Municipal de Luís Eduardo Magalhães - BA;2919553;BA;DCA-Anexo I-C;Padrão;Receitas Brutas Realizadas;RO1.1.1.3.00.0.0;1.1.1.3.00.0.0 - Impostos sobre a Renda e Proventos de Qualquer Natureza;11215999,42;81730
2018;Prefeitura Municipal de Luís Eduardo Magalhães - BA;2919553;BA;DCA-Anexo I-C;Padrão;Receitas Brutas Realizadas;RO1.1.1.3.03.0.0;1.1.1.3.03.0.0 - Imposto sobre a Renda - Retido na Fonte;11215999,42;81730
2018;Prefeitura Municipal de Luís Eduardo Magalhães - BA;2919553;BA;DCA-Anexo I-C;Padrão;Receitas Brutas Realizadas;RO1.1.1.3.03.1.0;1.1.1.3.03.1.0 - Imposto sobre a Renda - Retido na Fonte - Trabalho;8421516,64;81730
2018;Prefeitura Municipal de Luís Eduardo Magalhães - BA;2919553;BA;DCA-Anexo I-C;Padrão;Receitas Brutas Realizadas;RO1.1.1.3.03.4.0;1.1.1.3.03.4.0 - Imposto sobre a Renda - Retido na Fonte - Outros Rendimentos;2794482,78;81730
2018;Prefeitura Municipal de Luís Eduardo Magalhães - BA;2919553;BA;DCA-Anexo I-C;Padrão;Receitas Brutas Realizadas;RO1.1.1.8.00.0.0;1.1.1.8.00.0.0 Impostos Específicos de Estados, DF e Municípios;55327982,70;81730
2018;Prefeitura Municipal de Luís Eduardo Magalhães - BA;2919553;BA;DCA-Anexo I-C;Padrão;Receitas Brutas Realizadas;RO1.1.1.8.01.0.0;1.1.1.8.01.0.0 Impostos sobre o Patrimônio para Estados/DF/Municípios;29413392,07;81730
2018;Prefeitura Municipal de Luís Eduardo Magalhães - BA;2919553;BA;DCA-Anexo I-C;Padrão;Receitas Brutas Realizadas;RO1.1.1.8.01.1.0;1.1.1.8.01.1.0 Imposto sobre a Propriedade Predial e Territorial Urbana;20980744,65;81730
2018;Prefeitura Municipal de Luís Eduardo Magalhães - BA;2919553;BA;DCA-Anexo I-C;Padrão;Receitas Brutas Realizadas;RO1.1.1.8.01.4.0;1.1.1.8.01.4.0 Imposto sobre Transmissão ¿Inter Vivos¿ de Bens Imóveis e de Direitos Reais sobre Imóveis;8432647,42;81730
2018;Prefeitura Municipal de Luís Eduardo Magalhães - BA;2919553;BA;DCA-Anexo I-C;Padrão;Receitas Brutas Realizadas;RO1.1.1.8.02.0.0;1.1.1.8.02.0.0 Impostos sobre a Produção, Circulação de Mercadorias e Serviços;25914590,63;81730
2018;Prefeitura Municipal de Luís Eduardo Magalhães - BA;2919553;BA;DCA-Anexo I-C;Padrão;Receitas Brutas Realizadas;RO1.1.1.8.02.3.0;1.1.1.8.02.3.0 Imposto sobre Serviços de Qualquer Natureza;25914590,63;81730
2018;Prefeitura Municipal de Luís Eduardo Magalhães - BA;2919553;BA;DCA-Anexo I-C;Padrão;Receitas Brutas Realizadas;RO1.1.2.0.00.0.0;1.1.2.0.00.0.0 - Taxas;5979339,68;81730
2018;Prefeitura Municipal de Luís Eduardo Magalhães - BA;2919553;BA;DCA-Anexo I-C;Padrão;Receitas Brutas Realizadas;RO1.1.2.1.00.0.0;1.1.2.1.00.0.0 - Taxas pelo Exercício do Poder de Polícia;4083082,18;81730
2018;Prefeitura Municipal de Luís Eduardo Magalhães - BA;2919553;BA;DCA-Anexo I-C;Padrão;Receitas Brutas Realizadas;RO1.1.2.1.01.0.0;1.1.2.1.01.0.0 - Taxas de Inspeção, Controle e Fiscalização;3976378,82;81730
2018;Prefeitura Municipal de Luís Eduardo Magalhães - BA;2919553;BA;DCA-Anexo I-C;Padrão;Receitas Brutas Realizadas;RO1.1.2.1.04.0.0;1.1.2.1.04.0.0 - Taxa de Controle e Fiscalização Ambiental;106703,36;81730
2018;Prefeitura Municipal de Luís Eduardo Magalhães - BA;2919553;BA;DCA-Anexo I-C;Padrão;Receitas Brutas Realizadas;RO1.1.2.2.00.0.0;1.1.2.2.00.0.0 - Taxas pela Prestação de Serviços;1896257,50;81730
2018;Prefeitura Municipal de Luís Eduardo Magalhães - BA;2919553;BA;DCA-Anexo I-C;Padrão;Receitas Brutas Realizadas;RO1.1.2.2.01.0.0;1.1.2.2.01.0.0 - Taxas pela Prestação de Serviços;824992,82;81730
2018;Prefeitura Municipal de Luís Eduardo Magalhães - BA;2919553;BA;DCA-Anexo I-C;Padrão;Receitas Brutas Realizadas;RO1.1.2.2.02.0.0;1.1.2.2.02.0.0 - Emolumentos e Custas Judiciais;1071264,68;81730
2018;Prefeitura Municipal de Luís Eduardo Magalhães - BA;2919553;BA;DCA-Anexo I-C;Padrão;Receitas Brutas Realizadas;RO1.2.0.0.00.0.0;1.2.0.0.00.0.0 - Contribuições;5384476,00;81730
2018;Prefeitura Municipal de Luís Eduardo Magalhães - BA;2919553;BA;DCA-Anexo I-C;Padrão;Receitas Brutas Realizadas;RO1.2.4.0.00.0.0;1.2.4.0.00.0.0 - Contribuição para o Custeio do Serviço de Iluminação Pública;5384476,00;81730
2018;Prefeitura Municipal de Luís Eduardo Magalhães - BA;2919553;BA;DCA-Anexo I-C;Padrão;Receitas Brutas Realizadas;RO1.3.0.0.00.0.0;1.3.0.0.00.0.0 - Receita Patrimonial;1776618,83;81730
2018;Prefeitura Municipal de Luís Eduardo Magalhães - BA;2919553;BA;DCA-Anexo I-C;Padrão;Receitas Brutas Realizadas;RO1.3.2.0.00.0.0;1.3.2.0.00.0.0 - Valores Mobiliários;1776618,83;81730
2018;Prefeitura Municipal de Luís Eduardo Magalhães - BA;2919553;BA;DCA-Anexo I-C;Padrão;Receitas Brutas Realizadas;RO1.3.2.1.00.0.0;1.3.2.1.00.0.0 - Juros e Correções Monetárias;1776618,83;81730
2018;Prefeitura Municipal de Luís Eduardo Magalhães - BA;2919553;BA;DCA-Anexo I-C;Padrão;Receitas Brutas Realizadas;RO1.3.2.1.00.1.0;1.3.2.1.00.1.0 - Remuneração de Depósitos Bancários;1776618,83;81730
2018;Prefeitura Municipal de Luís Eduardo Magalhães - BA;2919553;BA;DCA-Anexo I-C;Padrão;Receitas Brutas Realizadas;RO1.7.0.0.00.0.0;1.7.0.0.00.0.0 - Transferências Correntes;303569688,64;81730
2018;Prefeitura Municipal de Luís Eduardo Magalhães - BA;2919553;BA;DCA-Anexo I-C;Padrão;Deduções - FUNDEB;RO1.7.0.0.00.0.0;1.7.0.0.00.0.0 - Transferências Correntes;34616667,04;81730
2018;Prefeitura Municipal de Luís Eduardo Magalhães - BA;2919553;BA;DCA-Anexo I-C;Padrão;Receitas Brutas Realizadas;RO1.7.1.0.00.0.0;1.7.1.0.00.0.0 - Transferências da União e de suas Entidades;67431639,55;81730
2018;Prefeitura Municipal de Luís Eduardo Magalhães - BA;2919553;BA;DCA-Anexo I-C;Padrão;Deduções - FUNDEB;RO1.7.1.0.00.0.0;1.7.1.0.00.0.0 - Transferências da União e de suas Entidades;8292351,94;81730
2018;Prefeitura Municipal de Luís Eduardo Magalhães - BA;2919553;BA;DCA-Anexo I-C;Padrão;Receitas Brutas Realizadas;RO1.7.1.8.00.0.0;1.7.1.8.00.0.0 Transferências da União - Específicas de Estados, DF e Municípios;67431639,55;81730
2018;Prefeitura Municipal de Luís Eduardo Magalhães - BA;2919553;BA;DCA-Anexo I-C;Padrão;Deduções - FUNDEB;RO1.7.1.8.00.0.0;1.7.1.8.00.0.0 Transferências da União - Específicas de Estados, DF e Municípios;8292351,94;81730
2018;Prefeitura Municipal de Luís Eduardo Magalhães - BA;2919553;BA;DCA-Anexo I-C;Padrão;Receitas Brutas Realizadas;RO1.7.1.8.01.0.0;1.7.1.8.01.0.0 Participação na Receita da União;44529710,87;81730
2018;Prefeitura Municipal de Luís Eduardo Magalhães - BA;2919553;BA;DCA-Anexo I-C;Padrão;Deduções - FUNDEB;RO1.7.1.8.01.0.0;1.7.1.8.01.0.0 Participação na Receita da União;8217859,90;81730
2018;Prefeitura Municipal de Luís Eduardo Magalhães - BA;2919553;BA;DCA-Anexo I-C;Padrão;Receitas Brutas Realizadas;RO1.7.1.8.01.2.0;1.7.1.8.01.2.0 Cota-Parte do Fundo de Participação dos Municípios - Cota Mensal;39222799,60;81730
2018;Prefeitura Municipal de Luís Eduardo Magalhães - BA;2919553;BA;DCA-Anexo I-C;Padrão;Deduções - FUNDEB;RO1.7.1.8.01.2.0;1.7.1.8.01.2.0 Cota-Parte do Fundo de Participação dos Municípios - Cota Mensal;7844559,65;81730
2018;Prefeitura Municipal de Luís Eduardo Magalhães - BA;2919553;BA;DCA-Anexo I-C;Padrão;Receitas Brutas Realizadas;RO1.7.1.8.01.3.0;1.7.1.8.01.3.0 Cota-Parte do Fundo de Participação do Municípios ¿ 1% Cota entregue no mês de dezembro;1741404,13;81730
2018;Prefeitura Municipal de Luís Eduardo Magalhães - BA;2919553;BA;DCA-Anexo I-C;Padrão;Receitas Brutas Realizadas;RO1.7.1.8.01.4.0;1.7.1.8.01.4.0 Cota-Parte do Fundo de Participação dos Municípios - 1% Cota entregue no mês de julho;1699005,36;81730
2018;Prefeitura Municipal de Luís Eduardo Magalhães - BA;2919553;BA;DCA-Anexo I-C;Padrão;Receitas Brutas Realizadas;RO1.7.1.8.01.5.0;1.7.1.8.01.5.0 Cota-Parte do Imposto Sobre a Propriedade Territorial Rural;1866501,78;81730
2018;Prefeitura Municipal de Luís Eduardo Magalhães - BA;2919553;BA;DCA-Anexo I-C;Padrão;Deduções - FUNDEB;RO1.7.1.8.01.5.0;1.7.1.8.01.5.0 Cota-Parte do Imposto Sobre a Propriedade Territorial Rural;373300,25;81730
2018;Prefeitura Municipal de Luís Eduardo Magalhães - BA;2919553;BA;DCA-Anexo I-C;Padrão;Receitas Brutas Realizadas;RO1.7.1.8.02.0.0;1.7.1.8.02.0.0 Transferência da Compensação Financeira pela Exploração de Recursos Naturais;652660,28;81730
2018;Prefeitura Municipal de Luís Eduardo Magalhães - BA;2919553;BA;DCA-Anexo I-C;Padrão;Receitas Brutas Realizadas;RO1.7.1.8.02.6.0;1.7.1.8.02.6.0 Cota-Parte do Fundo Especial do Petróleo ¿ FEP;652660,28;81730
2018;Prefeitura Municipal de Luís Eduardo Magalhães - BA;2919553;BA;DCA-Anexo I-C;Padrão;Receitas Brutas Realizadas;RO1.7.1.8.03.0.0;1.7.1.8.03.0.0 Transferência de Recursos do Sistema Único de Saúde ¿ SUS ¿ Repasses Fundo a Fundo;15742994,22;81730
2018;Prefeitura Municipal de Luís Eduardo Magalhães - BA;2919553;BA;DCA-Anexo I-C;Padrão;Receitas Brutas Realizadas;RO1.7.1.8.04.0.0;1.7.1.8.04.0.0 Transferências de Recursos do Fundo Nacional de Assistência Social ¿ FNAS;550742,34;81730
2018;Prefeitura Municipal de Luís Eduardo Magalhães - BA;2919553;BA;DCA-Anexo I-C;Padrão;Receitas Brutas Realizadas;RO1.7.1.8.05.0.0;1.7.1.8.05.0.0 Transferências de Recursos do Fundo Nacional do Desenvolvimento da Educação ¿ FNDE;5104101,80;81730
2018;Prefeitura Municipal de Luís Eduardo Magalhães - BA;2919553;BA;DCA-Anexo I-C;Padrão;Receitas Brutas Realizadas;RO1.7.1.8.05.1.0;1.7.1.8.05.1.0 Transferências do Salário-Educação;2504462,32;81730
2018;Prefeitura Municipal de Luís Eduardo Magalhães - BA;2919553;BA;DCA-Anexo I-C;Padrão;Receitas Brutas Realizadas;RO1.7.1.8.05.3.0;1.7.1.8.05.3.0 Transferências Diretas do FNDE referentes ao Programa Nacional de Alimentação Escolar ¿ PNAE;2222718,00;81730
2018;Prefeitura Municipal de Luís Eduardo Magalhães - BA;2919553;BA;DCA-Anexo I-C;Padrão;Receitas Brutas Realizadas;RO1.7.1.8.05.4.0;1.7.1.8.05.4.0 Transferências Diretas do FNDE referentes ao Programa Nacional de Apoio ao Transporte do Escolar ¿ PNATE;125146,31;81730
2018;Prefeitura Municipal de Luís Eduardo Magalhães - BA;2919553;BA;DCA-Anexo I-C;Padrão;Receitas Brutas Realizadas;RO1.7.1.8.05.9.0;1.7.1.8.05.9.0 Outras Transferências Diretas do Fundo Nacional do Desenvolvimento da Educação ¿ FNDE;251775,17;81730
2018;Prefeitura Municipal de Luís Eduardo Magalhães - BA;2919553;BA;DCA-Anexo I-C;Padrão;Receitas Brutas Realizadas;RO1.7.1.8.06.0.0;1.7.1.8.06.0.0 Transferência Financeira do ICMS ¿ Desoneração ¿ L.C. Nº 87/96;372460,44;81730
2018;Prefeitura Municipal de Luís Eduardo Magalhães - BA;2919553;BA;DCA-Anexo I-C;Padrão;Deduções - FUNDEB;RO1.7.1.8.06.0.0;1.7.1.8.06.0.0 Transferência Financeira do ICMS ¿ Desoneração ¿ L.C. Nº 87/96;74492,04;81730
2018;Prefeitura Municipal de Luís Eduardo Magalhães - BA;2919553;BA;DCA-Anexo I-C;Padrão;Receitas Brutas Realizadas;RO1.7.1.8.06.1.0;1.7.1.8.06.1.0 Transferência Financeira do ICMS ¿ Desoneração ¿ L.C. Nº 87/96;372460,44;81730
2018;Prefeitura Municipal de Luís Eduardo Magalhães - BA;2919553;BA;DCA-Anexo I-C;Padrão;Deduções - FUNDEB;RO1.7.1.8.06.1.0;1.7.1.8.06.1.0 Transferência Financeira do ICMS ¿ Desoneração ¿ L.C. Nº 87/96;74492,04;81730
2018;Prefeitura Municipal de Luís Eduardo Magalhães - BA;2919553;BA;DCA-Anexo I-C;Padrão;Receitas Brutas Realizadas;RO1.7.1.8.10.0.0;1.7.1.8.10.0.0 Transferências de Convênios da União e de Suas Entidades;478969,60;81730
2018;Prefeitura Municipal de Luís Eduardo Magalhães - BA;2919553;BA;DCA-Anexo I-C;Padrão;Receitas Brutas Realizadas;RO1.7.1.8.10.9.0;1.7.1.8.10.9.0 Outras Transferências de Convênios da União;478969,60;81730
2018;Prefeitura Municipal de Luís Eduardo Magalhães - BA;2919553;BA;DCA-Anexo I-C;Padrão;Receitas Brutas Realizadas;RO1.7.2.0.00.0.0;1.7.2.0.00.0.0 - Transferências dos Estados e do Distrito Federal e de suas Entidades;133734680,57;81730
2018;Prefeitura Municipal de Luís Eduardo Magalhães - BA;2919553;BA;DCA-Anexo I-C;Padrão;Deduções - FUNDEB;RO1.7.2.0.00.0.0;1.7.2.0.00.0.0 - Transferências dos Estados e do Distrito Federal e de suas Entidades;26324315,10;81730
2018;Prefeitura Municipal de Luís Eduardo Magalhães - BA;2919553;BA;DCA-Anexo I-C;Padrão;Receitas Brutas Realizadas;RO1.7.2.8.00.0.0;1.7.2.8.00.0.0 Transferências dos Estados - Específicas de Estados, DF e Municípios;133734680,57;81730
2018;Prefeitura Municipal de Luís Eduardo Magalhães - BA;2919553;BA;DCA-Anexo I-C;Padrão;Deduções - FUNDEB;RO1.7.2.8.00.0.0;1.7.2.8.00.0.0 Transferências dos Estados - Específicas de Estados, DF e Municípios;26324315,10;81730
2018;Prefeitura Municipal de Luís Eduardo Magalhães - BA;2919553;BA;DCA-Anexo I-C;Padrão;Receitas Brutas Realizadas;RO1.7.2.8.01.0.0;1.7.2.8.01.0.0 Participação na Receita dos Estados;132725238,32;81730
2018;Prefeitura Municipal de Luís Eduardo Magalhães - BA;2919553;BA;DCA-Anexo I-C;Padrão;Deduções - FUNDEB;RO1.7.2.8.01.0.0;1.7.2.8.01.0.0 Participação na Receita dos Estados;26324315,10;81730
2018;Prefeitura Municipal de Luís Eduardo Magalhães - BA;2919553;BA;DCA-Anexo I-C;Padrão;Receitas Brutas Realizadas;RO1.7.2.8.01.1.0;1.7.2.8.01.1.0 Cota-Parte do ICMS;119752308,03;81730
2018;Prefeitura Municipal de Luís Eduardo Magalhães - BA;2919553;BA;DCA-Anexo I-C;Padrão;Deduções - FUNDEB;RO1.7.2.8.01.1.0;1.7.2.8.01.1.0 Cota-Parte do ICMS;23950461,39;81730
2018;Prefeitura Municipal de Luís Eduardo Magalhães - BA;2919553;BA;DCA-Anexo I-C;Padrão;Receitas Brutas Realizadas;RO1.7.2.8.01.2.0;1.7.2.8.01.2.0 Cota-Parte do IPVA;11869272,44;81730
2018;Prefeitura Municipal de Luís Eduardo Magalhães - BA;2919553;BA;DCA-Anexo I-C;Padrão;Deduções - FUNDEB;RO1.7.2.8.01.2.0;1.7.2.8.01.2.0 Cota-Parte do IPVA;2373853,71;81730
2018;Prefeitura Municipal de Luís Eduardo Magalhães - BA;2919553;BA;DCA-Anexo I-C;Padrão;Receitas Brutas Realizadas;RO1.7.2.8.01.3.0;1.7.2.8.01.3.0 Cota-Parte do IPI - Municípios;994220,75;81730
2018;Prefeitura Municipal de Luís Eduardo Magalhães - BA;2919553;BA;DCA-Anexo I-C;Padrão;Receitas Brutas Realizadas;RO1.7.2.8.01.4.0;1.7.2.8.01.4.0 Cota-Parte da Contribuição de Intervenção no Domínio Econômico;109437,10;81730
2018;Prefeitura Municipal de Luís Eduardo Magalhães - BA;2919553;BA;DCA-Anexo I-C;Padrão;Receitas Brutas Realizadas;RO1.7.2.8.03.0.0;1.7.2.8.03.0.0 Transferência de Recursos do Estado para Programas de Saúde ¿ Repasse Fundo a Fundo;559560,00;81730
2018;Prefeitura Municipal de Luís Eduardo Magalhães - BA;2919553;BA;DCA-Anexo I-C;Padrão;Receitas Brutas Realizadas;RO1.7.2.8.99.0.0;1.7.2.8.99.0.0 Outras Transferências dos Estados;449882,25;81730
2018;Prefeitura Municipal de Luís Eduardo Magalhães - BA;2919553;BA;DCA-Anexo I-C;Padrão;Receitas Brutas Realizadas;RO1.7.5.0.00.0.0;1.7.5.0.00.0.0 - Transferências de Outras Instituições Públicas;102403368,52;81730
2018;Prefeitura Municipal de Luís Eduardo Magalhães - BA;2919553;BA;DCA-Anexo I-C;Padrão;Receitas Brutas Realizadas;RO1.7.5.8.00.0.0;1.7.5.8.00.0.0 Transferências de Outras Instituições Públicas - Específicas de Estados, DF e Municípios;102403368,52;81730
2018;Prefeitura Municipal de Luís Eduardo Magalhães - BA;2919553;BA;DCA-Anexo I-C;Padrão;Receitas Brutas Realizadas;RO1.7.5.8.01.0.0;1.7.5.8.01.0.0 Transferências de Recursos do Fundo de Manutenção e Desenvolvimento da Educação Básica e de Valorização dos Profissionais da Educação ¿ FUNDEB;102403368,52;81730
2018;Prefeitura Municipal de Luís Eduardo Magalhães - BA;2919553;BA;DCA-Anexo I-C;Padrão;Receitas Brutas Realizadas;RO1.9.0.0.00.0.0;1.9.0.0.00.0.0 - Outras Receitas Correntes;1683176,67;81730
2018;Prefeitura Municipal de Luís Eduardo Magalhães - BA;2919553;BA;DCA-Anexo I-C;Padrão;Receitas Brutas Realizadas;RO1.9.1.0.00.0.0;1.9.1.0.00.0.0 - Multas Administrativas, Contratuais e Judiciais;524687,56;81730
2018;Prefeitura Municipal de Luís Eduardo Magalhães - BA;2919553;BA;DCA-Anexo I-C;Padrão;Receitas Brutas Realizadas;RO1.9.2.0.00.0.0;1.9.2.0.00.0.0 - Indenizações, Restituições e Ressarcimentos;1076398,82;81730
2018;Prefeitura Municipal de Luís Eduardo Magalhães - BA;2919553;BA;DCA-Anexo I-C;Padrão;Receitas Brutas Realizadas;RO1.9.2.2.00.0.0;1.9.2.2.00.0.0 - Restituições;1044010,82;81730
2018;Prefeitura Municipal de Luís Eduardo Magalhães - BA;2919553;BA;DCA-Anexo I-C;Padrão;Receitas Brutas Realizadas;RO1.9.2.2.99.0.0;1.9.2.2.99.0.0 - Outras Restituições;1044010,82;81730
2018;Prefeitura Municipal de Luís Eduardo Magalhães - BA;2919553;BA;DCA-Anexo I-C;Padrão;Receitas Brutas Realizadas;RO1.9.2.3.00.0.0;1.9.2.3.00.0.0 - Ressarcimentos;32388,00;81730
2018;Prefeitura Municipal de Luís Eduardo Magalhães - BA;2919553;BA;DCA-Anexo I-C;Padrão;Receitas Brutas Realizadas;RO1.9.2.3.99.0.0;1.9.2.3.99.0.0 - Outros Ressarcimentos;32388,00;81730
2018;Prefeitura Municipal de Luís Eduardo Magalhães - BA;2919553;BA;DCA-Anexo I-C;Padrão;Receitas Brutas Realizadas;RO1.9.3.0.00.0.0;1.9.3.0.00.0.0 - Bens, Direitos e Valores Incorporados ao Patrimônio Público;15029,33;81730
2018;Prefeitura Municipal de Luís Eduardo Magalhães - BA;2919553;BA;DCA-Anexo I-C;Padrão;Receitas Brutas Realizadas;RO1.9.9.0.00.0.0;1.9.9.0.00.0.0 - Demais Receitas Correntes;67060,96;81730
2018;Prefeitura Municipal de Luís Eduardo Magalhães - BA;2919553;BA;DCA-Anexo I-C;Padrão;Receitas Brutas Realizadas;RO1.9.9.0.99.0.0;1.9.9.0.99.0.0 - Outras Receitas;67060,96;81730
2018;Prefeitura Municipal de Luís Eduardo Magalhães - BA;2919553;BA;DCA-Anexo I-C;Padrão;Receitas Brutas Realizadas;RO1.9.9.0.99.1.0;1.9.9.0.99.1.0 - Outras Receitas - Primárias;67060,96;81730
2018;Prefeitura Municipal de Luís Eduardo Magalhães - BA;2919553;BA;DCA-Anexo I-C;Padrão;Receitas Brutas Realizadas;RO2.0.0.0.00.0.0;2.0.0.0.00.0.0 - Receitas de Capital;10411771,43;81730
2018;Prefeitura Municipal de Luís Eduardo Magalhães - BA;2919553;BA;DCA-Anexo I-C;Padrão;Receitas Brutas Realizadas;RO2.1.0.0.00.0.0;2.1.0.0.00.0.0 - Operações de Crédito;3036274,36;81730
2018;Prefeitura Municipal de Luís Eduardo Magalhães - BA;2919553;BA;DCA-Anexo I-C;Padrão;Receitas Brutas Realizadas;RO2.1.1.0.00.0.0;2.1.1.0.00.0.0 - Operações de Crédito - Mercado Interno;3036274,36;81730
2018;Prefeitura Municipal de Luís Eduardo Magalhães - BA;2919553;BA;DCA-Anexo I-C;Padrão;Receitas Brutas Realizadas;RO2.1.1.2.00.0.0;2.1.1.2.00.0.0 Operações de Crédito Contratuais - Mercado Interno;3036274,36;81730
2018;Prefeitura Municipal de Luís Eduardo Magalhães - BA;2919553;BA;DCA-Anexo I-C;Padrão;Receitas Brutas Realizadas;RO2.4.0.0.00.0.0;2.4.0.0.00.0.0 - Transferências de Capital;7341698,13;81730
2018;Prefeitura Municipal de Luís Eduardo Magalhães - BA;2919553;BA;DCA-Anexo I-C;Padrão;Receitas Brutas Realizadas;RO2.4.1.0.00.0.0;2.4.1.0.00.0.0 - Transferências da União e de suas Entidades;707916,38;81730
2018;Prefeitura Municipal de Luís Eduardo Magalhães - BA;2919553;BA;DCA-Anexo I-C;Padrão;Receitas Brutas Realizadas;RO2.4.1.8.00.0.0;2.4.1.8.00.0.0 Transferências da União - Específicas de Estados, DF e Municípios;707916,38;81730
2018;Prefeitura Municipal de Luís Eduardo Magalhães - BA;2919553;BA;DCA-Anexo I-C;Padrão;Receitas Brutas Realizadas;RO2.4.1.8.03.0.0;2.4.1.8.03.0.0 Transferências de Recursos do Sistema Único de Saúde ¿ SUS;180000,00;81730
2018;Prefeitura Municipal de Luís Eduardo Magalhães - BA;2919553;BA;DCA-Anexo I-C;Padrão;Receitas Brutas Realizadas;RO2.4.1.8.99.0.0;2.4.1.8.99.0.0 Outras Transferências da União;527916,38;81730
2018;Prefeitura Municipal de Luís Eduardo Magalhães - BA;2919553;BA;DCA-Anexo I-C;Padrão;Receitas Brutas Realizadas;RO2.4.2.0.00.0.0;2.4.2.0.00.0.0 - Transferências dos Estados e do Distrito Federal e de suas Entidades;6633781,75;81730
2018;Prefeitura Municipal de Luís Eduardo Magalhães - BA;2919553;BA;DCA-Anexo I-C;Padrão;Receitas Brutas Realizadas;RO2.4.2.8.00.0.0;2.4.2.8.00.0.0 Transferências dos Estados, Distrito Federal, e de suas Entidades;6633781,75;81730
2018;Prefeitura Municipal de Luís Eduardo Magalhães - BA;2919553;BA;DCA-Anexo I-C;Padrão;Receitas Brutas Realizadas;RO2.4.2.8.10.0.0;2.4.2.8.10.0.0 Transferências de Convênios dos Estados e do Distrito Federal e de suas Entidades;6633781,75;81730
2018;Prefeitura Municipal de Luís Eduardo Magalhães - BA;2919553;BA;DCA-Anexo I-C;Padrão;Receitas Brutas Realizadas;RO2.9.0.0.00.0.0;2.9.0.0.00.0.0 - Outras Receitas de Capital;33798,94;81730
2018;Prefeitura Municipal de Luís Eduardo Magalhães - BA;2919553;BA;DCA-Anexo I-C;Padrão;Receitas Brutas Realizadas;RO2.9.9.0.00.0.0;2.9.9.0.00.0.0 - Demais Receitas de Capital;33798,94;81730
2018;Prefeitura Municipal de Luís Eduardo Magalhães - BA;2919553;BA;DCA-Anexo I-C;Padrão;Receitas Brutas Realizadas;RO2.9.9.0.00.1.0;2.9.9.0.00.1.0 Demais Receitas de Capital;33798,94;81730
2019;Prefeitura Municipal de Luís Eduardo Magalhães - BA;2919553;BA;DCA-Anexo I-C;Padrão;Receitas Brutas Realizadas;ReceitasExcetoIntraOrcamentarias;RECEITAS (EXCETO INTRA-ORÇAMENTÁRIAS) (I);378941323,69;84753
2019;Prefeitura Municipal de Luís Eduardo Magalhães - BA;2919553;BA;DCA-Anexo I-C;Padrão;Deduções - FUNDEB;ReceitasExcetoIntraOrcamentarias;RECEITAS (EXCETO INTRA-ORÇAMENTÁRIAS) (I);34689122,21;84753
2019;Prefeitura Municipal de Luís Eduardo Magalhães - BA;2919553;BA;DCA-Anexo I-C;Padrão;Receitas Brutas Realizadas;RO1.0.0.0.00.0.0;1.0.0.0.00.0.0 - Receitas Correntes;369344740,80;84753
2019;Prefeitura Municipal de Luís Eduardo Magalhães - BA;2919553;BA;DCA-Anexo I-C;Padrão;Deduções - FUNDEB;RO1.0.0.0.00.0.0;1.0.0.0.00.0.0 - Receitas Correntes;34689122,21;84753
2019;Prefeitura Municipal de Luís Eduardo Magalhães - BA;2919553;BA;DCA-Anexo I-C;Padrão;Receitas Brutas Realizadas;RO1.1.0.0.00.0.0;1.1.0.0.00.0.0 - Impostos, Taxas e Contribuições de Melhoria;84312185,87;84753
2019;Prefeitura Municipal de Luís Eduardo Magalhães - BA;2919553;BA;DCA-Anexo I-C;Padrão;Receitas Brutas Realizadas;RO1.1.1.0.00.0.0;1.1.1.0.00.0.0 - Impostos;77930958,82;84753
2019;Prefeitura Municipal de Luís Eduardo Magalhães - BA;2919553;BA;DCA-Anexo I-C;Padrão;Receitas Brutas Realizadas;RO1.1.1.3.00.0.0;1.1.1.3.00.0.0 - Impostos sobre a Renda e Proventos de Qualquer Natureza;13230734,07;84753
2019;Prefeitura Municipal de Luís Eduardo Magalhães - BA;2919553;BA;DCA-Anexo I-C;Padrão;Receitas Brutas Realizadas;RO1.1.1.3.03.0.0;1.1.1.3.03.0.0 - Imposto sobre a Renda - Retido na Fonte;13230734,07;84753
2019;Prefeitura Municipal de Luís Eduardo Magalhães - BA;2919553;BA;DCA-Anexo I-C;Padrão;Receitas Brutas Realizadas;RO1.1.1.3.03.1.0;1.1.1.3.03.1.0 - Imposto sobre a Renda - Retido na Fonte - Trabalho;9394671,36;84753
2019;Prefeitura Municipal de Luís Eduardo Magalhães - BA;2919553;BA;DCA-Anexo I-C;Padrão;Receitas Brutas Realizadas;RO1.1.1.3.03.4.0;1.1.1.3.03.4.0 - Imposto sobre a Renda - Retido na Fonte - Outros Rendimentos;3836062,71;84753
2019;Prefeitura Municipal de Luís Eduardo Magalhães - BA;2919553;BA;DCA-Anexo I-C;Padrão;Receitas Brutas Realizadas;RO1.1.1.8.00.0.0;1.1.1.8.00.0.0 Impostos Específicos de Estados, DF e Municípios;64700224,75;84753
2019;Prefeitura Municipal de Luís Eduardo Magalhães - BA;2919553;BA;DCA-Anexo I-C;Padrão;Receitas Brutas Realizadas;RO1.1.1.8.01.0.0;1.1.1.8.01.0.0 Impostos sobre o Patrimônio para Estados/DF/Municípios;34423901,55;84753
2019;Prefeitura Municipal de Luís Eduardo Magalhães - BA;2919553;BA;DCA-Anexo I-C;Padrão;Receitas Brutas Realizadas;RO1.1.1.8.01.1.0;1.1.1.8.01.1.0 Imposto sobre a Propriedade Predial e Territorial Urbana;24931972,11;84753
2019;Prefeitura Municipal de Luís Eduardo Magalhães - BA;2919553;BA;DCA-Anexo I-C;Padrão;Receitas Brutas Realizadas;RO1.1.1.8.01.4.0;1.1.1.8.01.4.0 Imposto sobre Transmissão ¿Inter Vivos¿ de Bens Imóveis e de Direitos Reais sobre Imóveis;9491929,44;84753
2019;Prefeitura Municipal de Luís Eduardo Magalhães - BA;2919553;BA;DCA-Anexo I-C;Padrão;Receitas Brutas Realizadas;RO1.1.1.8.02.0.0;1.1.1.8.02.0.0 Impostos sobre a Produção, Circulação de Mercadorias e Serviços;30276323,20;84753
2019;Prefeitura Municipal de Luís Eduardo Magalhães - BA;2919553;BA;DCA-Anexo I-C;Padrão;Receitas Brutas Realizadas;RO1.1.1.8.02.3.0;1.1.1.8.02.3.0 Imposto sobre Serviços de Qualquer Natureza;30276323,20;84753
2019;Prefeitura Municipal de Luís Eduardo Magalhães - BA;2919553;BA;DCA-Anexo I-C;Padrão;Receitas Brutas Realizadas;RO1.1.2.0.00.0.0;1.1.2.0.00.0.0 - Taxas;6381227,05;84753
2019;Prefeitura Municipal de Luís Eduardo Magalhães - BA;2919553;BA;DCA-Anexo I-C;Padrão;Receitas Brutas Realizadas;RO1.1.2.1.00.0.0;1.1.2.1.00.0.0 - Taxas pelo Exercício do Poder de Polícia;4264203,13;84753
2019;Prefeitura Municipal de Luís Eduardo Magalhães - BA;2919553;BA;DCA-Anexo I-C;Padrão;Receitas Brutas Realizadas;RO1.1.2.1.01.0.0;1.1.2.1.01.0.0 - Taxas de Inspeção, Controle e Fiscalização;4140433,38;84753
2019;Prefeitura Municipal de Luís Eduardo Magalhães - BA;2919553;BA;DCA-Anexo I-C;Padrão;Receitas Brutas Realizadas;RO1.1.2.1.04.0.0;1.1.2.1.04.0.0 - Taxa de Controle e Fiscalização Ambiental;123769,75;84753
2019;Prefeitura Municipal de Luís Eduardo Magalhães - BA;2919553;BA;DCA-Anexo I-C;Padrão;Receitas Brutas Realizadas;RO1.1.2.2.00.0.0;1.1.2.2.00.0.0 - Taxas pela Prestação de Serviços;2117023,92;84753
2019;Prefeitura Municipal de Luís Eduardo Magalhães - BA;2919553;BA;DCA-Anexo I-C;Padrão;Receitas Brutas Realizadas;RO1.1.2.2.01.0.0;1.1.2.2.01.0.0 - Taxas pela Prestação de Serviços;2117023,92;84753
2019;Prefeitura Municipal de Luís Eduardo Magalhães - BA;2919553;BA;DCA-Anexo I-C;Padrão;Receitas Brutas Realizadas;RO1.2.0.0.00.0.0;1.2.0.0.00.0.0 - Contribuições;5826724,58;84753
2019;Prefeitura Municipal de Luís Eduardo Magalhães - BA;2919553;BA;DCA-Anexo I-C;Padrão;Receitas Brutas Realizadas;RO1.2.4.0.00.0.0;1.2.4.0.00.0.0 - Contribuição para o Custeio do Serviço de Iluminação Pública;5826724,58;84753
2019;Prefeitura Municipal de Luís Eduardo Magalhães - BA;2919553;BA;DCA-Anexo I-C;Padrão;Receitas Brutas Realizadas;RO1.3.0.0.00.0.0;1.3.0.0.00.0.0 - Receita Patrimonial;2592036,67;84753
2019;Prefeitura Municipal de Luís Eduardo Magalhães - BA;2919553;BA;DCA-Anexo I-C;Padrão;Receitas Brutas Realizadas;RO1.3.2.0.00.0.0;1.3.2.0.00.0.0 - Valores Mobiliários;2592036,67;84753
2019;Prefeitura Municipal de Luís Eduardo Magalhães - BA;2919553;BA;DCA-Anexo I-C;Padrão;Receitas Brutas Realizadas;RO1.3.2.1.00.0.0;1.3.2.1.00.0.0 - Juros e Correções Monetárias;2592036,67;84753
2019;Prefeitura Municipal de Luís Eduardo Magalhães - BA;2919553;BA;DCA-Anexo I-C;Padrão;Receitas Brutas Realizadas;RO1.3.2.1.00.1.0;1.3.2.1.00.1.0 - Remuneração de Depósitos Bancários;2592036,67;84753
2019;Prefeitura Municipal de Luís Eduardo Magalhães - BA;2919553;BA;DCA-Anexo I-C;Padrão;Receitas Brutas Realizadas;RO1.7.0.0.00.0.0;1.7.0.0.00.0.0 - Transferências Correntes;275782339,58;84753
2019;Prefeitura Municipal de Luís Eduardo Magalhães - BA;2919553;BA;DCA-Anexo I-C;Padrão;Deduções - FUNDEB;RO1.7.0.0.00.0.0;1.7.0.0.00.0.0 - Transferências Correntes;34689122,21;84753
2019;Prefeitura Municipal de Luís Eduardo Magalhães - BA;2919553;BA;DCA-Anexo I-C;Padrão;Receitas Brutas Realizadas;RO1.7.1.0.00.0.0;1.7.1.0.00.0.0 - Transferências da União e de suas Entidades;90532761,17;84753
2019;Prefeitura Municipal de Luís Eduardo Magalhães - BA;2919553;BA;DCA-Anexo I-C;Padrão;Deduções - FUNDEB;RO1.7.1.0.00.0.0;1.7.1.0.00.0.0 - Transferências da União e de suas Entidades;8972338,46;84753
2019;Prefeitura Municipal de Luís Eduardo Magalhães - BA;2919553;BA;DCA-Anexo I-C;Padrão;Receitas Brutas Realizadas;RO1.7.1.8.00.0.0;1.7.1.8.00.0.0 Transferências da União - Específicas de Estados, DF e Municípios;90532761,17;84753
2019;Prefeitura Municipal de Luís Eduardo Magalhães - BA;2919553;BA;DCA-Anexo I-C;Padrão;Deduções - FUNDEB;RO1.7.1.8.00.0.0;1.7.1.8.00.0.0 Transferências da União - Específicas de Estados, DF e Municípios;8972338,46;84753
2019;Prefeitura Municipal de Luís Eduardo Magalhães - BA;2919553;BA;DCA-Anexo I-C;Padrão;Receitas Brutas Realizadas;RO1.7.1.8.01.0.0;1.7.1.8.01.0.0 Participação na Receita da União;48564455,79;84753
2019;Prefeitura Municipal de Luís Eduardo Magalhães - BA;2919553;BA;DCA-Anexo I-C;Padrão;Deduções - FUNDEB;RO1.7.1.8.01.0.0;1.7.1.8.01.0.0 Participação na Receita da União;8972338,46;84753
2019;Prefeitura Municipal de Luís Eduardo Magalhães - BA;2919553;BA;DCA-Anexo I-C;Padrão;Receitas Brutas Realizadas;RO1.7.1.8.01.2.0;1.7.1.8.01.2.0 Cota-Parte do Fundo de Participação dos Municípios - Cota Mensal;42745970,15;84753
2019;Prefeitura Municipal de Luís Eduardo Magalhães - BA;2919553;BA;DCA-Anexo I-C;Padrão;Deduções - FUNDEB;RO1.7.1.8.01.2.0;1.7.1.8.01.2.0 Cota-Parte do Fundo de Participação dos Municípios - Cota Mensal;8549193,76;84753
2019;Prefeitura Municipal de Luís Eduardo Magalhães - BA;2919553;BA;DCA-Anexo I-C;Padrão;Receitas Brutas Realizadas;RO1.7.1.8.01.3.0;1.7.1.8.01.3.0 Cota-Parte do Fundo de Participação do Municípios ¿ 1% Cota entregue no mês de dezembro;1885531,90;84753
2019;Prefeitura Municipal de Luís Eduardo Magalhães - BA;2919553;BA;DCA-Anexo I-C;Padrão;Receitas Brutas Realizadas;RO1.7.1.8.01.4.0;1.7.1.8.01.4.0 Cota-Parte do Fundo de Participação dos Municípios - 1% Cota entregue no mês de julho;1817229,44;84753
2019;Prefeitura Municipal de Luís Eduardo Magalhães - BA;2919553;BA;DCA-Anexo I-C;Padrão;Receitas Brutas Realizadas;RO1.7.1.8.01.5.0;1.7.1.8.01.5.0 Cota-Parte do Imposto Sobre a Propriedade Territorial Rural;2115724,30;84753
2019;Prefeitura Municipal de Luís Eduardo Magalhães - BA;2919553;BA;DCA-Anexo I-C;Padrão;Deduções - FUNDEB;RO1.7.1.8.01.5.0;1.7.1.8.01.5.0 Cota-Parte do Imposto Sobre a Propriedade Territorial Rural;423144,70;84753
2019;Prefeitura Municipal de Luís Eduardo Magalhães - BA;2919553;BA;DCA-Anexo I-C;Padrão;Receitas Brutas Realizadas;RO1.7.1.8.02.0.0;1.7.1.8.02.0.0 Transferência da Compensação Financeira pela Exploração de Recursos Naturais;658796,78;84753
2019;Prefeitura Municipal de Luís Eduardo Magalhães - BA;2919553;BA;DCA-Anexo I-C;Padrão;Receitas Brutas Realizadas;RO1.7.1.8.02.6.0;1.7.1.8.02.6.0 Cota-Parte do Fundo Especial do Petróleo ¿ FEP;658796,78;84753
2019;Prefeitura Municipal de Luís Eduardo Magalhães - BA;2919553;BA;DCA-Anexo I-C;Padrão;Receitas Brutas Realizadas;RO1.7.1.8.03.0.0;"1.7.1.8.03.0.0 Transferência de Recursos do Sistema Único de Saúde ¿ 
 SUS ¿ Bloco Custeio das Ações e Serviços Públicos de Saúde";16691578,42;84753
2019;Prefeitura Municipal de Luís Eduardo Magalhães - BA;2919553;BA;DCA-Anexo I-C;Padrão;Receitas Brutas Realizadas;RO1.7.1.8.03.1.0;1.7.1.8.03.1.0 - Transferência de Recursos do SUS ¿ Atenção Básica;7056039,01;84753
2019;Prefeitura Municipal de Luís Eduardo Magalhães - BA;2919553;BA;DCA-Anexo I-C;Padrão;Receitas Brutas Realizadas;RO1.7.1.8.03.2.0;1.7.1.8.03.2.0 - Transferência de Recursos do SUS ¿ Atenção de Média e Alta Complexidade Ambulatorial e Hospitalar;8291280,27;84753
2019;Prefeitura Municipal de Luís Eduardo Magalhães - BA;2919553;BA;DCA-Anexo I-C;Padrão;Receitas Brutas Realizadas;RO1.7.1.8.03.3.0;1.7.1.8.03.3.0 - Transferência de Recursos do SUS ¿ Vigilância em Saúde;857180,01;84753
2019;Prefeitura Municipal de Luís Eduardo Magalhães - BA;2919553;BA;DCA-Anexo I-C;Padrão;Receitas Brutas Realizadas;RO1.7.1.8.03.4.0;1.7.1.8.03.4.0 - Transferência de Recursos do SUS ¿ Assistência Farmacêutica;461079,13;84753
2019;Prefeitura Municipal de Luís Eduardo Magalhães - BA;2919553;BA;DCA-Anexo I-C;Padrão;Receitas Brutas Realizadas;RO1.7.1.8.03.5.0;1.7.1.8.03.5.0 - Transferência de Recursos do SUS ¿ Gestão do SUS;26000,00;84753
2019;Prefeitura Municipal de Luís Eduardo Magalhães - BA;2919553;BA;DCA-Anexo I-C;Padrão;Receitas Brutas Realizadas;RO1.7.1.8.05.0.0;1.7.1.8.05.0.0 Transferências de Recursos do Fundo Nacional do Desenvolvimento da Educação ¿ FNDE;4886676,88;84753
2019;Prefeitura Municipal de Luís Eduardo Magalhães - BA;2919553;BA;DCA-Anexo I-C;Padrão;Receitas Brutas Realizadas;RO1.7.1.8.05.1.0;1.7.1.8.05.1.0 Transferências do Salário-Educação;2706266,04;84753
2019;Prefeitura Municipal de Luís Eduardo Magalhães - BA;2919553;BA;DCA-Anexo I-C;Padrão;Receitas Brutas Realizadas;RO1.7.1.8.05.3.0;1.7.1.8.05.3.0 Transferências Diretas do FNDE referentes ao Programa Nacional de Alimentação Escolar ¿ PNAE;2049248,80;84753
2019;Prefeitura Municipal de Luís Eduardo Magalhães - BA;2919553;BA;DCA-Anexo I-C;Padrão;Receitas Brutas Realizadas;RO1.7.1.8.05.4.0;1.7.1.8.05.4.0 Transferências Diretas do FNDE referentes ao Programa Nacional de Apoio ao Transporte do Escolar ¿ PNATE;131162,04;84753
2019;Prefeitura Municipal de Luís Eduardo Magalhães - BA;2919553;BA;DCA-Anexo I-C;Padrão;Receitas Brutas Realizadas;RO1.7.1.8.09.0.0;1.7.1.8.09.0.0 - Transferências de Recursos de Complementação da União ao Fundo de Manutenção e Desenvolvimento da Educação Básica e de Valorização dos Profissionais da Educação ¿ FUNDEB;16415063,36;84753
2019;Prefeitura Municipal de Luís Eduardo Magalhães - BA;2919553;BA;DCA-Anexo I-C;Padrão;Receitas Brutas Realizadas;RO1.7.1.8.12.0.0;1.7.1.8.12.0.0 - Transferências de Recursos do Fundo Nacional de Assistência Social ¿ FNAS;1082158,15;84753
2019;Prefeitura Municipal de Luís Eduardo Magalhães - BA;2919553;BA;DCA-Anexo I-C;Padrão;Receitas Brutas Realizadas;RO1.7.1.8.99.0.0;1.7.1.8.99.0.0 Outras Transferências da União;2234031,79;84753
2019;Prefeitura Municipal de Luís Eduardo Magalhães - BA;2919553;BA;DCA-Anexo I-C;Padrão;Receitas Brutas Realizadas;RO1.7.2.0.00.0.0;1.7.2.0.00.0.0 - Transferências dos Estados e do Distrito Federal e de suas Entidades;132048023,28;84753
2019;Prefeitura Municipal de Luís Eduardo Magalhães - BA;2919553;BA;DCA-Anexo I-C;Padrão;Deduções - FUNDEB;RO1.7.2.0.00.0.0;1.7.2.0.00.0.0 - Transferências dos Estados e do Distrito Federal e de suas Entidades;25716783,75;84753
2019;Prefeitura Municipal de Luís Eduardo Magalhães - BA;2919553;BA;DCA-Anexo I-C;Padrão;Receitas Brutas Realizadas;RO1.7.2.8.00.0.0;1.7.2.8.00.0.0 Transferências dos Estados - Específicas de Estados, DF e Municípios;132048023,28;84753
2019;Prefeitura Municipal de Luís Eduardo Magalhães - BA;2919553;BA;DCA-Anexo I-C;Padrão;Deduções - FUNDEB;RO1.7.2.8.00.0.0;1.7.2.8.00.0.0 Transferências dos Estados - Específicas de Estados, DF e Municípios;25716783,75;84753
2019;Prefeitura Municipal de Luís Eduardo Magalhães - BA;2919553;BA;DCA-Anexo I-C;Padrão;Receitas Brutas Realizadas;RO1.7.2.8.01.0.0;1.7.2.8.01.0.0 Participação na Receita dos Estados;129543762,35;84753
2019;Prefeitura Municipal de Luís Eduardo Magalhães - BA;2919553;BA;DCA-Anexo I-C;Padrão;Deduções - FUNDEB;RO1.7.2.8.01.0.0;1.7.2.8.01.0.0 Participação na Receita dos Estados;25716783,75;84753
2019;Prefeitura Municipal de Luís Eduardo Magalhães - BA;2919553;BA;DCA-Anexo I-C;Padrão;Receitas Brutas Realizadas;RO1.7.2.8.01.1.0;1.7.2.8.01.1.0 Cota-Parte do ICMS;113973273,59;84753
2019;Prefeitura Municipal de Luís Eduardo Magalhães - BA;2919553;BA;DCA-Anexo I-C;Padrão;Deduções - FUNDEB;RO1.7.2.8.01.1.0;1.7.2.8.01.1.0 Cota-Parte do ICMS;22794654,49;84753
2019;Prefeitura Municipal de Luís Eduardo Magalhães - BA;2919553;BA;DCA-Anexo I-C;Padrão;Receitas Brutas Realizadas;RO1.7.2.8.01.2.0;1.7.2.8.01.2.0 Cota-Parte do IPVA;14610650,70;84753
2019;Prefeitura Municipal de Luís Eduardo Magalhães - BA;2919553;BA;DCA-Anexo I-C;Padrão;Deduções - FUNDEB;RO1.7.2.8.01.2.0;1.7.2.8.01.2.0 Cota-Parte do IPVA;2922129,26;84753
2019;Prefeitura Municipal de Luís Eduardo Magalhães - BA;2919553;BA;DCA-Anexo I-C;Padrão;Receitas Brutas Realizadas;RO1.7.2.8.01.3.0;1.7.2.8.01.3.0 Cota-Parte do IPI - Municípios;892715,15;84753
2019;Prefeitura Municipal de Luís Eduardo Magalhães - BA;2919553;BA;DCA-Anexo I-C;Padrão;Receitas Brutas Realizadas;RO1.7.2.8.01.4.0;1.7.2.8.01.4.0 Cota-Parte da Contribuição de Intervenção no Domínio Econômico;67122,91;84753
2019;Prefeitura Municipal de Luís Eduardo Magalhães - BA;2919553;BA;DCA-Anexo I-C;Padrão;Receitas Brutas Realizadas;RO1.7.2.8.03.0.0;1.7.2.8.03.0.0 Transferência de Recursos do Estado para Programas de Saúde ¿ Repasse Fundo a Fundo;2319218,64;84753
2019;Prefeitura Municipal de Luís Eduardo Magalhães - BA;2919553;BA;DCA-Anexo I-C;Padrão;Receitas Brutas Realizadas;RO1.7.2.8.07.0.0;1.7.2.8.07.0.0 Transferências de Estados destinadas à Assistência Social;140790,00;84753
2019;Prefeitura Municipal de Luís Eduardo Magalhães - BA;2919553;BA;DCA-Anexo I-C;Padrão;Receitas Brutas Realizadas;RO1.7.2.8.99.0.0;1.7.2.8.99.0.0 Outras Transferências dos Estados;44252,29;84753
2019;Prefeitura Municipal de Luís Eduardo Magalhães - BA;2919553;BA;DCA-Anexo I-C;Padrão;Receitas Brutas Realizadas;RO1.7.5.0.00.0.0;1.7.5.0.00.0.0 - Transferências de Outras Instituições Públicas;53201555,13;84753
2019;Prefeitura Municipal de Luís Eduardo Magalhães - BA;2919553;BA;DCA-Anexo I-C;Padrão;Receitas Brutas Realizadas;RO1.7.5.8.00.0.0;1.7.5.8.00.0.0 Transferências de Outras Instituições Públicas - Específicas de Estados, DF e Municípios;53201555,13;84753
2019;Prefeitura Municipal de Luís Eduardo Magalhães - BA;2919553;BA;DCA-Anexo I-C;Padrão;Receitas Brutas Realizadas;RO1.7.5.8.01.0.0;1.7.5.8.01.0.0 Transferências de Recursos do Fundo de Manutenção e Desenvolvimento da Educação Básica e de Valorização dos Profissionais da Educação ¿ FUNDEB;53201555,13;84753
2019;Prefeitura Municipal de Luís Eduardo Magalhães - BA;2919553;BA;DCA-Anexo I-C;Padrão;Receitas Brutas Realizadas;RO1.9.0.0.00.0.0;1.9.0.0.00.0.0 - Outras Receitas Correntes;831454,10;84753
2019;Prefeitura Municipal de Luís Eduardo Magalhães - BA;2919553;BA;DCA-Anexo I-C;Padrão;Receitas Brutas Realizadas;RO1.9.1.0.00.0.0;1.9.1.0.00.0.0 - Multas Administrativas, Contratuais e Judiciais;601413,46;84753
2019;Prefeitura Municipal de Luís Eduardo Magalhães - BA;2919553;BA;DCA-Anexo I-C;Padrão;Receitas Brutas Realizadas;RO1.9.1.0.01.0.0;1.9.1.0.01.0.0 - Multas Previstas em Legislação Específica;584553,94;84753
2019;Prefeitura Municipal de Luís Eduardo Magalhães - BA;2919553;BA;DCA-Anexo I-C;Padrão;Receitas Brutas Realizadas;RO1.9.1.0.07.0.0;1.9.1.0.07.0.0 - Multas Aplicadas pelos Tribunais de Contas;16859,52;84753
2019;Prefeitura Municipal de Luís Eduardo Magalhães - BA;2919553;BA;DCA-Anexo I-C;Padrão;Receitas Brutas Realizadas;RO1.9.2.0.00.0.0;1.9.2.0.00.0.0 - Indenizações, Restituições e Ressarcimentos;176679,35;84753
2019;Prefeitura Municipal de Luís Eduardo Magalhães - BA;2919553;BA;DCA-Anexo I-C;Padrão;Receitas Brutas Realizadas;RO1.9.2.2.00.0.0;1.9.2.2.00.0.0 - Restituições;176679,35;84753
2019;Prefeitura Municipal de Luís Eduardo Magalhães - BA;2919553;BA;DCA-Anexo I-C;Padrão;Receitas Brutas Realizadas;RO1.9.2.2.12.0.0;1.9.2.2.12.0.0 - Restituição de Depósitos de Setenças Judiciais não Sacados;48139,15;84753
2019;Prefeitura Municipal de Luís Eduardo Magalhães - BA;2919553;BA;DCA-Anexo I-C;Padrão;Receitas Brutas Realizadas;RO1.9.2.2.99.0.0;1.9.2.2.99.0.0 - Outras Restituições;128540,20;84753
2019;Prefeitura Municipal de Luís Eduardo Magalhães - BA;2919553;BA;DCA-Anexo I-C;Padrão;Receitas Brutas Realizadas;RO1.9.9.0.00.0.0;1.9.9.0.00.0.0 - Demais Receitas Correntes;53361,29;84753
2019;Prefeitura Municipal de Luís Eduardo Magalhães - BA;2919553;BA;DCA-Anexo I-C;Padrão;Receitas Brutas Realizadas;RO1.9.9.0.99.0.0;1.9.9.0.99.0.0 - Outras Receitas;53361,29;84753
2019;Prefeitura Municipal de Luís Eduardo Magalhães - BA;2919553;BA;DCA-Anexo I-C;Padrão;Receitas Brutas Realizadas;RO1.9.9.0.99.1.0;1.9.9.0.99.1.0 - Outras Receitas - Primárias;53361,29;84753
2019;Prefeitura Municipal de Luís Eduardo Magalhães - BA;2919553;BA;DCA-Anexo I-C;Padrão;Receitas Brutas Realizadas;RO2.0.0.0.00.0.0;2.0.0.0.00.0.0 - Receitas de Capital;9596582,89;84753
2019;Prefeitura Municipal de Luís Eduardo Magalhães - BA;2919553;BA;DCA-Anexo I-C;Padrão;Receitas Brutas Realizadas;RO2.1.0.0.00.0.0;2.1.0.0.00.0.0 - Operações de Crédito;5656558,48;84753
2019;Prefeitura Municipal de Luís Eduardo Magalhães - BA;2919553;BA;DCA-Anexo I-C;Padrão;Receitas Brutas Realizadas;RO2.1.1.0.00.0.0;2.1.1.0.00.0.0 - Operações de Crédito - Mercado Interno;5656558,48;84753
2019;Prefeitura Municipal de Luís Eduardo Magalhães - BA;2919553;BA;DCA-Anexo I-C;Padrão;Receitas Brutas Realizadas;RO2.1.1.2.00.0.0;2.1.1.2.00.0.0 Operações de Crédito Contratuais - Mercado Interno;5656558,48;84753
2019;Prefeitura Municipal de Luís Eduardo Magalhães - BA;2919553;BA;DCA-Anexo I-C;Padrão;Receitas Brutas Realizadas;RO2.4.0.0.00.0.0;2.4.0.0.00.0.0 - Transferências de Capital;3937303,79;84753
2019;Prefeitura Municipal de Luís Eduardo Magalhães - BA;2919553;BA;DCA-Anexo I-C;Padrão;Receitas Brutas Realizadas;RO2.4.1.0.00.0.0;2.4.1.0.00.0.0 - Transferências da União e de suas Entidades;2693555,36;84753
2019;Prefeitura Municipal de Luís Eduardo Magalhães - BA;2919553;BA;DCA-Anexo I-C;Padrão;Receitas Brutas Realizadas;RO2.4.1.8.00.0.0;2.4.1.8.00.0.0 Transferências da União - Específicas de Estados, DF e Municípios;2693555,36;84753
2019;Prefeitura Municipal de Luís Eduardo Magalhães - BA;2919553;BA;DCA-Anexo I-C;Padrão;Receitas Brutas Realizadas;RO2.4.1.8.04.0.0;2.4.1.8.04.0.0 - Transferências de Recursos do Sistema Único de Saúde ¿ SUS - Bloco Investimentos na Rede de Serviços Públicos de Saúde;1749660,00;84753
2019;Prefeitura Municipal de Luís Eduardo Magalhães - BA;2919553;BA;DCA-Anexo I-C;Padrão;Receitas Brutas Realizadas;RO2.4.1.8.04.1.0;2.4.1.8.04.1.0 - Transferências de Recursos do Sistema Único de Saúde ¿ SUS destinados à Atenção Básica;1059660,00;84753
2019;Prefeitura Municipal de Luís Eduardo Magalhães - BA;2919553;BA;DCA-Anexo I-C;Padrão;Receitas Brutas Realizadas;RO2.4.1.8.04.2.0;2.4.1.8.04.2.0 - Transferências de Recursos do Sistema Único de Saúde ¿ SUS destinados à Atenção Especializada;690000,00;84753
2019;Prefeitura Municipal de Luís Eduardo Magalhães - BA;2919553;BA;DCA-Anexo I-C;Padrão;Receitas Brutas Realizadas;RO2.4.1.8.10.0.0;2.4.1.8.10.0.0 Transferência de Convênios da União e de suas Entidades;943895,36;84753
2019;Prefeitura Municipal de Luís Eduardo Magalhães - BA;2919553;BA;DCA-Anexo I-C;Padrão;Receitas Brutas Realizadas;RO2.4.1.8.10.9.0;2.4.1.8.10.9.0 - Outras Transferências de Convênios da União;943895,36;84753
2019;Prefeitura Municipal de Luís Eduardo Magalhães - BA;2919553;BA;DCA-Anexo I-C;Padrão;Receitas Brutas Realizadas;RO2.4.2.0.00.0.0;2.4.2.0.00.0.0 - Transferências dos Estados e do Distrito Federal e de suas Entidades;1243748,43;84753
2019;Prefeitura Municipal de Luís Eduardo Magalhães - BA;2919553;BA;DCA-Anexo I-C;Padrão;Receitas Brutas Realizadas;RO2.4.2.8.00.0.0;2.4.2.8.00.0.0 Transferências dos Estados, Distrito Federal, e de suas Entidades;1243748,43;84753
2019;Prefeitura Municipal de Luís Eduardo Magalhães - BA;2919553;BA;DCA-Anexo I-C;Padrão;Receitas Brutas Realizadas;RO2.4.2.8.10.0.0;2.4.2.8.10.0.0 Transferências de Convênios dos Estados e do Distrito Federal e de suas Entidades;1243748,43;84753
2019;Prefeitura Municipal de Luís Eduardo Magalhães - BA;2919553;BA;DCA-Anexo I-C;Padrão;Receitas Brutas Realizadas;RO2.4.2.8.10.9.0;2.4.2.8.10.9.0 - Outras Transferências de Convênio dos Estados;1243748,43;84753
2019;Prefeitura Municipal de Luís Eduardo Magalhães - BA;2919553;BA;DCA-Anexo I-C;Padrão;Receitas Brutas Realizadas;RO2.9.0.0.00.0.0;2.9.0.0.00.0.0 - Outras Receitas de Capital;2720,62;84753
2019;Prefeitura Municipal de Luís Eduardo Magalhães - BA;2919553;BA;DCA-Anexo I-C;Padrão;Receitas Brutas Realizadas;RO2.9.9.0.00.0.0;2.9.9.0.00.0.0 - Demais Receitas de Capital;2720,62;84753
2019;Prefeitura Municipal de Luís Eduardo Magalhães - BA;2919553;BA;DCA-Anexo I-C;Padrão;Receitas Brutas Realizadas;RO2.9.9.0.00.1.0;2.9.9.0.00.1.0 Demais Receitas de Capital;2720,62;84753
2019;Prefeitura Municipal de Luís Eduardo Magalhães - BA;2919553;BA;DCA-Anexo I-C;Padrão;Receitas Brutas Realizadas;TotalReceitas;TOTAL DAS RECEITAS (III) = (I + II);378941323,69;84753
2019;Prefeitura Municipal de Luís Eduardo Magalhães - BA;2919553;BA;DCA-Anexo I-C;Padrão;Deduções - FUNDEB;TotalReceitas;TOTAL DAS RECEITAS (III) = (I + II);34689122,21;84753
2020;Prefeitura Municipal de Luís Eduardo Magalhães - BA;2919553;BA;DCA-Anexo I-C;Padrão;Receitas Brutas Realizadas;ReceitasExcetoIntraOrcamentarias;RECEITAS (EXCETO INTRA-ORÇAMENTÁRIAS) (I);440876584,60;87519
2020;Prefeitura Municipal de Luís Eduardo Magalhães - BA;2919553;BA;DCA-Anexo I-C;Padrão;Deduções - FUNDEB;ReceitasExcetoIntraOrcamentarias;RECEITAS (EXCETO INTRA-ORÇAMENTÁRIAS) (I);36385176,44;87519
2020;Prefeitura Municipal de Luís Eduardo Magalhães - BA;2919553;BA;DCA-Anexo I-C;Padrão;Receitas Brutas Realizadas;RO1.0.0.0.00.0.0;1.0.0.0.00.0.0 - Receitas Correntes;409819991,25;87519
2020;Prefeitura Municipal de Luís Eduardo Magalhães - BA;2919553;BA;DCA-Anexo I-C;Padrão;Deduções - FUNDEB;RO1.0.0.0.00.0.0;1.0.0.0.00.0.0 - Receitas Correntes;36385176,44;87519
2020;Prefeitura Municipal de Luís Eduardo Magalhães - BA;2919553;BA;DCA-Anexo I-C;Padrão;Receitas Brutas Realizadas;RO1.1.0.0.00.0.0;1.1.0.0.00.0.0 - Impostos, Taxas e Contribuições de Melhoria;93828139,92;87519
2020;Prefeitura Municipal de Luís Eduardo Magalhães - BA;2919553;BA;DCA-Anexo I-C;Padrão;Receitas Brutas Realizadas;RO1.1.1.0.00.0.0;1.1.1.0.00.0.0 - Impostos;85678283,66;87519
2020;Prefeitura Municipal de Luís Eduardo Magalhães - BA;2919553;BA;DCA-Anexo I-C;Padrão;Receitas Brutas Realizadas;RO1.1.1.3.00.0.0;1.1.1.3.00.0.0 - Impostos sobre a Renda e Proventos de Qualquer Natureza;17183206,10;87519
2020;Prefeitura Municipal de Luís Eduardo Magalhães - BA;2919553;BA;DCA-Anexo I-C;Padrão;Receitas Brutas Realizadas;RO1.1.1.3.03.0.0;1.1.1.3.03.0.0 - Imposto sobre a Renda - Retido na Fonte;17183206,10;87519
2020;Prefeitura Municipal de Luís Eduardo Magalhães - BA;2919553;BA;DCA-Anexo I-C;Padrão;Receitas Brutas Realizadas;RO1.1.1.3.03.1.0;1.1.1.3.03.1.0 - Imposto sobre a Renda - Retido na Fonte - Trabalho;13513429,04;87519
2020;Prefeitura Municipal de Luís Eduardo Magalhães - BA;2919553;BA;DCA-Anexo I-C;Padrão;Receitas Brutas Realizadas;RO1.1.1.3.03.4.0;1.1.1.3.03.4.0 - Imposto sobre a Renda - Retido na Fonte - Outros Rendimentos;3669777,06;87519
2020;Prefeitura Municipal de Luís Eduardo Magalhães - BA;2919553;BA;DCA-Anexo I-C;Padrão;Receitas Brutas Realizadas;RO1.1.1.8.00.0.0;1.1.1.8.00.0.0 Impostos Específicos de Estados, DF e Municípios;68495077,56;87519
2020;Prefeitura Municipal de Luís Eduardo Magalhães - BA;2919553;BA;DCA-Anexo I-C;Padrão;Receitas Brutas Realizadas;RO1.1.1.8.01.0.0;1.1.1.8.01.0.0 Impostos sobre o Patrimônio para Estados/DF/Municípios;34633401,84;87519
2020;Prefeitura Municipal de Luís Eduardo Magalhães - BA;2919553;BA;DCA-Anexo I-C;Padrão;Receitas Brutas Realizadas;RO1.1.1.8.01.1.0;1.1.1.8.01.1.0 Imposto sobre a Propriedade Predial e Territorial Urbana;22735556,45;87519
2020;Prefeitura Municipal de Luís Eduardo Magalhães - BA;2919553;BA;DCA-Anexo I-C;Padrão;Receitas Brutas Realizadas;RO1.1.1.8.01.4.0;1.1.1.8.01.4.0 Imposto sobre Transmissão ¿Inter Vivos¿ de Bens Imóveis e de Direitos Reais sobre Imóveis;11897845,39;87519
2020;Prefeitura Municipal de Luís Eduardo Magalhães - BA;2919553;BA;DCA-Anexo I-C;Padrão;Receitas Brutas Realizadas;RO1.1.1.8.02.0.0;1.1.1.8.02.0.0 Impostos sobre a Produção, Circulação de Mercadorias e Serviços;33861675,72;87519
2020;Prefeitura Municipal de Luís Eduardo Magalhães - BA;2919553;BA;DCA-Anexo I-C;Padrão;Receitas Brutas Realizadas;RO1.1.1.8.02.3.0;1.1.1.8.02.3.0 Imposto sobre Serviços de Qualquer Natureza;33861675,72;87519
2020;Prefeitura Municipal de Luís Eduardo Magalhães - BA;2919553;BA;DCA-Anexo I-C;Padrão;Receitas Brutas Realizadas;RO1.1.2.0.00.0.0;1.1.2.0.00.0.0 - Taxas;7074459,34;87519
2020;Prefeitura Municipal de Luís Eduardo Magalhães - BA;2919553;BA;DCA-Anexo I-C;Padrão;Receitas Brutas Realizadas;RO1.1.2.1.00.0.0;1.1.2.1.00.0.0 - Taxas pelo Exercício do Poder de Polícia;4960794,73;87519
2020;Prefeitura Municipal de Luís Eduardo Magalhães - BA;2919553;BA;DCA-Anexo I-C;Padrão;Receitas Brutas Realizadas;RO1.1.2.1.01.0.0;1.1.2.1.01.0.0 - Taxas de Inspeção, Controle e Fiscalização;4774643,94;87519
2020;Prefeitura Municipal de Luís Eduardo Magalhães - BA;2919553;BA;DCA-Anexo I-C;Padrão;Receitas Brutas Realizadas;RO1.1.2.1.04.0.0;1.1.2.1.04.0.0 - Taxa de Controle e Fiscalização Ambiental;186150,79;87519
2020;Prefeitura Municipal de Luís Eduardo Magalhães - BA;2919553;BA;DCA-Anexo I-C;Padrão;Receitas Brutas Realizadas;RO1.1.2.2.00.0.0;1.1.2.2.00.0.0 - Taxas pela Prestação de Serviços;2113664,61;87519
2020;Prefeitura Municipal de Luís Eduardo Magalhães - BA;2919553;BA;DCA-Anexo I-C;Padrão;Receitas Brutas Realizadas;RO1.1.2.2.01.0.0;1.1.2.2.01.0.0 - Taxas pela Prestação de Serviços;2113664,61;87519
2020;Prefeitura Municipal de Luís Eduardo Magalhães - BA;2919553;BA;DCA-Anexo I-C;Padrão;Receitas Brutas Realizadas;RO1.1.3.0.00.0.0;1.1.3.0.00.0.0 - Contribuição de Melhoria;1075396,92;87519
2020;Prefeitura Municipal de Luís Eduardo Magalhães - BA;2919553;BA;DCA-Anexo I-C;Padrão;Receitas Brutas Realizadas;RO1.1.3.0.00.1.0;1.1.3.0.00.1.0 - Contribuição de Melhoria;1075396,92;87519
2020;Prefeitura Municipal de Luís Eduardo Magalhães - BA;2919553;BA;DCA-Anexo I-C;Padrão;Receitas Brutas Realizadas;RO1.2.0.0.00.0.0;1.2.0.0.00.0.0 - Contribuições;6193957,59;87519
2020;Prefeitura Municipal de Luís Eduardo Magalhães - BA;2919553;BA;DCA-Anexo I-C;Padrão;Receitas Brutas Realizadas;RO1.2.4.0.00.0.0;1.2.4.0.00.0.0 - Contribuição para o Custeio do Serviço de Iluminação Pública;6193957,59;87519
2020;Prefeitura Municipal de Luís Eduardo Magalhães - BA;2919553;BA;DCA-Anexo I-C;Padrão;Receitas Brutas Realizadas;RO1.3.0.0.00.0.0;1.3.0.0.00.0.0 - Receita Patrimonial;336271,88;87519
2020;Prefeitura Municipal de Luís Eduardo Magalhães - BA;2919553;BA;DCA-Anexo I-C;Padrão;Receitas Brutas Realizadas;RO1.3.2.0.00.0.0;1.3.2.0.00.0.0 - Valores Mobiliários;336271,88;87519
2020;Prefeitura Municipal de Luís Eduardo Magalhães - BA;2919553;BA;DCA-Anexo I-C;Padrão;Receitas Brutas Realizadas;RO1.3.2.1.00.0.0;1.3.2.1.00.0.0 - Juros e Correções Monetárias;336271,88;87519
2020;Prefeitura Municipal de Luís Eduardo Magalhães - BA;2919553;BA;DCA-Anexo I-C;Padrão;Receitas Brutas Realizadas;RO1.3.2.1.00.1.0;1.3.2.1.00.1.0 - Remuneração de Depósitos Bancários;311451,85;87519
2020;Prefeitura Municipal de Luís Eduardo Magalhães - BA;2919553;BA;DCA-Anexo I-C;Padrão;Receitas Brutas Realizadas;RO1.3.2.1.00.2.0;1.3.2.1.00.2.0 - Remuneração de Depósitos Especiais;24820,03;87519
2020;Prefeitura Municipal de Luís Eduardo Magalhães - BA;2919553;BA;DCA-Anexo I-C;Padrão;Receitas Brutas Realizadas;RO1.7.0.0.00.0.0;1.7.0.0.00.0.0 - Transferências Correntes;308210248,66;87519
2020;Prefeitura Municipal de Luís Eduardo Magalhães - BA;2919553;BA;DCA-Anexo I-C;Padrão;Deduções - FUNDEB;RO1.7.0.0.00.0.0;1.7.0.0.00.0.0 - Transferências Correntes;36385176,44;87519
2020;Prefeitura Municipal de Luís Eduardo Magalhães - BA;2919553;BA;DCA-Anexo I-C;Padrão;Receitas Brutas Realizadas;RO1.7.1.0.00.0.0;1.7.1.0.00.0.0 - Transferências da União e de suas Entidades;109827056,37;87519
2020;Prefeitura Municipal de Luís Eduardo Magalhães - BA;2919553;BA;DCA-Anexo I-C;Padrão;Deduções - FUNDEB;RO1.7.1.0.00.0.0;1.7.1.0.00.0.0 - Transferências da União e de suas Entidades;8601554,21;87519
2020;Prefeitura Municipal de Luís Eduardo Magalhães - BA;2919553;BA;DCA-Anexo I-C;Padrão;Receitas Brutas Realizadas;RO1.7.1.8.00.0.0;1.7.1.8.00.0.0 Transferências da União - Específicas de Estados, DF e Municípios;109827056,37;87519
2020;Prefeitura Municipal de Luís Eduardo Magalhães - BA;2919553;BA;DCA-Anexo I-C;Padrão;Deduções - FUNDEB;RO1.7.1.8.00.0.0;1.7.1.8.00.0.0 Transferências da União - Específicas de Estados, DF e Municípios;8601554,21;87519
2020;Prefeitura Municipal de Luís Eduardo Magalhães - BA;2919553;BA;DCA-Anexo I-C;Padrão;Receitas Brutas Realizadas;RO1.7.1.8.01.0.0;1.7.1.8.01.0.0 Participação na Receita da União;46684318,95;87519
2020;Prefeitura Municipal de Luís Eduardo Magalhães - BA;2919553;BA;DCA-Anexo I-C;Padrão;Deduções - FUNDEB;RO1.7.1.8.01.0.0;1.7.1.8.01.0.0 Participação na Receita da União;8601554,21;87519
2020;Prefeitura Municipal de Luís Eduardo Magalhães - BA;2919553;BA;DCA-Anexo I-C;Padrão;Receitas Brutas Realizadas;RO1.7.1.8.01.2.0;1.7.1.8.01.2.0 Cota-Parte do Fundo de Participação dos Municípios - Cota Mensal;40799069,91;87519
2020;Prefeitura Municipal de Luís Eduardo Magalhães - BA;2919553;BA;DCA-Anexo I-C;Padrão;Deduções - FUNDEB;RO1.7.1.8.01.2.0;1.7.1.8.01.2.0 Cota-Parte do Fundo de Participação dos Municípios - Cota Mensal;8159813,71;87519
2020;Prefeitura Municipal de Luís Eduardo Magalhães - BA;2919553;BA;DCA-Anexo I-C;Padrão;Receitas Brutas Realizadas;RO1.7.1.8.01.3.0;1.7.1.8.01.3.0 Cota-Parte do Fundo de Participação do Municípios ¿ 1% Cota entregue no mês de dezembro;1836314,85;87519
2020;Prefeitura Municipal de Luís Eduardo Magalhães - BA;2919553;BA;DCA-Anexo I-C;Padrão;Receitas Brutas Realizadas;RO1.7.1.8.01.4.0;1.7.1.8.01.4.0 Cota-Parte do Fundo de Participação dos Municípios - 1% Cota entregue no mês de julho;1840230,95;87519
2020;Prefeitura Municipal de Luís Eduardo Magalhães - BA;2919553;BA;DCA-Anexo I-C;Padrão;Receitas Brutas Realizadas;RO1.7.1.8.01.5.0;1.7.1.8.01.5.0 Cota-Parte do Imposto Sobre a Propriedade Territorial Rural;2208703,24;87519
2020;Prefeitura Municipal de Luís Eduardo Magalhães - BA;2919553;BA;DCA-Anexo I-C;Padrão;Deduções - FUNDEB;RO1.7.1.8.01.5.0;1.7.1.8.01.5.0 Cota-Parte do Imposto Sobre a Propriedade Territorial Rural;441740,50;87519
2020;Prefeitura Municipal de Luís Eduardo Magalhães - BA;2919553;BA;DCA-Anexo I-C;Padrão;Receitas Brutas Realizadas;RO1.7.1.8.02.0.0;1.7.1.8.02.0.0 Transferência da Compensação Financeira pela Exploração de Recursos Naturais;656288,85;87519
2020;Prefeitura Municipal de Luís Eduardo Magalhães - BA;2919553;BA;DCA-Anexo I-C;Padrão;Receitas Brutas Realizadas;RO1.7.1.8.02.6.0;1.7.1.8.02.6.0 Cota-Parte do Fundo Especial do Petróleo ¿ FEP;656288,85;87519
2020;Prefeitura Municipal de Luís Eduardo Magalhães - BA;2919553;BA;DCA-Anexo I-C;Padrão;Receitas Brutas Realizadas;RO1.7.1.8.03.0.0;"1.7.1.8.03.0.0 Transferência de Recursos do Sistema Único de Saúde ¿ 
 SUS ¿ Bloco Custeio das Ações e Serviços Públicos de Saúde";25193529,05;87519
2020;Prefeitura Municipal de Luís Eduardo Magalhães - BA;2919553;BA;DCA-Anexo I-C;Padrão;Receitas Brutas Realizadas;RO1.7.1.8.03.1.0;1.7.1.8.03.1.0 - Transferência de Recursos do SUS ¿ Atenção Básica;9321308,28;87519
2020;Prefeitura Municipal de Luís Eduardo Magalhães - BA;2919553;BA;DCA-Anexo I-C;Padrão;Receitas Brutas Realizadas;RO1.7.1.8.03.2.0;1.7.1.8.03.2.0 - Transferência de Recursos do SUS ¿ Atenção de Média e Alta Complexidade Ambulatorial e Hospitalar;8505950,04;87519
2020;Prefeitura Municipal de Luís Eduardo Magalhães - BA;2919553;BA;DCA-Anexo I-C;Padrão;Receitas Brutas Realizadas;RO1.7.1.8.03.3.0;1.7.1.8.03.3.0 - Transferência de Recursos do SUS ¿ Vigilância em Saúde;737635,68;87519
2020;Prefeitura Municipal de Luís Eduardo Magalhães - BA;2919553;BA;DCA-Anexo I-C;Padrão;Receitas Brutas Realizadas;RO1.7.1.8.03.4.0;1.7.1.8.03.4.0 - Transferência de Recursos do SUS ¿ Assistência Farmacêutica;516362,16;87519
2020;Prefeitura Municipal de Luís Eduardo Magalhães - BA;2919553;BA;DCA-Anexo I-C;Padrão;Receitas Brutas Realizadas;RO1.7.1.8.03.5.0;1.7.1.8.03.5.0 - Transferência de Recursos do SUS ¿ Gestão do SUS;13000,00;87519
2020;Prefeitura Municipal de Luís Eduardo Magalhães - BA;2919553;BA;DCA-Anexo I-C;Padrão;Receitas Brutas Realizadas;RO1.7.1.8.03.9.0;1.7.1.8.03.9.0 - Transferência de Recursos do SUS ¿ Outros Programas Financiados por Transferências Fundo a Fundo;6099272,89;87519
2020;Prefeitura Municipal de Luís Eduardo Magalhães - BA;2919553;BA;DCA-Anexo I-C;Padrão;Receitas Brutas Realizadas;RO1.7.1.8.05.0.0;1.7.1.8.05.0.0 Transferências de Recursos do Fundo Nacional do Desenvolvimento da Educação ¿ FNDE;4431014,90;87519
2020;Prefeitura Municipal de Luís Eduardo Magalhães - BA;2919553;BA;DCA-Anexo I-C;Padrão;Receitas Brutas Realizadas;RO1.7.1.8.05.1.0;1.7.1.8.05.1.0 Transferências do Salário-Educação;2176415,20;87519
2020;Prefeitura Municipal de Luís Eduardo Magalhães - BA;2919553;BA;DCA-Anexo I-C;Padrão;Receitas Brutas Realizadas;RO1.7.1.8.05.3.0;1.7.1.8.05.3.0 Transferências Diretas do FNDE referentes ao Programa Nacional de Alimentação Escolar ¿ PNAE;2096226,00;87519
2020;Prefeitura Municipal de Luís Eduardo Magalhães - BA;2919553;BA;DCA-Anexo I-C;Padrão;Receitas Brutas Realizadas;RO1.7.1.8.05.4.0;1.7.1.8.05.4.0 Transferências Diretas do FNDE referentes ao Programa Nacional de Apoio ao Transporte do Escolar ¿ PNATE;146983,51;87519
2020;Prefeitura Municipal de Luís Eduardo Magalhães - BA;2919553;BA;DCA-Anexo I-C;Padrão;Receitas Brutas Realizadas;RO1.7.1.8.05.9.0;1.7.1.8.05.9.0 Outras Transferências Diretas do Fundo Nacional do Desenvolvimento da Educação ¿ FNDE;11390,19;87519
2020;Prefeitura Municipal de Luís Eduardo Magalhães - BA;2919553;BA;DCA-Anexo I-C;Padrão;Receitas Brutas Realizadas;RO1.7.1.8.09.0.0;1.7.1.8.09.0.0 - Transferências de Recursos de Complementação da União ao Fundo de Manutenção e Desenvolvimento da Educação Básica e de Valorização dos Profissionais da Educação ¿ FUNDEB;18483820,68;87519
2020;Prefeitura Municipal de Luís Eduardo Magalhães - BA;2919553;BA;DCA-Anexo I-C;Padrão;Receitas Brutas Realizadas;RO1.7.1.8.12.0.0;1.7.1.8.12.0.0 - Transferências de Recursos do Fundo Nacional de Assistência Social ¿ FNAS;1636362,92;87519
2020;Prefeitura Municipal de Luís Eduardo Magalhães - BA;2919553;BA;DCA-Anexo I-C;Padrão;Receitas Brutas Realizadas;RO1.7.1.8.99.0.0;1.7.1.8.99.0.0 Outras Transferências da União;12741721,02;87519
2020;Prefeitura Municipal de Luís Eduardo Magalhães - BA;2919553;BA;DCA-Anexo I-C;Padrão;Receitas Brutas Realizadas;RO1.7.2.0.00.0.0;1.7.2.0.00.0.0 - Transferências dos Estados e do Distrito Federal e de suas Entidades;141917605,00;87519
2020;Prefeitura Municipal de Luís Eduardo Magalhães - BA;2919553;BA;DCA-Anexo I-C;Padrão;Deduções - FUNDEB;RO1.7.2.0.00.0.0;1.7.2.0.00.0.0 - Transferências dos Estados e do Distrito Federal e de suas Entidades;27783622,23;87519
2020;Prefeitura Municipal de Luís Eduardo Magalhães - BA;2919553;BA;DCA-Anexo I-C;Padrão;Receitas Brutas Realizadas;RO1.7.2.8.00.0.0;1.7.2.8.00.0.0 Transferências dos Estados - Específicas de Estados, DF e Municípios;141917605,00;87519
2020;Prefeitura Municipal de Luís Eduardo Magalhães - BA;2919553;BA;DCA-Anexo I-C;Padrão;Deduções - FUNDEB;RO1.7.2.8.00.0.0;1.7.2.8.00.0.0 Transferências dos Estados - Específicas de Estados, DF e Municípios;27783622,23;87519
2020;Prefeitura Municipal de Luís Eduardo Magalhães - BA;2919553;BA;DCA-Anexo I-C;Padrão;Receitas Brutas Realizadas;RO1.7.2.8.01.0.0;1.7.2.8.01.0.0 Participação na Receita dos Estados;139927319,74;87519
2020;Prefeitura Municipal de Luís Eduardo Magalhães - BA;2919553;BA;DCA-Anexo I-C;Padrão;Deduções - FUNDEB;RO1.7.2.8.01.0.0;1.7.2.8.01.0.0 Participação na Receita dos Estados;27783622,23;87519
2020;Prefeitura Municipal de Luís Eduardo Magalhães - BA;2919553;BA;DCA-Anexo I-C;Padrão;Receitas Brutas Realizadas;RO1.7.2.8.01.1.0;1.7.2.8.01.1.0 Cota-Parte do ICMS;123224885,21;87519
2020;Prefeitura Municipal de Luís Eduardo Magalhães - BA;2919553;BA;DCA-Anexo I-C;Padrão;Deduções - FUNDEB;RO1.7.2.8.01.1.0;1.7.2.8.01.1.0 Cota-Parte do ICMS;24644976,81;87519
2020;Prefeitura Municipal de Luís Eduardo Magalhães - BA;2919553;BA;DCA-Anexo I-C;Padrão;Receitas Brutas Realizadas;RO1.7.2.8.01.2.0;1.7.2.8.01.2.0 Cota-Parte do IPVA;15693231,90;87519
2020;Prefeitura Municipal de Luís Eduardo Magalhães - BA;2919553;BA;DCA-Anexo I-C;Padrão;Deduções - FUNDEB;RO1.7.2.8.01.2.0;1.7.2.8.01.2.0 Cota-Parte do IPVA;3138645,42;87519
2020;Prefeitura Municipal de Luís Eduardo Magalhães - BA;2919553;BA;DCA-Anexo I-C;Padrão;Receitas Brutas Realizadas;RO1.7.2.8.01.3.0;1.7.2.8.01.3.0 Cota-Parte do IPI - Municípios;952458,02;87519
2020;Prefeitura Municipal de Luís Eduardo Magalhães - BA;2919553;BA;DCA-Anexo I-C;Padrão;Receitas Brutas Realizadas;RO1.7.2.8.01.4.0;1.7.2.8.01.4.0 Cota-Parte da Contribuição de Intervenção no Domínio Econômico;56744,61;87519
2020;Prefeitura Municipal de Luís Eduardo Magalhães - BA;2919553;BA;DCA-Anexo I-C;Padrão;Receitas Brutas Realizadas;RO1.7.2.8.03.0.0;1.7.2.8.03.0.0 Transferência de Recursos do Estado para Programas de Saúde ¿ Repasse Fundo a Fundo;1776804,58;87519
2020;Prefeitura Municipal de Luís Eduardo Magalhães - BA;2919553;BA;DCA-Anexo I-C;Padrão;Receitas Brutas Realizadas;RO1.7.2.8.07.0.0;1.7.2.8.07.0.0 Transferências de Estados destinadas à Assistência Social;164376,00;87519
2020;Prefeitura Municipal de Luís Eduardo Magalhães - BA;2919553;BA;DCA-Anexo I-C;Padrão;Receitas Brutas Realizadas;RO1.7.2.8.10.0.0;1.7.2.8.10.0.0 Transferência de Convênios dos Estados e do Distrito Federal e de Suas Entidades;43382,00;87519
2020;Prefeitura Municipal de Luís Eduardo Magalhães - BA;2919553;BA;DCA-Anexo I-C;Padrão;Receitas Brutas Realizadas;RO1.7.2.8.10.2.0;1.7.2.8.10.2.0 Transferências de Convênio dos Estados Destinadas a Programas de Educação;43382,00;87519
2020;Prefeitura Municipal de Luís Eduardo Magalhães - BA;2919553;BA;DCA-Anexo I-C;Padrão;Receitas Brutas Realizadas;RO1.7.2.8.99.0.0;1.7.2.8.99.0.0 Outras Transferências dos Estados;5722,68;87519
2020;Prefeitura Municipal de Luís Eduardo Magalhães - BA;2919553;BA;DCA-Anexo I-C;Padrão;Receitas Brutas Realizadas;RO1.7.4.0.00.0.0;1.7.4.0.00.0.0 - Transferências de Instituições Privadas;50000,00;87519
2020;Prefeitura Municipal de Luís Eduardo Magalhães - BA;2919553;BA;DCA-Anexo I-C;Padrão;Receitas Brutas Realizadas;RO1.7.4.8.00.0.0;1.7.4.8.00.0.0 Transferências de Instituições Privadas - Específicas de Estados, DF e Municípios;50000,00;87519
2020;Prefeitura Municipal de Luís Eduardo Magalhães - BA;2919553;BA;DCA-Anexo I-C;Padrão;Receitas Brutas Realizadas;RO1.7.4.8.01.0.0;1.7.4.8.01.0.0 - Transferência de Convênios de Instituições Privadas para EST/DF/MUN;50000,00;87519
2020;Prefeitura Municipal de Luís Eduardo Magalhães - BA;2919553;BA;DCA-Anexo I-C;Padrão;Receitas Brutas Realizadas;RO1.7.5.0.00.0.0;1.7.5.0.00.0.0 - Transferências de Outras Instituições Públicas;56415587,29;87519
2020;Prefeitura Municipal de Luís Eduardo Magalhães - BA;2919553;BA;DCA-Anexo I-C;Padrão;Receitas Brutas Realizadas;RO1.7.5.8.00.0.0;1.7.5.8.00.0.0 Transferências de Outras Instituições Públicas - Específicas de Estados, DF e Municípios;56415587,29;87519
2020;Prefeitura Municipal de Luís Eduardo Magalhães - BA;2919553;BA;DCA-Anexo I-C;Padrão;Receitas Brutas Realizadas;RO1.7.5.8.01.0.0;1.7.5.8.01.0.0 Transferências de Recursos do Fundo de Manutenção e Desenvolvimento da Educação Básica e de Valorização dos Profissionais da Educação ¿ FUNDEB;56415587,29;87519
2020;Prefeitura Municipal de Luís Eduardo Magalhães - BA;2919553;BA;DCA-Anexo I-C;Padrão;Receitas Brutas Realizadas;RO1.9.0.0.00.0.0;1.9.0.0.00.0.0 - Outras Receitas Correntes;1251373,20;87519
2020;Prefeitura Municipal de Luís Eduardo Magalhães - BA;2919553;BA;DCA-Anexo I-C;Padrão;Receitas Brutas Realizadas;RO1.9.1.0.00.0.0;1.9.1.0.00.0.0 - Multas Administrativas, Contratuais e Judiciais;434100,75;87519
2020;Prefeitura Municipal de Luís Eduardo Magalhães - BA;2919553;BA;DCA-Anexo I-C;Padrão;Receitas Brutas Realizadas;RO1.9.1.0.01.0.0;1.9.1.0.01.0.0 - Multas Previstas em Legislação Específica;381239,39;87519
2020;Prefeitura Municipal de Luís Eduardo Magalhães - BA;2919553;BA;DCA-Anexo I-C;Padrão;Receitas Brutas Realizadas;RO1.9.1.0.07.0.0;1.9.1.0.07.0.0 - Multas Aplicadas pelos Tribunais de Contas;18765,50;87519
2020;Prefeitura Municipal de Luís Eduardo Magalhães - BA;2919553;BA;DCA-Anexo I-C;Padrão;Receitas Brutas Realizadas;RO1.9.1.0.09.0.0;1.9.1.0.09.0.0 - Multas e Juros Previstos em Contratos;34095,86;87519
2020;Prefeitura Municipal de Luís Eduardo Magalhães - BA;2919553;BA;DCA-Anexo I-C;Padrão;Receitas Brutas Realizadas;RO1.9.2.0.00.0.0;1.9.2.0.00.0.0 - Indenizações, Restituições e Ressarcimentos;325965,99;87519
2020;Prefeitura Municipal de Luís Eduardo Magalhães - BA;2919553;BA;DCA-Anexo I-C;Padrão;Receitas Brutas Realizadas;RO1.9.2.1.00.0.0;1.9.2.1.00.0.0 - Indenizações;184098,00;87519
2020;Prefeitura Municipal de Luís Eduardo Magalhães - BA;2919553;BA;DCA-Anexo I-C;Padrão;Receitas Brutas Realizadas;RO1.9.2.1.03.0.0;1.9.2.1.03.0.0 - Indenização por Sinistro;184098,00;87519
2020;Prefeitura Municipal de Luís Eduardo Magalhães - BA;2919553;BA;DCA-Anexo I-C;Padrão;Receitas Brutas Realizadas;RO1.9.2.2.00.0.0;1.9.2.2.00.0.0 - Restituições;141867,99;87519
2020;Prefeitura Municipal de Luís Eduardo Magalhães - BA;2919553;BA;DCA-Anexo I-C;Padrão;Receitas Brutas Realizadas;RO1.9.2.2.12.0.0;1.9.2.2.12.0.0 - Restituição de Depósitos de Setenças Judiciais não Sacados;35757,75;87519
2020;Prefeitura Municipal de Luís Eduardo Magalhães - BA;2919553;BA;DCA-Anexo I-C;Padrão;Receitas Brutas Realizadas;RO1.9.2.2.99.0.0;1.9.2.2.99.0.0 - Outras Restituições;106110,24;87519
2020;Prefeitura Municipal de Luís Eduardo Magalhães - BA;2919553;BA;DCA-Anexo I-C;Padrão;Receitas Brutas Realizadas;RO1.9.9.0.00.0.0;1.9.9.0.00.0.0 - Demais Receitas Correntes;491306,46;87519
2020;Prefeitura Municipal de Luís Eduardo Magalhães - BA;2919553;BA;DCA-Anexo I-C;Padrão;Receitas Brutas Realizadas;RO1.9.9.0.99.0.0;1.9.9.0.99.0.0 - Outras Receitas;491306,46;87519
2020;Prefeitura Municipal de Luís Eduardo Magalhães - BA;2919553;BA;DCA-Anexo I-C;Padrão;Receitas Brutas Realizadas;RO1.9.9.0.99.1.0;1.9.9.0.99.1.0 - Outras Receitas - Primárias;491306,46;87519
2020;Prefeitura Municipal de Luís Eduardo Magalhães - BA;2919553;BA;DCA-Anexo I-C;Padrão;Receitas Brutas Realizadas;RO2.0.0.0.00.0.0;2.0.0.0.00.0.0 - Receitas de Capital;31056593,35;87519
2020;Prefeitura Municipal de Luís Eduardo Magalhães - BA;2919553;BA;DCA-Anexo I-C;Padrão;Receitas Brutas Realizadas;RO2.1.0.0.00.0.0;2.1.0.0.00.0.0 - Operações de Crédito;26296808,92;87519
2020;Prefeitura Municipal de Luís Eduardo Magalhães - BA;2919553;BA;DCA-Anexo I-C;Padrão;Receitas Brutas Realizadas;RO2.1.1.0.00.0.0;2.1.1.0.00.0.0 - Operações de Crédito - Mercado Interno;26296808,92;87519
2020;Prefeitura Municipal de Luís Eduardo Magalhães - BA;2919553;BA;DCA-Anexo I-C;Padrão;Receitas Brutas Realizadas;RO2.1.1.2.00.0.0;2.1.1.2.00.0.0 Operações de Crédito Contratuais - Mercado Interno;26296808,92;87519
2020;Prefeitura Municipal de Luís Eduardo Magalhães - BA;2919553;BA;DCA-Anexo I-C;Padrão;Receitas Brutas Realizadas;RO2.2.0.0.00.0.0;2.2.0.0.00.0.0 - Alienação de Bens;335964,00;87519
2020;Prefeitura Municipal de Luís Eduardo Magalhães - BA;2919553;BA;DCA-Anexo I-C;Padrão;Receitas Brutas Realizadas;RO2.2.1.0.00.0.0;2.2.1.0.00.0.0 - Alienação de Bens Móveis;335964,00;87519
2020;Prefeitura Municipal de Luís Eduardo Magalhães - BA;2919553;BA;DCA-Anexo I-C;Padrão;Receitas Brutas Realizadas;RO2.2.1.3.00.0.0;2.2.1.3.00.0.0 Alienação de Bens Móveis e Semoventes;335964,00;87519
2020;Prefeitura Municipal de Luís Eduardo Magalhães - BA;2919553;BA;DCA-Anexo I-C;Padrão;Receitas Brutas Realizadas;RO2.4.0.0.00.0.0;2.4.0.0.00.0.0 - Transferências de Capital;4391313,55;87519
2020;Prefeitura Municipal de Luís Eduardo Magalhães - BA;2919553;BA;DCA-Anexo I-C;Padrão;Receitas Brutas Realizadas;RO2.4.1.0.00.0.0;2.4.1.0.00.0.0 - Transferências da União e de suas Entidades;4241313,55;87519
2020;Prefeitura Municipal de Luís Eduardo Magalhães - BA;2919553;BA;DCA-Anexo I-C;Padrão;Receitas Brutas Realizadas;RO2.4.1.8.00.0.0;2.4.1.8.00.0.0 Transferências da União - Específicas de Estados, DF e Municípios;4241313,55;87519
2020;Prefeitura Municipal de Luís Eduardo Magalhães - BA;2919553;BA;DCA-Anexo I-C;Padrão;Receitas Brutas Realizadas;RO2.4.1.8.03.0.0;2.4.1.8.03.0.0 Transferências de Recursos do Sistema Único de Saúde ¿ SUS;1087000,00;87519
2020;Prefeitura Municipal de Luís Eduardo Magalhães - BA;2919553;BA;DCA-Anexo I-C;Padrão;Receitas Brutas Realizadas;RO2.4.1.8.03.3.0;2.4.1.8.03.3.0 - Transferência de Recursos do SUS ¿ Vigilância em Saúde;1087000,00;87519
2020;Prefeitura Municipal de Luís Eduardo Magalhães - BA;2919553;BA;DCA-Anexo I-C;Padrão;Receitas Brutas Realizadas;RO2.4.1.8.04.0.0;2.4.1.8.04.0.0 - Transferências de Recursos do Sistema Único de Saúde ¿ SUS - Bloco Investimentos na Rede de Serviços Públicos de Saúde;1800000,00;87519
2020;Prefeitura Municipal de Luís Eduardo Magalhães - BA;2919553;BA;DCA-Anexo I-C;Padrão;Receitas Brutas Realizadas;RO2.4.1.8.04.2.0;2.4.1.8.04.2.0 - Transferências de Recursos do Sistema Único de Saúde ¿ SUS destinados à Atenção Especializada;1800000,00;87519
2020;Prefeitura Municipal de Luís Eduardo Magalhães - BA;2919553;BA;DCA-Anexo I-C;Padrão;Receitas Brutas Realizadas;RO2.4.1.8.10.0.0;2.4.1.8.10.0.0 Transferência de Convênios da União e de suas Entidades;1354313,55;87519
2020;Prefeitura Municipal de Luís Eduardo Magalhães - BA;2919553;BA;DCA-Anexo I-C;Padrão;Receitas Brutas Realizadas;RO2.4.1.8.10.5.0;2.4.1.8.10.5.0 - Transferências de Convênios da União destinadas a Programas de Saneamento Básico;88346,72;87519
2020;Prefeitura Municipal de Luís Eduardo Magalhães - BA;2919553;BA;DCA-Anexo I-C;Padrão;Receitas Brutas Realizadas;RO2.4.1.8.10.9.0;2.4.1.8.10.9.0 - Outras Transferências de Convênios da União;1265966,83;87519
2020;Prefeitura Municipal de Luís Eduardo Magalhães - BA;2919553;BA;DCA-Anexo I-C;Padrão;Receitas Brutas Realizadas;RO2.4.4.0.00.0.0;2.4.4.0.00.0.0 - Transferências de Instituições Privadas;150000,00;87519
2020;Prefeitura Municipal de Luís Eduardo Magalhães - BA;2919553;BA;DCA-Anexo I-C;Padrão;Receitas Brutas Realizadas;RO2.4.4.0.00.1.0;2.4.4.0.00.1.0 Transferências de Instituições Privadas;150000,00;87519
2020;Prefeitura Municipal de Luís Eduardo Magalhães - BA;2919553;BA;DCA-Anexo I-C;Padrão;Receitas Brutas Realizadas;RO2.9.0.0.00.0.0;2.9.0.0.00.0.0 - Outras Receitas de Capital;32506,88;87519
2020;Prefeitura Municipal de Luís Eduardo Magalhães - BA;2919553;BA;DCA-Anexo I-C;Padrão;Receitas Brutas Realizadas;RO2.9.9.0.00.0.0;2.9.9.0.00.0.0 - Demais Receitas de Capital;32506,88;87519
2020;Prefeitura Municipal de Luís Eduardo Magalhães - BA;2919553;BA;DCA-Anexo I-C;Padrão;Receitas Brutas Realizadas;RO2.9.9.0.00.1.0;2.9.9.0.00.1.0 Demais Receitas de Capital;32506,88;87519
2020;Prefeitura Municipal de Luís Eduardo Magalhães - BA;2919553;BA;DCA-Anexo I-C;Padrão;Receitas Brutas Realizadas;TotalReceitas;TOTAL DAS RECEITAS (III) = (I + II);440876584,60;87519
2020;Prefeitura Municipal de Luís Eduardo Magalhães - BA;2919553;BA;DCA-Anexo I-C;Padrão;Deduções - FUNDEB;TotalReceitas;TOTAL DAS RECEITAS (III) = (I + II);36385176,44;87519
2021;Prefeitura Municipal de Luís Eduardo Magalhães - BA;2919553;BA;DCA-Anexo I-C;Padrão;Receitas Brutas Realizadas;ReceitasExcetoIntraOrcamentarias;RECEITAS (EXCETO INTRA-ORÇAMENTÁRIAS) (I);542926755,84;90162
2021;Prefeitura Municipal de Luís Eduardo Magalhães - BA;2919553;BA;DCA-Anexo I-C;Padrão;Deduções - FUNDEB;ReceitasExcetoIntraOrcamentarias;RECEITAS (EXCETO INTRA-ORÇAMENTÁRIAS) (I);48655316,75;90162
2021;Prefeitura Municipal de Luís Eduardo Magalhães - BA;2919553;BA;DCA-Anexo I-C;Padrão;Receitas Brutas Realizadas;RO1.0.0.0.00.0.0;1.0.0.0.00.0.0 - Receitas Correntes;508965832,52;90162
2021;Prefeitura Municipal de Luís Eduardo Magalhães - BA;2919553;BA;DCA-Anexo I-C;Padrão;Deduções - FUNDEB;RO1.0.0.0.00.0.0;1.0.0.0.00.0.0 - Receitas Correntes;48655316,75;90162
2021;Prefeitura Municipal de Luís Eduardo Magalhães - BA;2919553;BA;DCA-Anexo I-C;Padrão;Receitas Brutas Realizadas;RO1.1.0.0.00.0.0;1.1.0.0.00.0.0 - Impostos, Taxas e Contribuições de Melhoria;116916799,66;90162
2021;Prefeitura Municipal de Luís Eduardo Magalhães - BA;2919553;BA;DCA-Anexo I-C;Padrão;Receitas Brutas Realizadas;RO1.1.1.0.00.0.0;1.1.1.0.00.0.0 - Impostos;107045507,63;90162
2021;Prefeitura Municipal de Luís Eduardo Magalhães - BA;2919553;BA;DCA-Anexo I-C;Padrão;Receitas Brutas Realizadas;RO1.1.1.3.00.0.0;1.1.1.3.00.0.0 - Impostos sobre a Renda e Proventos de Qualquer Natureza;15850196,67;90162
2021;Prefeitura Municipal de Luís Eduardo Magalhães - BA;2919553;BA;DCA-Anexo I-C;Padrão;Receitas Brutas Realizadas;RO1.1.1.3.03.0.0;1.1.1.3.03.0.0 - Imposto sobre a Renda - Retido na Fonte;15850196,67;90162
2021;Prefeitura Municipal de Luís Eduardo Magalhães - BA;2919553;BA;DCA-Anexo I-C;Padrão;Receitas Brutas Realizadas;RO1.1.1.3.03.1.0;1.1.1.3.03.1.0 - Imposto sobre a Renda - Retido na Fonte - Trabalho;400360,84;90162
2021;Prefeitura Municipal de Luís Eduardo Magalhães - BA;2919553;BA;DCA-Anexo I-C;Padrão;Receitas Brutas Realizadas;RO1.1.1.3.03.4.0;1.1.1.3.03.4.0 - Imposto sobre a Renda - Retido na Fonte - Outros Rendimentos;15449835,83;90162
2021;Prefeitura Municipal de Luís Eduardo Magalhães - BA;2919553;BA;DCA-Anexo I-C;Padrão;Receitas Brutas Realizadas;RO1.1.1.8.00.0.0;1.1.1.8.00.0.0 - Impostos Específicos de Estados, DF e Municípios;91195310,96;90162
2021;Prefeitura Municipal de Luís Eduardo Magalhães - BA;2919553;BA;DCA-Anexo I-C;Padrão;Receitas Brutas Realizadas;RO1.1.1.8.01.0.0;1.1.1.8.01.0.0 - Impostos sobre o Patrimônio para Estados/DF/Municípios;46303998,03;90162
2021;Prefeitura Municipal de Luís Eduardo Magalhães - BA;2919553;BA;DCA-Anexo I-C;Padrão;Receitas Brutas Realizadas;RO1.1.1.8.01.1.0;1.1.1.8.01.1.0 - Imposto sobre a Propriedade Predial e Territorial Urbana;32782826,78;90162
2021;Prefeitura Municipal de Luís Eduardo Magalhães - BA;2919553;BA;DCA-Anexo I-C;Padrão;Receitas Brutas Realizadas;RO1.1.1.8.01.4.0;1.1.1.8.01.4.0 - Imposto sobre Transmissão ¿Inter Vivos¿ de Bens Imóveis e de Direitos Reais sobre Imóveis;13521171,25;90162
2021;Prefeitura Municipal de Luís Eduardo Magalhães - BA;2919553;BA;DCA-Anexo I-C;Padrão;Receitas Brutas Realizadas;RO1.1.1.8.02.0.0;1.1.1.8.02.0.0 - Impostos sobre a Produção, Circulação de Mercadorias e Serviços;44891312,93;90162
2021;Prefeitura Municipal de Luís Eduardo Magalhães - BA;2919553;BA;DCA-Anexo I-C;Padrão;Receitas Brutas Realizadas;RO1.1.1.8.02.3.0;1.1.1.8.02.3.0 - Imposto sobre Serviços de Qualquer Natureza;44891312,93;90162
2021;Prefeitura Municipal de Luís Eduardo Magalhães - BA;2919553;BA;DCA-Anexo I-C;Padrão;Receitas Brutas Realizadas;RO1.1.2.0.00.0.0;1.1.2.0.00.0.0 - Taxas;9728296,75;90162
2021;Prefeitura Municipal de Luís Eduardo Magalhães - BA;2919553;BA;DCA-Anexo I-C;Padrão;Receitas Brutas Realizadas;RO1.1.2.1.00.0.0;1.1.2.1.00.0.0 - Taxas pelo Exercício do Poder de Polícia;6318126,40;90162
2021;Prefeitura Municipal de Luís Eduardo Magalhães - BA;2919553;BA;DCA-Anexo I-C;Padrão;Receitas Brutas Realizadas;RO1.1.2.1.01.0.0;1.1.2.1.01.0.0 - Taxas de Inspeção, Controle e Fiscalização;6097835,99;90162
2021;Prefeitura Municipal de Luís Eduardo Magalhães - BA;2919553;BA;DCA-Anexo I-C;Padrão;Receitas Brutas Realizadas;RO1.1.2.1.04.0.0;1.1.2.1.04.0.0 - Taxa de Controle e Fiscalização Ambiental;220290,41;90162
2021;Prefeitura Municipal de Luís Eduardo Magalhães - BA;2919553;BA;DCA-Anexo I-C;Padrão;Receitas Brutas Realizadas;RO1.1.2.2.00.0.0;1.1.2.2.00.0.0 - Taxas pela Prestação de Serviços;3410170,35;90162
2021;Prefeitura Municipal de Luís Eduardo Magalhães - BA;2919553;BA;DCA-Anexo I-C;Padrão;Receitas Brutas Realizadas;RO1.1.2.2.01.0.0;1.1.2.2.01.0.0 - Taxas pela Prestação de Serviços;1440909,34;90162
2021;Prefeitura Municipal de Luís Eduardo Magalhães - BA;2919553;BA;DCA-Anexo I-C;Padrão;Receitas Brutas Realizadas;RO1.1.2.2.02.0.0;1.1.2.2.02.0.0 - Emolumentos e Custas Judiciais;1969261,01;90162
2021;Prefeitura Municipal de Luís Eduardo Magalhães - BA;2919553;BA;DCA-Anexo I-C;Padrão;Receitas Brutas Realizadas;RO1.1.3.0.00.0.0;1.1.3.0.00.0.0 - Contribuição de Melhoria;142995,28;90162
2021;Prefeitura Municipal de Luís Eduardo Magalhães - BA;2919553;BA;DCA-Anexo I-C;Padrão;Receitas Brutas Realizadas;RO1.1.3.8.00.0.0;1.1.3.8.00.0.0 - Contribuição de Melhoria - Específica de Estados, DF e Municípios;142995,28;90162
2021;Prefeitura Municipal de Luís Eduardo Magalhães - BA;2919553;BA;DCA-Anexo I-C;Padrão;Receitas Brutas Realizadas;RO1.1.3.8.04.0.0;1.1.3.8.04.0.0 - Contribuição de Melhoria para Pavimentação e Obras Complementares;142995,28;90162
2021;Prefeitura Municipal de Luís Eduardo Magalhães - BA;2919553;BA;DCA-Anexo I-C;Padrão;Receitas Brutas Realizadas;RO1.2.0.0.00.0.0;1.2.0.0.00.0.0 - Contribuições;7445645,03;90162
2021;Prefeitura Municipal de Luís Eduardo Magalhães - BA;2919553;BA;DCA-Anexo I-C;Padrão;Receitas Brutas Realizadas;RO1.2.4.0.00.0.0;1.2.4.0.00.0.0 - Contribuição para o Custeio do Serviço de Iluminação Pública;7445645,03;90162
2021;Prefeitura Municipal de Luís Eduardo Magalhães - BA;2919553;BA;DCA-Anexo I-C;Padrão;Receitas Brutas Realizadas;RO1.3.0.0.00.0.0;1.3.0.0.00.0.0 - Receita Patrimonial;5131888,48;90162
2021;Prefeitura Municipal de Luís Eduardo Magalhães - BA;2919553;BA;DCA-Anexo I-C;Padrão;Receitas Brutas Realizadas;RO1.3.2.0.00.0.0;1.3.2.0.00.0.0 - Valores Mobiliários;1633888,48;90162
2021;Prefeitura Municipal de Luís Eduardo Magalhães - BA;2919553;BA;DCA-Anexo I-C;Padrão;Receitas Brutas Realizadas;RO1.3.2.1.00.0.0;1.3.2.1.00.0.0 - Juros e Correções Monetárias;1633888,48;90162
2021;Prefeitura Municipal de Luís Eduardo Magalhães - BA;2919553;BA;DCA-Anexo I-C;Padrão;Receitas Brutas Realizadas;RO1.3.2.1.00.1.0;1.3.2.1.00.1.0 - Remuneração de Depósitos Bancários;1633888,48;90162
2021;Prefeitura Municipal de Luís Eduardo Magalhães - BA;2919553;BA;DCA-Anexo I-C;Padrão;Receitas Brutas Realizadas;RO1.3.6.0.00.0.0;1.3.6.0.00.0.0 - Cessão de Direitos;3498000,00;90162
2021;Prefeitura Municipal de Luís Eduardo Magalhães - BA;2919553;BA;DCA-Anexo I-C;Padrão;Receitas Brutas Realizadas;RO1.3.6.0.01.0.0;1.3.6.0.01.0.0 - Cessão do Direito de Operacionalização de Pagamentos;3498000,00;90162
2021;Prefeitura Municipal de Luís Eduardo Magalhães - BA;2919553;BA;DCA-Anexo I-C;Padrão;Receitas Brutas Realizadas;RO1.3.6.0.01.1.0;1.3.6.0.01.1.0 - Cessão do Direito de Operacionalização de Pagamentos;3498000,00;90162
2021;Prefeitura Municipal de Luís Eduardo Magalhães - BA;2919553;BA;DCA-Anexo I-C;Padrão;Receitas Brutas Realizadas;RO1.7.0.0.00.0.0;1.7.0.0.00.0.0 - Transferências Correntes;378438990,44;90162
2021;Prefeitura Municipal de Luís Eduardo Magalhães - BA;2919553;BA;DCA-Anexo I-C;Padrão;Deduções - FUNDEB;RO1.7.0.0.00.0.0;1.7.0.0.00.0.0 - Transferências Correntes;48655316,75;90162
2021;Prefeitura Municipal de Luís Eduardo Magalhães - BA;2919553;BA;DCA-Anexo I-C;Padrão;Receitas Brutas Realizadas;RO1.7.1.0.00.0.0;1.7.1.0.00.0.0 - Transferências da União e de suas Entidades;113366915,20;90162
2021;Prefeitura Municipal de Luís Eduardo Magalhães - BA;2919553;BA;DCA-Anexo I-C;Padrão;Deduções - FUNDEB;RO1.7.1.0.00.0.0;1.7.1.0.00.0.0 - Transferências da União e de suas Entidades;11707040,75;90162
2021;Prefeitura Municipal de Luís Eduardo Magalhães - BA;2919553;BA;DCA-Anexo I-C;Padrão;Receitas Brutas Realizadas;RO1.7.1.8.00.0.0;1.7.1.8.00.0.0 - Transferências da União - Específicas de Estados, DF e Municípios;113366915,20;90162
2021;Prefeitura Municipal de Luís Eduardo Magalhães - BA;2919553;BA;DCA-Anexo I-C;Padrão;Deduções - FUNDEB;RO1.7.1.8.00.0.0;1.7.1.8.00.0.0 - Transferências da União - Específicas de Estados, DF e Municípios;11707040,75;90162
2021;Prefeitura Municipal de Luís Eduardo Magalhães - BA;2919553;BA;DCA-Anexo I-C;Padrão;Receitas Brutas Realizadas;RO1.7.1.8.01.0.0;1.7.1.8.01.0.0 - Participação na Receita da União;63079003,50;90162
2021;Prefeitura Municipal de Luís Eduardo Magalhães - BA;2919553;BA;DCA-Anexo I-C;Padrão;Deduções - FUNDEB;RO1.7.1.8.01.0.0;1.7.1.8.01.0.0 - Participação na Receita da União;11707040,75;90162
2021;Prefeitura Municipal de Luís Eduardo Magalhães - BA;2919553;BA;DCA-Anexo I-C;Padrão;Receitas Brutas Realizadas;RO1.7.1.8.01.2.0;1.7.1.8.01.2.0 - Cota-Parte do Fundo de Participação dos Municípios - Cota Mensal;55043359,61;90162
2021;Prefeitura Municipal de Luís Eduardo Magalhães - BA;2919553;BA;DCA-Anexo I-C;Padrão;Deduções - FUNDEB;RO1.7.1.8.01.2.0;1.7.1.8.01.2.0 - Cota-Parte do Fundo de Participação dos Municípios - Cota Mensal;11008671,66;90162
2021;Prefeitura Municipal de Luís Eduardo Magalhães - BA;2919553;BA;DCA-Anexo I-C;Padrão;Receitas Brutas Realizadas;RO1.7.1.8.01.3.0;1.7.1.8.01.3.0 - Cota-Parte do Fundo de Participação do Municípios ¿ 1% Cota entregue no mês de dezembro;2412617,65;90162
2021;Prefeitura Municipal de Luís Eduardo Magalhães - BA;2919553;BA;DCA-Anexo I-C;Padrão;Receitas Brutas Realizadas;RO1.7.1.8.01.4.0;1.7.1.8.01.4.0 - Cota-Parte do Fundo de Participação dos Municípios - 1% Cota entregue no mês de julho;2131180,06;90162
2021;Prefeitura Municipal de Luís Eduardo Magalhães - BA;2919553;BA;DCA-Anexo I-C;Padrão;Receitas Brutas Realizadas;RO1.7.1.8.01.5.0;1.7.1.8.01.5.0 - Cota-Parte do Imposto Sobre a Propriedade Territorial Rural;3491846,18;90162
2021;Prefeitura Municipal de Luís Eduardo Magalhães - BA;2919553;BA;DCA-Anexo I-C;Padrão;Deduções - FUNDEB;RO1.7.1.8.01.5.0;1.7.1.8.01.5.0 - Cota-Parte do Imposto Sobre a Propriedade Territorial Rural;698369,09;90162
2021;Prefeitura Municipal de Luís Eduardo Magalhães - BA;2919553;BA;DCA-Anexo I-C;Padrão;Receitas Brutas Realizadas;RO1.7.1.8.02.0.0;1.7.1.8.02.0.0 - Transferência da Compensação Financeira pela Exploração de Recursos Naturais;1064015,51;90162
2021;Prefeitura Municipal de Luís Eduardo Magalhães - BA;2919553;BA;DCA-Anexo I-C;Padrão;Receitas Brutas Realizadas;RO1.7.1.8.02.6.0;1.7.1.8.02.6.0 - Cota-Parte do Fundo Especial do Petróleo ¿ FEP;1064015,51;90162
2021;Prefeitura Municipal de Luís Eduardo Magalhães - BA;2919553;BA;DCA-Anexo I-C;Padrão;Receitas Brutas Realizadas;RO1.7.1.8.03.0.0;1.7.1.8.03.0.0 - Transferência de Recursos do Sistema Único de Saúde ¿ SUS ¿ Repasses Fundo a Fundo - Bloco de Manutenção das Ações e Serviços Públicos de Saúde;20804732,08;90162
2021;Prefeitura Municipal de Luís Eduardo Magalhães - BA;2919553;BA;DCA-Anexo I-C;Padrão;Receitas Brutas Realizadas;RO1.7.1.8.03.1.0;1.7.1.8.03.1.0 - Transferência de Recursos do SUS ¿ Atenção Primária;8351049,00;90162
2021;Prefeitura Municipal de Luís Eduardo Magalhães - BA;2919553;BA;DCA-Anexo I-C;Padrão;Receitas Brutas Realizadas;RO1.7.1.8.03.2.0;1.7.1.8.03.2.0 - Transferência de Recursos do SUS ¿ Atenção Especializada;9944228,32;90162
2021;Prefeitura Municipal de Luís Eduardo Magalhães - BA;2919553;BA;DCA-Anexo I-C;Padrão;Receitas Brutas Realizadas;RO1.7.1.8.03.3.0;1.7.1.8.03.3.0 - Transferência de Recursos do SUS ¿ Vigilância em Saúde;806619,58;90162
2021;Prefeitura Municipal de Luís Eduardo Magalhães - BA;2919553;BA;DCA-Anexo I-C;Padrão;Receitas Brutas Realizadas;RO1.7.1.8.03.4.0;1.7.1.8.03.4.0 - Transferência de Recursos do SUS ¿ Assistência Farmacêutica;516362,16;90162
2021;Prefeitura Municipal de Luís Eduardo Magalhães - BA;2919553;BA;DCA-Anexo I-C;Padrão;Receitas Brutas Realizadas;RO1.7.1.8.03.5.0;1.7.1.8.03.5.0 - Transferência de Recursos do SUS ¿ Gestão do SUS;13000,00;90162
2021;Prefeitura Municipal de Luís Eduardo Magalhães - BA;2919553;BA;DCA-Anexo I-C;Padrão;Receitas Brutas Realizadas;RO1.7.1.8.03.9.0;1.7.1.8.03.9.0 - Transferência de Recursos do SUS ¿ Outros Programas Financiados por Transferências Fundo a Fundo;1173473,02;90162
2021;Prefeitura Municipal de Luís Eduardo Magalhães - BA;2919553;BA;DCA-Anexo I-C;Padrão;Receitas Brutas Realizadas;RO1.7.1.8.05.0.0;1.7.1.8.05.0.0 - Transferências de Recursos do Fundo Nacional do Desenvolvimento da Educação ¿ FNDE;4468810,84;90162
2021;Prefeitura Municipal de Luís Eduardo Magalhães - BA;2919553;BA;DCA-Anexo I-C;Padrão;Receitas Brutas Realizadas;RO1.7.1.8.05.1.0;1.7.1.8.05.1.0 - Transferências do Salário-Educação;2448739,47;90162
2021;Prefeitura Municipal de Luís Eduardo Magalhães - BA;2919553;BA;DCA-Anexo I-C;Padrão;Receitas Brutas Realizadas;RO1.7.1.8.05.3.0;1.7.1.8.05.3.0 - Transferências Diretas do FNDE referentes ao Programa Nacional de Alimentação Escolar ¿ PNAE;1854774,00;90162
2021;Prefeitura Municipal de Luís Eduardo Magalhães - BA;2919553;BA;DCA-Anexo I-C;Padrão;Receitas Brutas Realizadas;RO1.7.1.8.05.4.0;1.7.1.8.05.4.0 - Transferências Diretas do FNDE referentes ao Programa Nacional de Apoio ao Transporte do Escolar ¿ PNATE;165297,37;90162
2021;Prefeitura Municipal de Luís Eduardo Magalhães - BA;2919553;BA;DCA-Anexo I-C;Padrão;Receitas Brutas Realizadas;RO1.7.1.8.09.0.0;1.7.1.8.09.0.0 - Transferências de Recursos de Complementação da União ao Fundo de Manutenção e Desenvolvimento da Educação Básica e de Valorização dos Profissionais da Educação ¿ FUNDEB;22474340,95;90162
2021;Prefeitura Municipal de Luís Eduardo Magalhães - BA;2919553;BA;DCA-Anexo I-C;Padrão;Receitas Brutas Realizadas;RO1.7.1.8.12.0.0;1.7.1.8.12.0.0 - Transferências de Recursos do Fundo Nacional de Assistência Social ¿ FNAS;605291,19;90162
2021;Prefeitura Municipal de Luís Eduardo Magalhães - BA;2919553;BA;DCA-Anexo I-C;Padrão;Receitas Brutas Realizadas;RO1.7.1.8.99.0.0;1.7.1.8.99.0.0 - Outras Transferências da União;870721,13;90162
2021;Prefeitura Municipal de Luís Eduardo Magalhães - BA;2919553;BA;DCA-Anexo I-C;Padrão;Receitas Brutas Realizadas;RO1.7.2.0.00.0.0;1.7.2.0.00.0.0 - Transferências dos Estados e do Distrito Federal e de suas Entidades;188074164,56;90162
2021;Prefeitura Municipal de Luís Eduardo Magalhães - BA;2919553;BA;DCA-Anexo I-C;Padrão;Deduções - FUNDEB;RO1.7.2.0.00.0.0;1.7.2.0.00.0.0 - Transferências dos Estados e do Distrito Federal e de suas Entidades;36948276,00;90162
2021;Prefeitura Municipal de Luís Eduardo Magalhães - BA;2919553;BA;DCA-Anexo I-C;Padrão;Receitas Brutas Realizadas;RO1.7.2.8.00.0.0;1.7.2.8.00.0.0 - Transferências dos Estados - Específicas de Estados, DF e Municípios;188074164,56;90162
2021;Prefeitura Municipal de Luís Eduardo Magalhães - BA;2919553;BA;DCA-Anexo I-C;Padrão;Deduções - FUNDEB;RO1.7.2.8.00.0.0;1.7.2.8.00.0.0 - Transferências dos Estados - Específicas de Estados, DF e Municípios;36948276,00;90162
2021;Prefeitura Municipal de Luís Eduardo Magalhães - BA;2919553;BA;DCA-Anexo I-C;Padrão;Receitas Brutas Realizadas;RO1.7.2.8.01.0.0;1.7.2.8.01.0.0 - Participação na Receita dos Estados;186017909,30;90162
2021;Prefeitura Municipal de Luís Eduardo Magalhães - BA;2919553;BA;DCA-Anexo I-C;Padrão;Deduções - FUNDEB;RO1.7.2.8.01.0.0;1.7.2.8.01.0.0 - Participação na Receita dos Estados;36948276,00;90162
2021;Prefeitura Municipal de Luís Eduardo Magalhães - BA;2919553;BA;DCA-Anexo I-C;Padrão;Receitas Brutas Realizadas;RO1.7.2.8.01.1.0;1.7.2.8.01.1.0 - Cota-Parte do ICMS;166700364,62;90162
2021;Prefeitura Municipal de Luís Eduardo Magalhães - BA;2919553;BA;DCA-Anexo I-C;Padrão;Deduções - FUNDEB;RO1.7.2.8.01.1.0;1.7.2.8.01.1.0 - Cota-Parte do ICMS;33340072,69;90162
2021;Prefeitura Municipal de Luís Eduardo Magalhães - BA;2919553;BA;DCA-Anexo I-C;Padrão;Receitas Brutas Realizadas;RO1.7.2.8.01.2.0;1.7.2.8.01.2.0 - Cota-Parte do IPVA;18041021,01;90162
2021;Prefeitura Municipal de Luís Eduardo Magalhães - BA;2919553;BA;DCA-Anexo I-C;Padrão;Deduções - FUNDEB;RO1.7.2.8.01.2.0;1.7.2.8.01.2.0 - Cota-Parte do IPVA;3608203,31;90162
2021;Prefeitura Municipal de Luís Eduardo Magalhães - BA;2919553;BA;DCA-Anexo I-C;Padrão;Receitas Brutas Realizadas;RO1.7.2.8.01.3.0;1.7.2.8.01.3.0 - Cota-Parte do IPI - Municípios;1239051,22;90162
2021;Prefeitura Municipal de Luís Eduardo Magalhães - BA;2919553;BA;DCA-Anexo I-C;Padrão;Receitas Brutas Realizadas;RO1.7.2.8.01.4.0;1.7.2.8.01.4.0 - Cota-Parte da Contribuição de Intervenção no Domínio Econômico;37472,45;90162
2021;Prefeitura Municipal de Luís Eduardo Magalhães - BA;2919553;BA;DCA-Anexo I-C;Padrão;Receitas Brutas Realizadas;RO1.7.2.8.03.0.0;1.7.2.8.03.0.0 - Transferência de Recursos do Estado para Programas de Saúde ¿ Repasse Fundo a Fundo;1873615,26;90162
2021;Prefeitura Municipal de Luís Eduardo Magalhães - BA;2919553;BA;DCA-Anexo I-C;Padrão;Receitas Brutas Realizadas;RO1.7.2.8.07.0.0;1.7.2.8.07.0.0 - Transferências de Estados destinadas à Assistência Social;182640,00;90162
2021;Prefeitura Municipal de Luís Eduardo Magalhães - BA;2919553;BA;DCA-Anexo I-C;Padrão;Receitas Brutas Realizadas;RO1.7.4.0.00.0.0;1.7.4.0.00.0.0 - Transferências de Instituições Privadas;10000,00;90162
2021;Prefeitura Municipal de Luís Eduardo Magalhães - BA;2919553;BA;DCA-Anexo I-C;Padrão;Receitas Brutas Realizadas;RO1.7.4.1.01.0.0;1.7.4.1.01.0.0 - Outras Transferências de Instituições Privadas;10000,00;90162
2021;Prefeitura Municipal de Luís Eduardo Magalhães - BA;2919553;BA;DCA-Anexo I-C;Padrão;Receitas Brutas Realizadas;RO1.7.5.0.00.0.0;1.7.5.0.00.0.0 - Transferências de Outras Instituições Públicas;76987910,68;90162
2021;Prefeitura Municipal de Luís Eduardo Magalhães - BA;2919553;BA;DCA-Anexo I-C;Padrão;Receitas Brutas Realizadas;RO1.7.5.8.00.0.0;1.7.5.8.00.0.0 - Transferências de Outras Instituições Públicas - Específicas de Estados, DF e Municípios;76987910,68;90162
2021;Prefeitura Municipal de Luís Eduardo Magalhães - BA;2919553;BA;DCA-Anexo I-C;Padrão;Receitas Brutas Realizadas;RO1.7.5.8.01.0.0;1.7.5.8.01.0.0 - Transferências de Recursos do Fundo de Manutenção e Desenvolvimento da Educação Básica e de Valorização dos Profissionais da Educação ¿ FUNDEB;76987910,68;90162
2021;Prefeitura Municipal de Luís Eduardo Magalhães - BA;2919553;BA;DCA-Anexo I-C;Padrão;Receitas Brutas Realizadas;RO1.9.0.0.00.0.0;1.9.0.0.00.0.0 - Outras Receitas Correntes;1032508,91;90162
2021;Prefeitura Municipal de Luís Eduardo Magalhães - BA;2919553;BA;DCA-Anexo I-C;Padrão;Receitas Brutas Realizadas;RO1.9.1.0.00.0.0;1.9.1.0.00.0.0 - Multas Administrativas, Contratuais e Judiciais;728463,33;90162
2021;Prefeitura Municipal de Luís Eduardo Magalhães - BA;2919553;BA;DCA-Anexo I-C;Padrão;Receitas Brutas Realizadas;RO1.9.1.0.01.0.0;1.9.1.0.01.0.0 - Multas Previstas em Legislação Específica;721273,33;90162
2021;Prefeitura Municipal de Luís Eduardo Magalhães - BA;2919553;BA;DCA-Anexo I-C;Padrão;Receitas Brutas Realizadas;RO1.9.1.0.07.0.0;1.9.1.0.07.0.0 - Multas Aplicadas pelos Tribunais de Contas;7190,00;90162
2021;Prefeitura Municipal de Luís Eduardo Magalhães - BA;2919553;BA;DCA-Anexo I-C;Padrão;Receitas Brutas Realizadas;RO1.9.2.0.00.0.0;1.9.2.0.00.0.0 - Indenizações, Restituições e Ressarcimentos;302116,99;90162
2021;Prefeitura Municipal de Luís Eduardo Magalhães - BA;2919553;BA;DCA-Anexo I-C;Padrão;Receitas Brutas Realizadas;RO1.9.2.1.00.0.0;1.9.2.1.00.0.0 - Indenizações;53521,00;90162
2021;Prefeitura Municipal de Luís Eduardo Magalhães - BA;2919553;BA;DCA-Anexo I-C;Padrão;Receitas Brutas Realizadas;RO1.9.2.1.03.0.0;1.9.2.1.03.0.0 - Indenização por Sinistro;53521,00;90162
2021;Prefeitura Municipal de Luís Eduardo Magalhães - BA;2919553;BA;DCA-Anexo I-C;Padrão;Receitas Brutas Realizadas;RO1.9.2.2.00.0.0;1.9.2.2.00.0.0 - Restituições;248595,99;90162
2021;Prefeitura Municipal de Luís Eduardo Magalhães - BA;2919553;BA;DCA-Anexo I-C;Padrão;Receitas Brutas Realizadas;RO1.9.2.2.99.0.0;1.9.2.2.99.0.0 - Outras Restituições;248595,99;90162
2021;Prefeitura Municipal de Luís Eduardo Magalhães - BA;2919553;BA;DCA-Anexo I-C;Padrão;Receitas Brutas Realizadas;RO1.9.9.0.00.0.0;1.9.9.0.00.0.0 - Demais Receitas Correntes;1928,59;90162
2021;Prefeitura Municipal de Luís Eduardo Magalhães - BA;2919553;BA;DCA-Anexo I-C;Padrão;Receitas Brutas Realizadas;RO1.9.9.0.99.0.0;1.9.9.0.99.0.0 - Outras Receitas;1928,59;90162
2021;Prefeitura Municipal de Luís Eduardo Magalhães - BA;2919553;BA;DCA-Anexo I-C;Padrão;Receitas Brutas Realizadas;RO1.9.9.0.99.1.0;1.9.9.0.99.1.0 - Outras Receitas - Primárias;1928,59;90162
2021;Prefeitura Municipal de Luís Eduardo Magalhães - BA;2919553;BA;DCA-Anexo I-C;Padrão;Receitas Brutas Realizadas;RO2.0.0.0.00.0.0;2.0.0.0.00.0.0 - Receitas de Capital;33960923,32;90162
2021;Prefeitura Municipal de Luís Eduardo Magalhães - BA;2919553;BA;DCA-Anexo I-C;Padrão;Receitas Brutas Realizadas;RO2.1.0.0.00.0.0;2.1.0.0.00.0.0 - Operações de Crédito;32029786,65;90162
2021;Prefeitura Municipal de Luís Eduardo Magalhães - BA;2919553;BA;DCA-Anexo I-C;Padrão;Receitas Brutas Realizadas;RO2.1.1.0.00.0.0;2.1.1.0.00.0.0 - Operações de Crédito - Mercado Interno;32029786,65;90162
2021;Prefeitura Municipal de Luís Eduardo Magalhães - BA;2919553;BA;DCA-Anexo I-C;Padrão;Receitas Brutas Realizadas;RO2.1.1.2.00.0.0;2.1.1.2.00.0.0 - Operações de Crédito Contratuais - Mercado Interno;32029786,65;90162
2021;Prefeitura Municipal de Luís Eduardo Magalhães - BA;2919553;BA;DCA-Anexo I-C;Padrão;Receitas Brutas Realizadas;RO2.2.0.0.00.0.0;2.2.0.0.00.0.0 - Alienação de Bens;1369000,00;90162
2021;Prefeitura Municipal de Luís Eduardo Magalhães - BA;2919553;BA;DCA-Anexo I-C;Padrão;Receitas Brutas Realizadas;RO2.2.1.0.00.0.0;2.2.1.0.00.0.0 - Alienação de Bens Móveis;1369000,00;90162
2021;Prefeitura Municipal de Luís Eduardo Magalhães - BA;2919553;BA;DCA-Anexo I-C;Padrão;Receitas Brutas Realizadas;RO2.2.1.3.00.0.0;2.2.1.3.00.0.0 - Alienação de Bens Móveis e Semoventes;1369000,00;90162
2021;Prefeitura Municipal de Luís Eduardo Magalhães - BA;2919553;BA;DCA-Anexo I-C;Padrão;Receitas Brutas Realizadas;RO2.4.0.0.00.0.0;2.4.0.0.00.0.0 - Transferências de Capital;540975,47;90162
2021;Prefeitura Municipal de Luís Eduardo Magalhães - BA;2919553;BA;DCA-Anexo I-C;Padrão;Receitas Brutas Realizadas;RO2.4.1.0.00.0.0;2.4.1.0.00.0.0 - Transferências da União e de suas Entidades;540975,47;90162
2021;Prefeitura Municipal de Luís Eduardo Magalhães - BA;2919553;BA;DCA-Anexo I-C;Padrão;Receitas Brutas Realizadas;RO2.4.1.8.00.0.0;2.4.1.8.00.0.0 - Transferências da União - Específicas de Estados, DF e Municípios;540975,47;90162
2021;Prefeitura Municipal de Luís Eduardo Magalhães - BA;2919553;BA;DCA-Anexo I-C;Padrão;Receitas Brutas Realizadas;RO2.4.1.8.10.0.0;2.4.1.8.10.0.0 - Transferência de Convênios da União e de suas Entidades;506994,81;90162
2021;Prefeitura Municipal de Luís Eduardo Magalhães - BA;2919553;BA;DCA-Anexo I-C;Padrão;Receitas Brutas Realizadas;RO2.4.1.8.10.5.0;2.4.1.8.10.5.0 - Transferências de Convênios da União destinadas a Programas de Saneamento Básico;220866,81;90162
2021;Prefeitura Municipal de Luís Eduardo Magalhães - BA;2919553;BA;DCA-Anexo I-C;Padrão;Receitas Brutas Realizadas;RO2.4.1.8.10.9.0;2.4.1.8.10.9.0 - Outras Transferências de Convênios da União;286128,00;90162
2021;Prefeitura Municipal de Luís Eduardo Magalhães - BA;2919553;BA;DCA-Anexo I-C;Padrão;Receitas Brutas Realizadas;RO2.4.1.8.99.0.0;2.4.1.8.99.0.0 - Outras Transferências da União;33980,66;90162
2021;Prefeitura Municipal de Luís Eduardo Magalhães - BA;2919553;BA;DCA-Anexo I-C;Padrão;Receitas Brutas Realizadas;RO2.9.0.0.00.0.0;2.9.0.0.00.0.0 - Outras Receitas de Capital;21161,20;90162
2021;Prefeitura Municipal de Luís Eduardo Magalhães - BA;2919553;BA;DCA-Anexo I-C;Padrão;Receitas Brutas Realizadas;RO2.9.9.0.00.0.0;2.9.9.0.00.0.0 - Demais Receitas de Capital;21161,20;90162
2021;Prefeitura Municipal de Luís Eduardo Magalhães - BA;2919553;BA;DCA-Anexo I-C;Padrão;Receitas Brutas Realizadas;RO2.9.9.0.00.1.0;2.9.9.0.00.1.0 - Demais Receitas de Capital;21161,20;90162
2021;Prefeitura Municipal de Luís Eduardo Magalhães - BA;2919553;BA;DCA-Anexo I-C;Padrão;Receitas Brutas Realizadas;TotalReceitas;TOTAL DAS RECEITAS (III) = (I + II);542926755,84;90162
2021;Prefeitura Municipal de Luís Eduardo Magalhães - BA;2919553;BA;DCA-Anexo I-C;Padrão;Deduções - FUNDEB;TotalReceitas;TOTAL DAS RECEITAS (III) = (I + II);48655316,75;90162
2022;Prefeitura Municipal de Luís Eduardo Magalhães - BA;2919553;BA;DCA-Anexo I-C;Padrão;Receitas Brutas Realizadas;ReceitasExcetoIntraOrcamentarias;RECEITAS (EXCETO INTRA-ORÇAMENTÁRIAS) (I);675812464,98;92671
2022;Prefeitura Municipal de Luís Eduardo Magalhães - BA;2919553;BA;DCA-Anexo I-C;Padrão;Deduções - FUNDEB;ReceitasExcetoIntraOrcamentarias;RECEITAS (EXCETO INTRA-ORÇAMENTÁRIAS) (I);62706200,13;92671
2022;Prefeitura Municipal de Luís Eduardo Magalhães - BA;2919553;BA;DCA-Anexo I-C;Padrão;Receitas Brutas Realizadas;RO1.0.0.0.00.0.0;1.0.0.0.00.0.0 - Receitas Correntes;665845110,47;92671
2022;Prefeitura Municipal de Luís Eduardo Magalhães - BA;2919553;BA;DCA-Anexo I-C;Padrão;Deduções - FUNDEB;RO1.0.0.0.00.0.0;1.0.0.0.00.0.0 - Receitas Correntes;62706200,13;92671
2022;Prefeitura Municipal de Luís Eduardo Magalhães - BA;2919553;BA;DCA-Anexo I-C;Padrão;Receitas Brutas Realizadas;RO1.1.0.0.00.0.0;1.1.0.0.00.0.0 - Impostos, Taxas e Contribuições de Melhoria;162951416,96;92671
2022;Prefeitura Municipal de Luís Eduardo Magalhães - BA;2919553;BA;DCA-Anexo I-C;Padrão;Receitas Brutas Realizadas;RO1.1.1.0.00.0.0;1.1.1.0.00.0.0 - Impostos;143540724,90;92671
2022;Prefeitura Municipal de Luís Eduardo Magalhães - BA;2919553;BA;DCA-Anexo I-C;Padrão;Receitas Brutas Realizadas;RO1.1.1.2.00.0.0;1.1.1.2.00.0.0 - Impostos sobre o Patrimônio;55719401,30;92671
2022;Prefeitura Municipal de Luís Eduardo Magalhães - BA;2919553;BA;DCA-Anexo I-C;Padrão;Receitas Brutas Realizadas;RO1.1.1.2.50.0.0;1.1.1.2.50.0.0 - Imposto sobre a Propriedade Predial e Territorial Urbana;35982088,22;92671
2022;Prefeitura Municipal de Luís Eduardo Magalhães - BA;2919553;BA;DCA-Anexo I-C;Padrão;Receitas Brutas Realizadas;RO1.1.1.2.53.0.0;"1.1.1.2.53.0.0 - Impostos sobre Transmissão ""Inter Vivos"" de Bens Imóveis e de Direitos Reais sobre Imóveis";19737313,08;92671
2022;Prefeitura Municipal de Luís Eduardo Magalhães - BA;2919553;BA;DCA-Anexo I-C;Padrão;Receitas Brutas Realizadas;RO1.1.1.3.00.0.0;1.1.1.3.00.0.0 - Impostos sobre a Renda e Proventos de Qualquer Natureza;25246555,62;92671
2022;Prefeitura Municipal de Luís Eduardo Magalhães - BA;2919553;BA;DCA-Anexo I-C;Padrão;Receitas Brutas Realizadas;RO1.1.1.3.03.0.0;1.1.1.3.03.0.0 - Imposto sobre a Renda - Retido na Fonte;25246555,62;92671
2022;Prefeitura Municipal de Luís Eduardo Magalhães - BA;2919553;BA;DCA-Anexo I-C;Padrão;Receitas Brutas Realizadas;RO1.1.1.3.03.1.0;1.1.1.3.03.1.0 - Imposto sobre a Renda - Retido na Fonte - Trabalho;4098659,06;92671
2022;Prefeitura Municipal de Luís Eduardo Magalhães - BA;2919553;BA;DCA-Anexo I-C;Padrão;Receitas Brutas Realizadas;RO1.1.1.3.03.4.0;1.1.1.3.03.4.0 - Imposto sobre a Renda - Retido na Fonte - Outros Rendimentos;21147896,56;92671
2022;Prefeitura Municipal de Luís Eduardo Magalhães - BA;2919553;BA;DCA-Anexo I-C;Padrão;Receitas Brutas Realizadas;RO1.1.1.4.00.0.0;1.1.1.4.00.0.0 - Impostos sobre a Produção e Circulação de Mercadorias e Serviços;62574767,98;92671
2022;Prefeitura Municipal de Luís Eduardo Magalhães - BA;2919553;BA;DCA-Anexo I-C;Padrão;Receitas Brutas Realizadas;RO1.1.1.4.51.0.0;1.1.1.4.51.0.0 - Impostos sobre Serviços;62574767,98;92671
2022;Prefeitura Municipal de Luís Eduardo Magalhães - BA;2919553;BA;DCA-Anexo I-C;Padrão;Receitas Brutas Realizadas;RO1.1.1.4.51.1.0;1.1.1.4.51.1.0 - Imposto sobre Serviços de Qualquer Natureza - ISSQN;62574767,98;92671
2022;Prefeitura Municipal de Luís Eduardo Magalhães - BA;2919553;BA;DCA-Anexo I-C;Padrão;Receitas Brutas Realizadas;RO1.1.2.0.00.0.0;1.1.2.0.00.0.0 - Taxas;19369109,09;92671
2022;Prefeitura Municipal de Luís Eduardo Magalhães - BA;2919553;BA;DCA-Anexo I-C;Padrão;Receitas Brutas Realizadas;RO1.1.2.1.00.0.0;1.1.2.1.00.0.0 - Taxas pelo Exercício do Poder de Polícia;16020303,83;92671
2022;Prefeitura Municipal de Luís Eduardo Magalhães - BA;2919553;BA;DCA-Anexo I-C;Padrão;Receitas Brutas Realizadas;RO1.1.2.1.01.0.0;1.1.2.1.01.0.0 - Taxas de Inspeção, Controle e Fiscalização;15383848,78;92671
2022;Prefeitura Municipal de Luís Eduardo Magalhães - BA;2919553;BA;DCA-Anexo I-C;Padrão;Receitas Brutas Realizadas;RO1.1.2.1.02.0.0;1.1.2.1.02.0.0 - Taxas de Fiscalização das Telecomunicações;85,88;92671
2022;Prefeitura Municipal de Luís Eduardo Magalhães - BA;2919553;BA;DCA-Anexo I-C;Padrão;Receitas Brutas Realizadas;RO1.1.2.1.02.1.0;1.1.2.1.02.1.0 - Taxa de Fiscalização de Instalação - TFI - Não Proveniente da Utilização de Posições Orbitais;85,88;92671
2022;Prefeitura Municipal de Luís Eduardo Magalhães - BA;2919553;BA;DCA-Anexo I-C;Padrão;Receitas Brutas Realizadas;RO1.1.2.1.04.0.0;1.1.2.1.04.0.0 - Taxa de Controle e Fiscalização Ambiental;190261,33;92671
2022;Prefeitura Municipal de Luís Eduardo Magalhães - BA;2919553;BA;DCA-Anexo I-C;Padrão;Receitas Brutas Realizadas;RO1.1.2.1.50.0.0;1.1.2.1.50.0.0 - Taxa de Fiscalização de Vigilância Sanitária;446107,84;92671
2022;Prefeitura Municipal de Luís Eduardo Magalhães - BA;2919553;BA;DCA-Anexo I-C;Padrão;Receitas Brutas Realizadas;RO1.1.2.2.00.0.0;1.1.2.2.00.0.0 - Taxas pela Prestação de Serviços;3348805,26;92671
2022;Prefeitura Municipal de Luís Eduardo Magalhães - BA;2919553;BA;DCA-Anexo I-C;Padrão;Receitas Brutas Realizadas;RO1.1.2.2.01.0.0;1.1.2.2.01.0.0 - Taxas pela Prestação de Serviços;3348805,26;92671
2022;Prefeitura Municipal de Luís Eduardo Magalhães - BA;2919553;BA;DCA-Anexo I-C;Padrão;Receitas Brutas Realizadas;RO1.1.3.0.00.0.0;1.1.3.0.00.0.0 - Contribuição de Melhoria;41582,97;92671
2022;Prefeitura Municipal de Luís Eduardo Magalhães - BA;2919553;BA;DCA-Anexo I-C;Padrão;Receitas Brutas Realizadas;RO1.1.3.1.00.0.0;1.1.3.1.00.0.0 - Contribuição de Melhoria;41582,97;92671
2022;Prefeitura Municipal de Luís Eduardo Magalhães - BA;2919553;BA;DCA-Anexo I-C;Padrão;Receitas Brutas Realizadas;RO1.1.3.1.53.0.0;1.1.3.1.53.0.0 - Contribuição de Melhoria para Pavimentação e Obras Complementares;41582,97;92671
2022;Prefeitura Municipal de Luís Eduardo Magalhães - BA;2919553;BA;DCA-Anexo I-C;Padrão;Receitas Brutas Realizadas;RO1.2.0.0.00.0.0;1.2.0.0.00.0.0 - Contribuições;9864568,30;92671
2022;Prefeitura Municipal de Luís Eduardo Magalhães - BA;2919553;BA;DCA-Anexo I-C;Padrão;Receitas Brutas Realizadas;RO1.2.4.0.00.0.0;1.2.4.0.00.0.0 - Contribuição para o Custeio do Serviço de Iluminação Pública;9864568,30;92671
2022;Prefeitura Municipal de Luís Eduardo Magalhães - BA;2919553;BA;DCA-Anexo I-C;Padrão;Receitas Brutas Realizadas;RO1.3.0.0.00.0.0;1.3.0.0.00.0.0 - Receita Patrimonial;19892415,77;92671
2022;Prefeitura Municipal de Luís Eduardo Magalhães - BA;2919553;BA;DCA-Anexo I-C;Padrão;Receitas Brutas Realizadas;RO1.3.2.0.00.0.0;1.3.2.0.00.0.0 - Valores Mobiliários;4321026,01;92671
2022;Prefeitura Municipal de Luís Eduardo Magalhães - BA;2919553;BA;DCA-Anexo I-C;Padrão;Receitas Brutas Realizadas;RO1.3.2.1.00.0.0;1.3.2.1.00.0.0 - Juros e Correções Monetárias;4321026,01;92671
2022;Prefeitura Municipal de Luís Eduardo Magalhães - BA;2919553;BA;DCA-Anexo I-C;Padrão;Receitas Brutas Realizadas;RO1.3.2.1.01.0.0;1.3.2.1.01.0.0 - Remuneração de Depósitos Bancários;4321026,01;92671
2022;Prefeitura Municipal de Luís Eduardo Magalhães - BA;2919553;BA;DCA-Anexo I-C;Padrão;Receitas Brutas Realizadas;RO1.3.3.0.00.0.0;1.3.3.0.00.0.0 - Delegação de Serviços Públicos Mediante Concessão, Permissão, Autorização ou Licença;15571389,76;92671
2022;Prefeitura Municipal de Luís Eduardo Magalhães - BA;2919553;BA;DCA-Anexo I-C;Padrão;Receitas Brutas Realizadas;RO1.3.3.9.00.0.0;1.3.3.9.00.0.0 - Demais Delegações de Serviços Públicos;15571389,76;92671
2022;Prefeitura Municipal de Luís Eduardo Magalhães - BA;2919553;BA;DCA-Anexo I-C;Padrão;Receitas Brutas Realizadas;RO1.7.0.0.00.0.0;1.7.0.0.00.0.0 - Transferências Correntes;471050211,38;92671
2022;Prefeitura Municipal de Luís Eduardo Magalhães - BA;2919553;BA;DCA-Anexo I-C;Padrão;Deduções - FUNDEB;RO1.7.0.0.00.0.0;1.7.0.0.00.0.0 - Transferências Correntes;62706200,13;92671
2022;Prefeitura Municipal de Luís Eduardo Magalhães - BA;2919553;BA;DCA-Anexo I-C;Padrão;Receitas Brutas Realizadas;RO1.7.1.0.00.0.0;1.7.1.0.00.0.0 - Transferências da União e de suas Entidades;153247105,86;92671
2022;Prefeitura Municipal de Luís Eduardo Magalhães - BA;2919553;BA;DCA-Anexo I-C;Padrão;Deduções - FUNDEB;RO1.7.1.0.00.0.0;1.7.1.0.00.0.0 - Transferências da União e de suas Entidades;15749292,87;92671
2022;Prefeitura Municipal de Luís Eduardo Magalhães - BA;2919553;BA;DCA-Anexo I-C;Padrão;Receitas Brutas Realizadas;RO1.7.1.1.00.0.0;1.7.1.1.00.0.0 - Transferências Decorrentes de Participação na Receita da União;85546569,52;92671
2022;Prefeitura Municipal de Luís Eduardo Magalhães - BA;2919553;BA;DCA-Anexo I-C;Padrão;Deduções - FUNDEB;RO1.7.1.1.00.0.0;1.7.1.1.00.0.0 - Transferências Decorrentes de Participação na Receita da União;15749292,87;92671
2022;Prefeitura Municipal de Luís Eduardo Magalhães - BA;2919553;BA;DCA-Anexo I-C;Padrão;Receitas Brutas Realizadas;RO1.7.1.1.51.0.0;1.7.1.1.51.0.0 -Cota-Parte do Fundo de Participação dos Municípios - FPM;80352628,18;92671
2022;Prefeitura Municipal de Luís Eduardo Magalhães - BA;2919553;BA;DCA-Anexo I-C;Padrão;Deduções - FUNDEB;RO1.7.1.1.51.0.0;1.7.1.1.51.0.0 -Cota-Parte do Fundo de Participação dos Municípios - FPM;14710504,74;92671
2022;Prefeitura Municipal de Luís Eduardo Magalhães - BA;2919553;BA;DCA-Anexo I-C;Padrão;Receitas Brutas Realizadas;RO1.7.1.1.51.1.0;1.7.1.1.51.1.0 - Cota-Parte do Fundo de Participação dos Municípios - Cota Mensal;73552525,21;92671
2022;Prefeitura Municipal de Luís Eduardo Magalhães - BA;2919553;BA;DCA-Anexo I-C;Padrão;Deduções - FUNDEB;RO1.7.1.1.51.1.0;1.7.1.1.51.1.0 - Cota-Parte do Fundo de Participação dos Municípios - Cota Mensal;14710504,74;92671
2022;Prefeitura Municipal de Luís Eduardo Magalhães - BA;2919553;BA;DCA-Anexo I-C;Padrão;Receitas Brutas Realizadas;RO1.7.1.1.51.2.0;1.7.1.1.51.2.0 - Cota-Parte do Fundo de Participação do Municípios ¿ 1% Cota entregue no mês de dezembro;3227324,12;92671
2022;Prefeitura Municipal de Luís Eduardo Magalhães - BA;2919553;BA;DCA-Anexo I-C;Padrão;Receitas Brutas Realizadas;RO1.7.1.1.51.3.0;1.7.1.1.51.3.0 - Cota-Parte do Fundo de Participação dos Municípios - 1% Cota entregue no mês de julho;3572778,85;92671
2022;Prefeitura Municipal de Luís Eduardo Magalhães - BA;2919553;BA;DCA-Anexo I-C;Padrão;Receitas Brutas Realizadas;RO1.7.1.1.52.0.0;1.7.1.1.52.0.0 - Cota-Parte do Imposto Sobre a Propriedade Territorial Rural;5193941,34;92671
2022;Prefeitura Municipal de Luís Eduardo Magalhães - BA;2919553;BA;DCA-Anexo I-C;Padrão;Deduções - FUNDEB;RO1.7.1.1.52.0.0;1.7.1.1.52.0.0 - Cota-Parte do Imposto Sobre a Propriedade Territorial Rural;1038788,13;92671
2022;Prefeitura Municipal de Luís Eduardo Magalhães - BA;2919553;BA;DCA-Anexo I-C;Padrão;Receitas Brutas Realizadas;RO1.7.1.2.00.0.0;1.7.1.2.00.0.0 -Transferências das Compensações Financeiras pela Exploração de Recursos Naturais;1780534,24;92671
2022;Prefeitura Municipal de Luís Eduardo Magalhães - BA;2919553;BA;DCA-Anexo I-C;Padrão;Receitas Brutas Realizadas;RO1.7.1.2.52.0.0;1.7.1.2.52.0.0 - Cota-parte da Compensação Financeira pela Produção de Petróleo;1780534,24;92671
2022;Prefeitura Municipal de Luís Eduardo Magalhães - BA;2919553;BA;DCA-Anexo I-C;Padrão;Receitas Brutas Realizadas;RO1.7.1.2.52.4.0;1.7.1.2.52.4.0 - Cota-Parte do Fundo Especial do Petróleo ¿ FEP;1780534,24;92671
2022;Prefeitura Municipal de Luís Eduardo Magalhães - BA;2919553;BA;DCA-Anexo I-C;Padrão;Receitas Brutas Realizadas;RO1.7.1.3.00.0.0;1.7.1.3.00.0.0 -Transferências de Recursos do Sistema Único de Saúde ¿ SUS ;23875840,64;92671
2022;Prefeitura Municipal de Luís Eduardo Magalhães - BA;2919553;BA;DCA-Anexo I-C;Padrão;Receitas Brutas Realizadas;RO1.7.1.3.50.0.0;1.7.1.3.50.0.0 - Transferências de Recursos do Sistema Único de Saúde ¿ SUS ¿ Repasses Fundo a Fundo - Bloco de Manutenção das Ações e Serviços Públicos de Saúde;23875840,64;92671
2022;Prefeitura Municipal de Luís Eduardo Magalhães - BA;2919553;BA;DCA-Anexo I-C;Padrão;Receitas Brutas Realizadas;RO1.7.1.3.50.1.0;1.7.1.3.50.1.0 - Transferências de Recursos do Bloco de Manutenção das Ações e Serviços Públicos de Saúde ¿ Atenção Primária;10750109,97;92671
2022;Prefeitura Municipal de Luís Eduardo Magalhães - BA;2919553;BA;DCA-Anexo I-C;Padrão;Receitas Brutas Realizadas;RO1.7.1.3.50.2.0;1.7.1.3.50.2.0 - Transferências de Recursos do Bloco de Manutenção das Ações e Serviços Públicos de Saúde ¿ Atenção Especializada;12476467,07;92671
2022;Prefeitura Municipal de Luís Eduardo Magalhães - BA;2919553;BA;DCA-Anexo I-C;Padrão;Receitas Brutas Realizadas;RO1.7.1.3.50.4.0;1.7.1.3.50.4.0 -Transferências de Recursos do Bloco de Manutenção das Ações e Serviços Públicos de Saúde ¿ Assistência Farmacêutica;605631,60;92671
2022;Prefeitura Municipal de Luís Eduardo Magalhães - BA;2919553;BA;DCA-Anexo I-C;Padrão;Receitas Brutas Realizadas;RO1.7.1.3.50.9.0;1.7.1.3.50.9.0 - Transferências de Recursos do Bloco de Manutenção das Ações e Serviços Públicos de Saúde ¿ Outros Programas;43632,00;92671
2022;Prefeitura Municipal de Luís Eduardo Magalhães - BA;2919553;BA;DCA-Anexo I-C;Padrão;Receitas Brutas Realizadas;RO1.7.1.4.00.0.0;1.7.1.4.00.0.0 -Transferências de Recursos do Fundo Nacional do Desenvolvimento da Educação ¿ FNDE¿ ;4433221,07;92671
2022;Prefeitura Municipal de Luís Eduardo Magalhães - BA;2919553;BA;DCA-Anexo I-C;Padrão;Receitas Brutas Realizadas;RO1.7.1.4.50.0.0;1.7.1.4.50.0.0 - Transferências do Salário-Educação;2584164,43;92671
2022;Prefeitura Municipal de Luís Eduardo Magalhães - BA;2919553;BA;DCA-Anexo I-C;Padrão;Receitas Brutas Realizadas;RO1.7.1.4.52.0.0;1.7.1.4.52.0.0 - Transferências referentes ao Programa Nacional de Alimentação Escolar ¿ PNAE;1802006,00;92671
2022;Prefeitura Municipal de Luís Eduardo Magalhães - BA;2919553;BA;DCA-Anexo I-C;Padrão;Receitas Brutas Realizadas;RO1.7.1.4.53.0.0;1.7.1.4.53.0.0 - Transferências referentes ao Programa Nacional de Apoio ao Transporte do Escolar ¿ PNATE;47050,64;92671
2022;Prefeitura Municipal de Luís Eduardo Magalhães - BA;2919553;BA;DCA-Anexo I-C;Padrão;Receitas Brutas Realizadas;RO1.7.1.5.00.0.0;1.7.1.5.00.0.0 - Transferências de Recursos de Complementação da União ao Fundo de Manutenção e Desenvolvimento da Educação Básica e de Valorização dos Profissionais da Educação ¿ FUNDEB ;32083876,10;92671
2022;Prefeitura Municipal de Luís Eduardo Magalhães - BA;2919553;BA;DCA-Anexo I-C;Padrão;Receitas Brutas Realizadas;RO1.7.1.6.00.0.0;1.7.1.6.00.0.0 - Transferências de Recursos do Fundo Nacional de Assistência Social ¿ FNAS;2038119,14;92671
2022;Prefeitura Municipal de Luís Eduardo Magalhães - BA;2919553;BA;DCA-Anexo I-C;Padrão;Receitas Brutas Realizadas;RO1.7.1.9.00.0.0;1.7.1.9.00.0.0 - Outras Transferências de Recursos da União e de suas Entidades;3488945,15;92671
2022;Prefeitura Municipal de Luís Eduardo Magalhães - BA;2919553;BA;DCA-Anexo I-C;Padrão;Receitas Brutas Realizadas;RO1.7.1.9.58.0.0;1.7.1.9.58.0.0 - Transferência Obrigatória Decorrente da Lei Complementar nº 176/2020;1023189,36;92671
2022;Prefeitura Municipal de Luís Eduardo Magalhães - BA;2919553;BA;DCA-Anexo I-C;Padrão;Receitas Brutas Realizadas;RO1.7.1.9.99.0.0;1.7.1.9.99.0.0 - Outras Transferências de Recursos da União e de suas Entidades;2465755,79;92671
2022;Prefeitura Municipal de Luís Eduardo Magalhães - BA;2919553;BA;DCA-Anexo I-C;Padrão;Receitas Brutas Realizadas;RO1.7.2.0.00.0.0;1.7.2.0.00.0.0 - Transferências dos Estados e do Distrito Federal e de suas Entidades;238850783,83;92671
2022;Prefeitura Municipal de Luís Eduardo Magalhães - BA;2919553;BA;DCA-Anexo I-C;Padrão;Deduções - FUNDEB;RO1.7.2.0.00.0.0;1.7.2.0.00.0.0 - Transferências dos Estados e do Distrito Federal e de suas Entidades;46956907,26;92671
2022;Prefeitura Municipal de Luís Eduardo Magalhães - BA;2919553;BA;DCA-Anexo I-C;Padrão;Receitas Brutas Realizadas;RO1.7.2.1.00.0.0;1.7.2.1.00.0.0 - Participação na Receita dos Estados e Distrito Federal;236045887,92;92671
2022;Prefeitura Municipal de Luís Eduardo Magalhães - BA;2919553;BA;DCA-Anexo I-C;Padrão;Deduções - FUNDEB;RO1.7.2.1.00.0.0;1.7.2.1.00.0.0 - Participação na Receita dos Estados e Distrito Federal;46956907,26;92671
2022;Prefeitura Municipal de Luís Eduardo Magalhães - BA;2919553;BA;DCA-Anexo I-C;Padrão;Receitas Brutas Realizadas;RO1.7.2.1.50.0.0;1.7.2.1.50.0.0 - Cota-Parte do ICMS;208980735,23;92671
2022;Prefeitura Municipal de Luís Eduardo Magalhães - BA;2919553;BA;DCA-Anexo I-C;Padrão;Deduções - FUNDEB;RO1.7.2.1.50.0.0;1.7.2.1.50.0.0 - Cota-Parte do ICMS;41796146,86;92671
2022;Prefeitura Municipal de Luís Eduardo Magalhães - BA;2919553;BA;DCA-Anexo I-C;Padrão;Receitas Brutas Realizadas;RO1.7.2.1.51.0.0;1.7.2.1.51.0.0 - Cota-Parte do IPVA;25803806,08;92671
2022;Prefeitura Municipal de Luís Eduardo Magalhães - BA;2919553;BA;DCA-Anexo I-C;Padrão;Deduções - FUNDEB;RO1.7.2.1.51.0.0;1.7.2.1.51.0.0 - Cota-Parte do IPVA;5160760,40;92671
2022;Prefeitura Municipal de Luís Eduardo Magalhães - BA;2919553;BA;DCA-Anexo I-C;Padrão;Receitas Brutas Realizadas;RO1.7.2.1.52.0.0;1.7.2.1.52.0.0 - Cota-Parte do IPI - Municípios;1100987,17;92671
2022;Prefeitura Municipal de Luís Eduardo Magalhães - BA;2919553;BA;DCA-Anexo I-C;Padrão;Receitas Brutas Realizadas;RO1.7.2.1.53.0.0;1.7.2.1.53.0.0 - Cota-Parte da Contribuição de Intervenção no Domínio Econômico;60359,44;92671
2022;Prefeitura Municipal de Luís Eduardo Magalhães - BA;2919553;BA;DCA-Anexo I-C;Padrão;Receitas Brutas Realizadas;RO1.7.2.1.98.0.0;1.7.2.1.98.0.0 -Transferências Decorrentes de Participação em Outras Receitas de Impostos dos Estados e do Distrito Federal;100000,00;92671
2022;Prefeitura Municipal de Luís Eduardo Magalhães - BA;2919553;BA;DCA-Anexo I-C;Padrão;Receitas Brutas Realizadas;RO1.7.2.3.00.0.0;1.7.2.3.00.0.0 - Transferências de Recursos do Sistema Único de Saúde ¿ SUS;2073026,70;92671
2022;Prefeitura Municipal de Luís Eduardo Magalhães - BA;2919553;BA;DCA-Anexo I-C;Padrão;Receitas Brutas Realizadas;RO1.7.2.4.00.0.0;1.7.2.4.00.0.0 - Transferências de Convênios dos Estados e DF e de Suas Entidades;528963,91;92671
2022;Prefeitura Municipal de Luís Eduardo Magalhães - BA;2919553;BA;DCA-Anexo I-C;Padrão;Receitas Brutas Realizadas;RO1.7.2.4.51.0.0;1.7.2.4.51.0.0 -Transferências de Convênios dos Estados Destinadas a Programas de Educação;528963,91;92671
2022;Prefeitura Municipal de Luís Eduardo Magalhães - BA;2919553;BA;DCA-Anexo I-C;Padrão;Receitas Brutas Realizadas;RO1.7.2.9.00.0.0;1.7.2.9.00.0.0 - Outras Transferências dos Estados e Distrito Federal;202905,30;92671
2022;Prefeitura Municipal de Luís Eduardo Magalhães - BA;2919553;BA;DCA-Anexo I-C;Padrão;Receitas Brutas Realizadas;RO1.7.2.9.51.0.0;1.7.2.9.51.0.0 - Transferências de Estados destinadas à Assistência Social;173004,00;92671
2022;Prefeitura Municipal de Luís Eduardo Magalhães - BA;2919553;BA;DCA-Anexo I-C;Padrão;Receitas Brutas Realizadas;RO1.7.2.9.99.0.0;1.7.2.9.99.0.0 - Outras Transferências dos Estados e DF;29901,30;92671
2022;Prefeitura Municipal de Luís Eduardo Magalhães - BA;2919553;BA;DCA-Anexo I-C;Padrão;Receitas Brutas Realizadas;RO1.7.5.0.00.0.0;1.7.5.0.00.0.0 - Transferências de Outras Instituições Públicas;78952321,69;92671
2022;Prefeitura Municipal de Luís Eduardo Magalhães - BA;2919553;BA;DCA-Anexo I-C;Padrão;Receitas Brutas Realizadas;RO1.7.5.1.00.0.0;1.7.5.1.00.0.0 - Transferências de Recursos do Fundo de Manutenção e Desenvolvimento da Educação Básica e de Valorização dos Profissionais da Educação - FUNDEB;78952321,69;92671
2022;Prefeitura Municipal de Luís Eduardo Magalhães - BA;2919553;BA;DCA-Anexo I-C;Padrão;Receitas Brutas Realizadas;RO1.9.0.0.00.0.0;1.9.0.0.00.0.0 - Outras Receitas Correntes;2086498,06;92671
2022;Prefeitura Municipal de Luís Eduardo Magalhães - BA;2919553;BA;DCA-Anexo I-C;Padrão;Receitas Brutas Realizadas;RO1.9.1.0.00.0.0;1.9.1.0.00.0.0 - Multas Administrativas, Contratuais e Judiciais;856814,82;92671
2022;Prefeitura Municipal de Luís Eduardo Magalhães - BA;2919553;BA;DCA-Anexo I-C;Padrão;Receitas Brutas Realizadas;RO1.9.1.1.00.0.0;1.9.1.1.00.0.0 - Multas Administrativas, Contratuais e Judiciais;856814,82;92671
2022;Prefeitura Municipal de Luís Eduardo Magalhães - BA;2919553;BA;DCA-Anexo I-C;Padrão;Receitas Brutas Realizadas;RO1.9.1.1.01.0.0;1.9.1.1.01.0.0 - Multas Previstas em Legislação Específica;852314,82;92671
2022;Prefeitura Municipal de Luís Eduardo Magalhães - BA;2919553;BA;DCA-Anexo I-C;Padrão;Receitas Brutas Realizadas;RO1.9.1.1.07.0.0;1.9.1.1.07.0.0 - Multas Aplicadas pelos Tribunais de Contas;4500,00;92671
2022;Prefeitura Municipal de Luís Eduardo Magalhães - BA;2919553;BA;DCA-Anexo I-C;Padrão;Receitas Brutas Realizadas;RO1.9.2.0.00.0.0;1.9.2.0.00.0.0 - Indenizações, Restituições e Ressarcimentos;525861,30;92671
2022;Prefeitura Municipal de Luís Eduardo Magalhães - BA;2919553;BA;DCA-Anexo I-C;Padrão;Receitas Brutas Realizadas;RO1.9.2.2.00.0.0;1.9.2.2.00.0.0 - Restituições;525850,92;92671
2022;Prefeitura Municipal de Luís Eduardo Magalhães - BA;2919553;BA;DCA-Anexo I-C;Padrão;Receitas Brutas Realizadas;RO1.9.2.2.99.0.0;1.9.2.2.99.0.0 - Outras Restituições;525850,92;92671
2022;Prefeitura Municipal de Luís Eduardo Magalhães - BA;2919553;BA;DCA-Anexo I-C;Padrão;Receitas Brutas Realizadas;RO1.9.2.3.00.0.0;1.9.2.3.00.0.0 - Ressarcimentos;10,38;92671
2022;Prefeitura Municipal de Luís Eduardo Magalhães - BA;2919553;BA;DCA-Anexo I-C;Padrão;Receitas Brutas Realizadas;RO1.9.2.3.99.0.0;1.9.2.3.99.0.0 - Outros Ressarcimentos;10,38;92671
2022;Prefeitura Municipal de Luís Eduardo Magalhães - BA;2919553;BA;DCA-Anexo I-C;Padrão;Receitas Brutas Realizadas;RO1.9.3.0.00.0.0;1.9.3.0.00.0.0 - Bens, Direitos e Valores Incorporados ao Patrimônio Público;113190,44;92671
2022;Prefeitura Municipal de Luís Eduardo Magalhães - BA;2919553;BA;DCA-Anexo I-C;Padrão;Receitas Brutas Realizadas;RO1.9.3.1.00.0.0;1.9.3.1.00.0.0 - Bens, Direitos e Valores Incorporados ao Patrimônio Público;113190,44;92671
2022;Prefeitura Municipal de Luís Eduardo Magalhães - BA;2919553;BA;DCA-Anexo I-C;Padrão;Receitas Brutas Realizadas;RO1.9.3.1.02.0.0;1.9.3.1.02.0.0 - Alienação de Bens Apreendidos;113190,44;92671
2022;Prefeitura Municipal de Luís Eduardo Magalhães - BA;2919553;BA;DCA-Anexo I-C;Padrão;Receitas Brutas Realizadas;RO1.9.3.1.02.1.0;1.9.3.1.02.1.0 - Alienação de Bens e Mercadorias Apreendidos;113190,44;92671
2022;Prefeitura Municipal de Luís Eduardo Magalhães - BA;2919553;BA;DCA-Anexo I-C;Padrão;Receitas Brutas Realizadas;RO1.9.9.0.00.0.0;1.9.9.0.00.0.0 - Demais Receitas Correntes;590631,50;92671
2022;Prefeitura Municipal de Luís Eduardo Magalhães - BA;2919553;BA;DCA-Anexo I-C;Padrão;Receitas Brutas Realizadas;RO1.9.9.9.00.0.0;1.9.9.9.00.0.0 - Outras Receitas Correntes;590631,50;92671
2022;Prefeitura Municipal de Luís Eduardo Magalhães - BA;2919553;BA;DCA-Anexo I-C;Padrão;Receitas Brutas Realizadas;RO1.9.9.9.99.0.0;1.9.9.9.99.0.0 - Outras Receitas;590631,50;92671
2022;Prefeitura Municipal de Luís Eduardo Magalhães - BA;2919553;BA;DCA-Anexo I-C;Padrão;Receitas Brutas Realizadas;RO1.9.9.9.99.1.0;1.9.9.9.99.1.0 - Outras Receitas Administradas pela RFB;590631,50;92671
2022;Prefeitura Municipal de Luís Eduardo Magalhães - BA;2919553;BA;DCA-Anexo I-C;Padrão;Receitas Brutas Realizadas;RO2.0.0.0.00.0.0;2.0.0.0.00.0.0 - Receitas de Capital;9967354,51;92671
2022;Prefeitura Municipal de Luís Eduardo Magalhães - BA;2919553;BA;DCA-Anexo I-C;Padrão;Receitas Brutas Realizadas;RO2.1.0.0.00.0.0;2.1.0.0.00.0.0 - Operações de Crédito;8212441,29;92671
2022;Prefeitura Municipal de Luís Eduardo Magalhães - BA;2919553;BA;DCA-Anexo I-C;Padrão;Receitas Brutas Realizadas;RO2.1.1.0.00.0.0;2.1.1.0.00.0.0 - Operações de Crédito - Mercado Interno;8212441,29;92671
2022;Prefeitura Municipal de Luís Eduardo Magalhães - BA;2919553;BA;DCA-Anexo I-C;Padrão;Receitas Brutas Realizadas;RO2.1.1.2.00.0.0;2.1.1.2.00.0.0 - Operações de Crédito Contratuais - Mercado Interno;8212441,29;92671
2022;Prefeitura Municipal de Luís Eduardo Magalhães - BA;2919553;BA;DCA-Anexo I-C;Padrão;Receitas Brutas Realizadas;RO2.1.1.2.01.0.0;2.1.1.2.01.0.0 - Operações de Crédito Contratuais - Mercado Interno;7662441,29;92671
2022;Prefeitura Municipal de Luís Eduardo Magalhães - BA;2919553;BA;DCA-Anexo I-C;Padrão;Receitas Brutas Realizadas;RO2.1.1.2.52.0.0;2.1.1.2.52.0.0 - Operações de Crédito Internas para Programas de Saneamento;550000,00;92671
2022;Prefeitura Municipal de Luís Eduardo Magalhães - BA;2919553;BA;DCA-Anexo I-C;Padrão;Receitas Brutas Realizadas;RO2.4.0.0.00.0.0;2.4.0.0.00.0.0 - Transferências de Capital;1754913,22;92671
2022;Prefeitura Municipal de Luís Eduardo Magalhães - BA;2919553;BA;DCA-Anexo I-C;Padrão;Receitas Brutas Realizadas;RO2.4.1.0.00.0.0;2.4.1.0.00.0.0 - Transferências da União e de suas Entidades;173758,47;92671
2022;Prefeitura Municipal de Luís Eduardo Magalhães - BA;2919553;BA;DCA-Anexo I-C;Padrão;Receitas Brutas Realizadas;RO2.4.1.4.00.0.0;2.4.1.4.00.0.0 - Transferências de Convênios da União e de suas Entidades ;173758,47;92671
2022;Prefeitura Municipal de Luís Eduardo Magalhães - BA;2919553;BA;DCA-Anexo I-C;Padrão;Receitas Brutas Realizadas;RO2.4.1.4.50.0.0;2.4.1.4.50.0.0 - Transferências de Convênios da União para o Sistema Único de Saúde ¿ SUS;132520,09;92671
2022;Prefeitura Municipal de Luís Eduardo Magalhães - BA;2919553;BA;DCA-Anexo I-C;Padrão;Receitas Brutas Realizadas;RO2.4.1.4.99.0.0;2.4.1.4.99.0.0 - Outras Transferências de Convênios da União e de Suas Entidades;41238,38;92671
2022;Prefeitura Municipal de Luís Eduardo Magalhães - BA;2919553;BA;DCA-Anexo I-C;Padrão;Receitas Brutas Realizadas;RO2.4.2.0.00.0.0;2.4.2.0.00.0.0 - Transferências dos Estados e do Distrito Federal e de suas Entidades;1581154,75;92671
2022;Prefeitura Municipal de Luís Eduardo Magalhães - BA;2919553;BA;DCA-Anexo I-C;Padrão;Receitas Brutas Realizadas;RO2.4.2.2.00.0.0;2.4.2.2.00.0.0 - Transferências de Convênios dos Estados e DF e de Suas Entidades ;1581154,75;92671
2022;Prefeitura Municipal de Luís Eduardo Magalhães - BA;2919553;BA;DCA-Anexo I-C;Padrão;Receitas Brutas Realizadas;RO2.4.2.2.51.0.0;2.4.2.2.51.0.0 - Transferências de Convênios dos Estados destinadas a Programas de Educação;907360,26;92671
2022;Prefeitura Municipal de Luís Eduardo Magalhães - BA;2919553;BA;DCA-Anexo I-C;Padrão;Receitas Brutas Realizadas;RO2.4.2.2.99.0.0;2.4.2.2.99.0.0 - Outras Transferências de Convênio dos Estados e DF e de Suas Entidades;673794,49;92671
2022;Prefeitura Municipal de Luís Eduardo Magalhães - BA;2919553;BA;DCA-Anexo I-C;Padrão;Receitas Brutas Realizadas;TotalReceitas;TOTAL DAS RECEITAS (III) = (I + II);675812464,98;92671
2022;Prefeitura Municipal de Luís Eduardo Magalhães - BA;2919553;BA;DCA-Anexo I-C;Padrão;Deduções - FUNDEB;TotalReceitas;TOTAL DAS RECEITAS (III) = (I + II);62706200,13;92671
2023;Prefeitura Municipal de Luís Eduardo Magalhães - BA;2919553;BA;DCA-Anexo I-C;Padrão;Receitas Brutas Realizadas;ReceitasExcetoIntraOrcamentarias;RECEITAS (EXCETO INTRA-ORÇAMENTÁRIAS) (I);852748423,41;92671
2023;Prefeitura Municipal de Luís Eduardo Magalhães - BA;2919553;BA;DCA-Anexo I-C;Padrão;Deduções - FUNDEB;ReceitasExcetoIntraOrcamentarias;RECEITAS (EXCETO INTRA-ORÇAMENTÁRIAS) (I);76675762,67;92671
2023;Prefeitura Municipal de Luís Eduardo Magalhães - BA;2919553;BA;DCA-Anexo I-C;Padrão;Receitas Brutas Realizadas;RO1.0.0.0.00.0.0;1.0.0.0.00.0.0 - Receitas Correntes;769596169,71;92671
2023;Prefeitura Municipal de Luís Eduardo Magalhães - BA;2919553;BA;DCA-Anexo I-C;Padrão;Deduções - FUNDEB;RO1.0.0.0.00.0.0;1.0.0.0.00.0.0 - Receitas Correntes;76675762,67;92671
2023;Prefeitura Municipal de Luís Eduardo Magalhães - BA;2919553;BA;DCA-Anexo I-C;Padrão;Receitas Brutas Realizadas;RO1.1.0.0.00.0.0;1.1.0.0.00.0.0 - Impostos, Taxas e Contribuições de Melhoria;185665713,96;92671
2023;Prefeitura Municipal de Luís Eduardo Magalhães - BA;2919553;BA;DCA-Anexo I-C;Padrão;Receitas Brutas Realizadas;RO1.1.1.0.00.0.0;1.1.1.0.00.0.0 - Impostos;170194927,20;92671
2023;Prefeitura Municipal de Luís Eduardo Magalhães - BA;2919553;BA;DCA-Anexo I-C;Padrão;Receitas Brutas Realizadas;RO1.1.1.2.00.0.0;1.1.1.2.00.0.0 - Impostos sobre o Patrimônio;62424871,48;92671
2023;Prefeitura Municipal de Luís Eduardo Magalhães - BA;2919553;BA;DCA-Anexo I-C;Padrão;Receitas Brutas Realizadas;RO1.1.1.2.50.0.0;1.1.1.2.50.0.0 - Imposto sobre a Propriedade Predial e Territorial Urbana;42745598,05;92671
2023;Prefeitura Municipal de Luís Eduardo Magalhães - BA;2919553;BA;DCA-Anexo I-C;Padrão;Receitas Brutas Realizadas;RO1.1.1.2.53.0.0;"1.1.1.2.53.0.0 - Impostos sobre Transmissão ""Inter Vivos"" de Bens Imóveis e de Direitos Reais sobre Imóveis";19679273,43;92671
2023;Prefeitura Municipal de Luís Eduardo Magalhães - BA;2919553;BA;DCA-Anexo I-C;Padrão;Receitas Brutas Realizadas;RO1.1.1.3.00.0.0;1.1.1.3.00.0.0 - Impostos sobre a Renda e Proventos de Qualquer Natureza;31544257,75;92671
2023;Prefeitura Municipal de Luís Eduardo Magalhães - BA;2919553;BA;DCA-Anexo I-C;Padrão;Receitas Brutas Realizadas;RO1.1.1.3.03.0.0;1.1.1.3.03.0.0 - Imposto sobre a Renda - Retido na Fonte;31544257,75;92671
2023;Prefeitura Municipal de Luís Eduardo Magalhães - BA;2919553;BA;DCA-Anexo I-C;Padrão;Receitas Brutas Realizadas;RO1.1.1.3.03.1.0;1.1.1.3.03.1.0 - Imposto sobre a Renda - Retido na Fonte - Trabalho;14541199,62;92671
2023;Prefeitura Municipal de Luís Eduardo Magalhães - BA;2919553;BA;DCA-Anexo I-C;Padrão;Receitas Brutas Realizadas;RO1.1.1.3.03.4.0;1.1.1.3.03.4.0 - Imposto sobre a Renda - Retido na Fonte - Outros Rendimentos;17003058,13;92671
2023;Prefeitura Municipal de Luís Eduardo Magalhães - BA;2919553;BA;DCA-Anexo I-C;Padrão;Receitas Brutas Realizadas;RO1.1.1.4.00.0.0;1.1.1.4.00.0.0 - Impostos sobre a Produção e Circulação de Mercadorias e Serviços;76225797,97;92671
2023;Prefeitura Municipal de Luís Eduardo Magalhães - BA;2919553;BA;DCA-Anexo I-C;Padrão;Receitas Brutas Realizadas;RO1.1.1.4.51.0.0;1.1.1.4.51.0.0 - Impostos sobre Serviços;76225797,97;92671
2023;Prefeitura Municipal de Luís Eduardo Magalhães - BA;2919553;BA;DCA-Anexo I-C;Padrão;Receitas Brutas Realizadas;RO1.1.1.4.51.1.0;1.1.1.4.51.1.0 - Imposto sobre Serviços de Qualquer Natureza - ISSQN;76225797,97;92671
2023;Prefeitura Municipal de Luís Eduardo Magalhães - BA;2919553;BA;DCA-Anexo I-C;Padrão;Receitas Brutas Realizadas;RO1.1.2.0.00.0.0;1.1.2.0.00.0.0 - Taxas;15470367,08;92671
2023;Prefeitura Municipal de Luís Eduardo Magalhães - BA;2919553;BA;DCA-Anexo I-C;Padrão;Receitas Brutas Realizadas;RO1.1.2.1.00.0.0;1.1.2.1.00.0.0 - Taxas pelo Exercício do Poder de Polícia;10430390,28;92671
2023;Prefeitura Municipal de Luís Eduardo Magalhães - BA;2919553;BA;DCA-Anexo I-C;Padrão;Receitas Brutas Realizadas;RO1.1.2.1.01.0.0;1.1.2.1.01.0.0 - Taxas de Inspeção, Controle e Fiscalização;9118789,21;92671
2023;Prefeitura Municipal de Luís Eduardo Magalhães - BA;2919553;BA;DCA-Anexo I-C;Padrão;Receitas Brutas Realizadas;RO1.1.2.1.04.0.0;1.1.2.1.04.0.0 - Taxa de Controle e Fiscalização Ambiental;686140,83;92671
2023;Prefeitura Municipal de Luís Eduardo Magalhães - BA;2919553;BA;DCA-Anexo I-C;Padrão;Receitas Brutas Realizadas;RO1.1.2.1.50.0.0;1.1.2.1.50.0.0 - Taxa de Fiscalização de Vigilância Sanitária;625460,24;92671
2023;Prefeitura Municipal de Luís Eduardo Magalhães - BA;2919553;BA;DCA-Anexo I-C;Padrão;Receitas Brutas Realizadas;RO1.1.2.2.00.0.0;1.1.2.2.00.0.0 - Taxas pela Prestação de Serviços;5039976,80;92671
2023;Prefeitura Municipal de Luís Eduardo Magalhães - BA;2919553;BA;DCA-Anexo I-C;Padrão;Receitas Brutas Realizadas;RO1.1.2.2.01.0.0;1.1.2.2.01.0.0 - Taxas pela Prestação de Serviços em Geral;2900703,27;92671
2023;Prefeitura Municipal de Luís Eduardo Magalhães - BA;2919553;BA;DCA-Anexo I-C;Padrão;Receitas Brutas Realizadas;RO1.1.2.2.51.0.0;1.1.2.2.51.0.0 - Taxas Extrajudiciais;2139273,53;92671
2023;Prefeitura Municipal de Luís Eduardo Magalhães - BA;2919553;BA;DCA-Anexo I-C;Padrão;Receitas Brutas Realizadas;RO1.1.3.0.00.0.0;1.1.3.0.00.0.0 - Contribuição de Melhoria;419,68;92671
2023;Prefeitura Municipal de Luís Eduardo Magalhães - BA;2919553;BA;DCA-Anexo I-C;Padrão;Receitas Brutas Realizadas;RO1.1.3.1.00.0.0;1.1.3.1.00.0.0 - Contribuição de Melhoria;419,68;92671
2023;Prefeitura Municipal de Luís Eduardo Magalhães - BA;2919553;BA;DCA-Anexo I-C;Padrão;Receitas Brutas Realizadas;RO1.1.3.1.53.0.0;1.1.3.1.53.0.0 - Contribuição de Melhoria para Pavimentação e Obras Complementares;419,68;92671
2023;Prefeitura Municipal de Luís Eduardo Magalhães - BA;2919553;BA;DCA-Anexo I-C;Padrão;Receitas Brutas Realizadas;RO1.2.0.0.00.0.0;1.2.0.0.00.0.0 - Contribuições;10364725,39;92671
2023;Prefeitura Municipal de Luís Eduardo Magalhães - BA;2919553;BA;DCA-Anexo I-C;Padrão;Receitas Brutas Realizadas;RO1.2.4.0.00.0.0;1.2.4.0.00.0.0 - Contribuição para o Custeio do Serviço de Iluminação Pública;10364725,39;92671
2023;Prefeitura Municipal de Luís Eduardo Magalhães - BA;2919553;BA;DCA-Anexo I-C;Padrão;Receitas Brutas Realizadas;RO1.3.0.0.00.0.0;1.3.0.0.00.0.0 - Receita Patrimonial;9599983,93;92671
2023;Prefeitura Municipal de Luís Eduardo Magalhães - BA;2919553;BA;DCA-Anexo I-C;Padrão;Receitas Brutas Realizadas;RO1.3.2.0.00.0.0;1.3.2.0.00.0.0 - Valores Mobiliários;3836983,17;92671
2023;Prefeitura Municipal de Luís Eduardo Magalhães - BA;2919553;BA;DCA-Anexo I-C;Padrão;Receitas Brutas Realizadas;RO1.3.2.1.00.0.0;1.3.2.1.00.0.0 - Juros e Correções Monetárias;3836983,17;92671
2023;Prefeitura Municipal de Luís Eduardo Magalhães - BA;2919553;BA;DCA-Anexo I-C;Padrão;Receitas Brutas Realizadas;RO1.3.2.1.01.0.0;1.3.2.1.01.0.0 - Remuneração de Depósitos Bancários;3836983,17;92671
2023;Prefeitura Municipal de Luís Eduardo Magalhães - BA;2919553;BA;DCA-Anexo I-C;Padrão;Receitas Brutas Realizadas;RO1.3.3.0.00.0.0;1.3.3.0.00.0.0 - Delegação de Serviços Públicos Mediante Concessão, Permissão, Autorização ou Licença;5763000,76;92671
2023;Prefeitura Municipal de Luís Eduardo Magalhães - BA;2919553;BA;DCA-Anexo I-C;Padrão;Receitas Brutas Realizadas;RO1.3.3.9.00.0.0;1.3.3.9.00.0.0 - Demais Delegações de Serviços Públicos;5763000,76;92671
2023;Prefeitura Municipal de Luís Eduardo Magalhães - BA;2919553;BA;DCA-Anexo I-C;Padrão;Receitas Brutas Realizadas;RO1.6.0.0.00.0.0;1.6.0.0.00.0.0 - Receita de Serviços;644873,98;92671
2023;Prefeitura Municipal de Luís Eduardo Magalhães - BA;2919553;BA;DCA-Anexo I-C;Padrão;Receitas Brutas Realizadas;RO1.6.1.0.00.0.0;1.6.1.0.00.0.0 - Serviços Administrativos e Comerciais Gerais;644873,98;92671
2023;Prefeitura Municipal de Luís Eduardo Magalhães - BA;2919553;BA;DCA-Anexo I-C;Padrão;Receitas Brutas Realizadas;RO1.6.1.1.00.0.0;1.6.1.1.00.0.0 - Serviços Administrativos e Comerciais Gerais;644873,98;92671
2023;Prefeitura Municipal de Luís Eduardo Magalhães - BA;2919553;BA;DCA-Anexo I-C;Padrão;Receitas Brutas Realizadas;RO1.6.1.1.01.0.0;1.6.1.1.01.0.0 - Serviços Administrativos e Comerciais Gerais Prestados por Entidades e Órgãos Públicos em Geral;644873,98;92671
2023;Prefeitura Municipal de Luís Eduardo Magalhães - BA;2919553;BA;DCA-Anexo I-C;Padrão;Receitas Brutas Realizadas;RO1.7.0.0.00.0.0;1.7.0.0.00.0.0 - Transferências Correntes;561024197,72;92671
2023;Prefeitura Municipal de Luís Eduardo Magalhães - BA;2919553;BA;DCA-Anexo I-C;Padrão;Deduções - FUNDEB;RO1.7.0.0.00.0.0;1.7.0.0.00.0.0 - Transferências Correntes;76675762,67;92671
2023;Prefeitura Municipal de Luís Eduardo Magalhães - BA;2919553;BA;DCA-Anexo I-C;Padrão;Receitas Brutas Realizadas;RO1.7.1.0.00.0.0;1.7.1.0.00.0.0 - Transferências da União e de suas Entidades;167707644,32;92671
2023;Prefeitura Municipal de Luís Eduardo Magalhães - BA;2919553;BA;DCA-Anexo I-C;Padrão;Deduções - FUNDEB;RO1.7.1.0.00.0.0;1.7.1.0.00.0.0 - Transferências da União e de suas Entidades;16696563,82;92671
2023;Prefeitura Municipal de Luís Eduardo Magalhães - BA;2919553;BA;DCA-Anexo I-C;Padrão;Receitas Brutas Realizadas;RO1.7.1.1.00.0.0;1.7.1.1.00.0.0 - Transferências Decorrentes de Participação na Receita da União;91431782,07;92671
2023;Prefeitura Municipal de Luís Eduardo Magalhães - BA;2919553;BA;DCA-Anexo I-C;Padrão;Deduções - FUNDEB;RO1.7.1.1.00.0.0;1.7.1.1.00.0.0 - Transferências Decorrentes de Participação na Receita da União;16696563,82;92671
2023;Prefeitura Municipal de Luís Eduardo Magalhães - BA;2919553;BA;DCA-Anexo I-C;Padrão;Receitas Brutas Realizadas;RO1.7.1.1.51.0.0;1.7.1.1.51.0.0 -Cota-Parte do Fundo de Participação dos Municípios - FPM;85772506,30;92671
2023;Prefeitura Municipal de Luís Eduardo Magalhães - BA;2919553;BA;DCA-Anexo I-C;Padrão;Deduções - FUNDEB;RO1.7.1.1.51.0.0;1.7.1.1.51.0.0 -Cota-Parte do Fundo de Participação dos Municípios - FPM;15564708,79;92671
2023;Prefeitura Municipal de Luís Eduardo Magalhães - BA;2919553;BA;DCA-Anexo I-C;Padrão;Receitas Brutas Realizadas;RO1.7.1.1.51.1.0;1.7.1.1.51.1.0 - Cota-Parte do Fundo de Participação dos Municípios - Cota Mensal;78700139,34;92671
2023;Prefeitura Municipal de Luís Eduardo Magalhães - BA;2919553;BA;DCA-Anexo I-C;Padrão;Deduções - FUNDEB;RO1.7.1.1.51.1.0;1.7.1.1.51.1.0 - Cota-Parte do Fundo de Participação dos Municípios - Cota Mensal;15564708,79;92671
2023;Prefeitura Municipal de Luís Eduardo Magalhães - BA;2919553;BA;DCA-Anexo I-C;Padrão;Receitas Brutas Realizadas;RO1.7.1.1.51.2.0;1.7.1.1.51.2.0 - Cota-Parte do Fundo de Participação dos Municípios - Cotas Extraordinárias;7072366,96;92671
2023;Prefeitura Municipal de Luís Eduardo Magalhães - BA;2919553;BA;DCA-Anexo I-C;Padrão;Receitas Brutas Realizadas;RO1.7.1.1.52.0.0;1.7.1.1.52.0.0 - Cota-Parte do Imposto Sobre a Propriedade Territorial Rural;5659275,77;92671
2023;Prefeitura Municipal de Luís Eduardo Magalhães - BA;2919553;BA;DCA-Anexo I-C;Padrão;Deduções - FUNDEB;RO1.7.1.1.52.0.0;1.7.1.1.52.0.0 - Cota-Parte do Imposto Sobre a Propriedade Territorial Rural;1131855,03;92671
2023;Prefeitura Municipal de Luís Eduardo Magalhães - BA;2919553;BA;DCA-Anexo I-C;Padrão;Receitas Brutas Realizadas;RO1.7.1.2.00.0.0;1.7.1.2.00.0.0 -Transferências das Compensações Financeiras pela Exploração de Recursos Naturais;1677459,23;92671
2023;Prefeitura Municipal de Luís Eduardo Magalhães - BA;2919553;BA;DCA-Anexo I-C;Padrão;Receitas Brutas Realizadas;RO1.7.1.2.51.0.0;1.7.1.2.51.0.0 -Cota-parte da Compensação Financeira pela Exploração de Recursos Minerais - CFEM;2218,39;92671
2023;Prefeitura Municipal de Luís Eduardo Magalhães - BA;2919553;BA;DCA-Anexo I-C;Padrão;Receitas Brutas Realizadas;RO1.7.1.2.52.0.0;1.7.1.2.52.0.0 - Cota-parte da Compensação Financeira pela Produção de Petróleo;1675240,84;92671
2023;Prefeitura Municipal de Luís Eduardo Magalhães - BA;2919553;BA;DCA-Anexo I-C;Padrão;Receitas Brutas Realizadas;RO1.7.1.2.52.4.0;1.7.1.2.52.4.0 - Cota-Parte do Fundo Especial do Petróleo ¿ FEP;1675240,84;92671
2023;Prefeitura Municipal de Luís Eduardo Magalhães - BA;2919553;BA;DCA-Anexo I-C;Padrão;Receitas Brutas Realizadas;RO1.7.1.3.00.0.0;1.7.1.3.00.0.0 -Transferências de Recursos do Sistema Único de Saúde ¿ SUS ;34249722,98;92671
2023;Prefeitura Municipal de Luís Eduardo Magalhães - BA;2919553;BA;DCA-Anexo I-C;Padrão;Receitas Brutas Realizadas;RO1.7.1.3.50.0.0;1.7.1.3.50.0.0 - Transferências de Recursos do Sistema Único de Saúde ¿ SUS ¿ Repasses Fundo a Fundo - Bloco de Manutenção das Ações e Serviços Públicos de Saúde;34249722,98;92671
2023;Prefeitura Municipal de Luís Eduardo Magalhães - BA;2919553;BA;DCA-Anexo I-C;Padrão;Receitas Brutas Realizadas;RO1.7.1.3.50.1.0;1.7.1.3.50.1.0 - Transferências de Recursos do Bloco de Manutenção das Ações e Serviços Públicos de Saúde ¿ Atenção Primária;13545914,04;92671
2023;Prefeitura Municipal de Luís Eduardo Magalhães - BA;2919553;BA;DCA-Anexo I-C;Padrão;Receitas Brutas Realizadas;RO1.7.1.3.50.2.0;1.7.1.3.50.2.0 - Transferências de Recursos do Bloco de Manutenção das Ações e Serviços Públicos de Saúde ¿ Atenção Especializada;19471167,82;92671
2023;Prefeitura Municipal de Luís Eduardo Magalhães - BA;2919553;BA;DCA-Anexo I-C;Padrão;Receitas Brutas Realizadas;RO1.7.1.3.50.3.0;1.7.1.3.50.3.0 - Transferências de Recursos do Bloco de Manutenção das Ações e Serviços Públicos de Saúde ¿ Vigilância em Saúde;716278,96;92671
2023;Prefeitura Municipal de Luís Eduardo Magalhães - BA;2919553;BA;DCA-Anexo I-C;Padrão;Receitas Brutas Realizadas;RO1.7.1.3.50.4.0;1.7.1.3.50.4.0 -Transferências de Recursos do Bloco de Manutenção das Ações e Serviços Públicos de Saúde ¿ Assistência Farmacêutica;516362,16;92671
2023;Prefeitura Municipal de Luís Eduardo Magalhães - BA;2919553;BA;DCA-Anexo I-C;Padrão;Receitas Brutas Realizadas;RO1.7.1.4.00.0.0;1.7.1.4.00.0.0 -Transferências de Recursos do Fundo Nacional do Desenvolvimento da Educação ¿ FNDE¿ ;5828439,96;92671
2023;Prefeitura Municipal de Luís Eduardo Magalhães - BA;2919553;BA;DCA-Anexo I-C;Padrão;Receitas Brutas Realizadas;RO1.7.1.4.50.0.0;1.7.1.4.50.0.0 - Transferências do Salário-Educação;3184397,82;92671
2023;Prefeitura Municipal de Luís Eduardo Magalhães - BA;2919553;BA;DCA-Anexo I-C;Padrão;Receitas Brutas Realizadas;RO1.7.1.4.52.0.0;1.7.1.4.52.0.0 - Transferências referentes ao Programa Nacional de Alimentação Escolar ¿ PNAE;2454361,40;92671
2023;Prefeitura Municipal de Luís Eduardo Magalhães - BA;2919553;BA;DCA-Anexo I-C;Padrão;Receitas Brutas Realizadas;RO1.7.1.4.53.0.0;1.7.1.4.53.0.0 - Transferências referentes ao Programa Nacional de Apoio ao Transporte do Escolar ¿ PNATE;189680,74;92671
2023;Prefeitura Municipal de Luís Eduardo Magalhães - BA;2919553;BA;DCA-Anexo I-C;Padrão;Receitas Brutas Realizadas;RO1.7.1.5.00.0.0;1.7.1.5.00.0.0 - Transferências de Recursos de Complementação da União ao Fundo de Manutenção e Desenvolvimento da Educação Básica e de Valorização dos Profissionais da Educação ¿ FUNDEB ;28945895,48;92671
2023;Prefeitura Municipal de Luís Eduardo Magalhães - BA;2919553;BA;DCA-Anexo I-C;Padrão;Receitas Brutas Realizadas;RO1.7.1.6.00.0.0;1.7.1.6.00.0.0 - Transferências de Recursos do Fundo Nacional de Assistência Social ¿ FNAS;692377,96;92671
2023;Prefeitura Municipal de Luís Eduardo Magalhães - BA;2919553;BA;DCA-Anexo I-C;Padrão;Receitas Brutas Realizadas;RO1.7.1.7.00.0.0;1.7.1.7.00.0.0 - Transferências de Convênios da União e de Suas Entidades;99946,74;92671
2023;Prefeitura Municipal de Luís Eduardo Magalhães - BA;2919553;BA;DCA-Anexo I-C;Padrão;Receitas Brutas Realizadas;RO1.7.1.7.99.0.0;1.7.1.7.99.0.0 - Outras Transferências de Convênios da União e de Suas Entidades;99946,74;92671
2023;Prefeitura Municipal de Luís Eduardo Magalhães - BA;2919553;BA;DCA-Anexo I-C;Padrão;Receitas Brutas Realizadas;RO1.7.1.9.00.0.0;1.7.1.9.00.0.0 - Outras Transferências de Recursos da União e de suas Entidades;4782019,90;92671
2023;Prefeitura Municipal de Luís Eduardo Magalhães - BA;2919553;BA;DCA-Anexo I-C;Padrão;Receitas Brutas Realizadas;RO1.7.1.9.58.0.0;1.7.1.9.58.0.0 - Transferência Obrigatória Decorrente da Lei Complementar nº 176/2020;1262815,68;92671
2023;Prefeitura Municipal de Luís Eduardo Magalhães - BA;2919553;BA;DCA-Anexo I-C;Padrão;Receitas Brutas Realizadas;RO1.7.1.9.99.0.0;1.7.1.9.99.0.0 - Outras Transferências de Recursos da União e de suas Entidades;3519204,22;92671
2023;Prefeitura Municipal de Luís Eduardo Magalhães - BA;2919553;BA;DCA-Anexo I-C;Padrão;Receitas Brutas Realizadas;RO1.7.2.0.00.0.0;1.7.2.0.00.0.0 - Transferências dos Estados e do Distrito Federal e de suas Entidades;303463847,75;92671
2023;Prefeitura Municipal de Luís Eduardo Magalhães - BA;2919553;BA;DCA-Anexo I-C;Padrão;Deduções - FUNDEB;RO1.7.2.0.00.0.0;1.7.2.0.00.0.0 - Transferências dos Estados e do Distrito Federal e de suas Entidades;59979198,85;92671
2023;Prefeitura Municipal de Luís Eduardo Magalhães - BA;2919553;BA;DCA-Anexo I-C;Padrão;Receitas Brutas Realizadas;RO1.7.2.1.00.0.0;1.7.2.1.00.0.0 - Participação na Receita dos Estados e Distrito Federal;301420282,39;92671
2023;Prefeitura Municipal de Luís Eduardo Magalhães - BA;2919553;BA;DCA-Anexo I-C;Padrão;Deduções - FUNDEB;RO1.7.2.1.00.0.0;1.7.2.1.00.0.0 - Participação na Receita dos Estados e Distrito Federal;59979198,85;92671
2023;Prefeitura Municipal de Luís Eduardo Magalhães - BA;2919553;BA;DCA-Anexo I-C;Padrão;Receitas Brutas Realizadas;RO1.7.2.1.50.0.0;1.7.2.1.50.0.0 - Cota-Parte do ICMS;266922920,94;92671
2023;Prefeitura Municipal de Luís Eduardo Magalhães - BA;2919553;BA;DCA-Anexo I-C;Padrão;Deduções - FUNDEB;RO1.7.2.1.50.0.0;1.7.2.1.50.0.0 - Cota-Parte do ICMS;53384583,95;92671
2023;Prefeitura Municipal de Luís Eduardo Magalhães - BA;2919553;BA;DCA-Anexo I-C;Padrão;Receitas Brutas Realizadas;RO1.7.2.1.51.0.0;1.7.2.1.51.0.0 - Cota-Parte do IPVA;32973078,84;92671
2023;Prefeitura Municipal de Luís Eduardo Magalhães - BA;2919553;BA;DCA-Anexo I-C;Padrão;Deduções - FUNDEB;RO1.7.2.1.51.0.0;1.7.2.1.51.0.0 - Cota-Parte do IPVA;6594614,90;92671
2023;Prefeitura Municipal de Luís Eduardo Magalhães - BA;2919553;BA;DCA-Anexo I-C;Padrão;Receitas Brutas Realizadas;RO1.7.2.1.52.0.0;1.7.2.1.52.0.0 - Cota-Parte do IPI - Municípios;1512287,27;92671
2023;Prefeitura Municipal de Luís Eduardo Magalhães - BA;2919553;BA;DCA-Anexo I-C;Padrão;Receitas Brutas Realizadas;RO1.7.2.1.53.0.0;1.7.2.1.53.0.0 - Cota-Parte da Contribuição de Intervenção no Domínio Econômico;11995,34;92671
2023;Prefeitura Municipal de Luís Eduardo Magalhães - BA;2919553;BA;DCA-Anexo I-C;Padrão;Receitas Brutas Realizadas;RO1.7.2.3.00.0.0;1.7.2.3.00.0.0 - Transferências de Recursos do Sistema Único de Saúde ¿ SUS;1605735,82;92671
2023;Prefeitura Municipal de Luís Eduardo Magalhães - BA;2919553;BA;DCA-Anexo I-C;Padrão;Receitas Brutas Realizadas;RO1.7.2.4.00.0.0;1.7.2.4.00.0.0 - Transferências de Convênios dos Estados e DF e de Suas Entidades;45936,02;92671
2023;Prefeitura Municipal de Luís Eduardo Magalhães - BA;2919553;BA;DCA-Anexo I-C;Padrão;Receitas Brutas Realizadas;RO1.7.2.4.51.0.0;1.7.2.4.51.0.0 -Transferências de Convênios dos Estados Destinadas a Programas de Educação;45936,02;92671
2023;Prefeitura Municipal de Luís Eduardo Magalhães - BA;2919553;BA;DCA-Anexo I-C;Padrão;Receitas Brutas Realizadas;RO1.7.2.9.00.0.0;1.7.2.9.00.0.0 - Outras Transferências dos Estados e Distrito Federal;391893,52;92671
2023;Prefeitura Municipal de Luís Eduardo Magalhães - BA;2919553;BA;DCA-Anexo I-C;Padrão;Receitas Brutas Realizadas;RO1.7.2.9.51.0.0;1.7.2.9.51.0.0 - Transferências de Estados destinadas à Assistência Social;391893,52;92671
2023;Prefeitura Municipal de Luís Eduardo Magalhães - BA;2919553;BA;DCA-Anexo I-C;Padrão;Receitas Brutas Realizadas;RO1.7.5.0.00.0.0;1.7.5.0.00.0.0 - Transferências de Outras Instituições Públicas;89852705,65;92671
2023;Prefeitura Municipal de Luís Eduardo Magalhães - BA;2919553;BA;DCA-Anexo I-C;Padrão;Receitas Brutas Realizadas;RO1.7.5.1.00.0.0;1.7.5.1.00.0.0 - Transferências de Recursos do Fundo de Manutenção e Desenvolvimento da Educação Básica e de Valorização dos Profissionais da Educação - FUNDEB;89852705,65;92671
2023;Prefeitura Municipal de Luís Eduardo Magalhães - BA;2919553;BA;DCA-Anexo I-C;Padrão;Receitas Brutas Realizadas;RO1.9.0.0.00.0.0;1.9.0.0.00.0.0 - Outras Receitas Correntes;2296674,73;92671
2023;Prefeitura Municipal de Luís Eduardo Magalhães - BA;2919553;BA;DCA-Anexo I-C;Padrão;Receitas Brutas Realizadas;RO1.9.1.0.00.0.0;1.9.1.0.00.0.0 - Multas Administrativas, Contratuais e Judiciais;1255052,88;92671
2023;Prefeitura Municipal de Luís Eduardo Magalhães - BA;2919553;BA;DCA-Anexo I-C;Padrão;Receitas Brutas Realizadas;RO1.9.1.1.00.0.0;1.9.1.1.00.0.0 - Multas Administrativas, Contratuais e Judiciais;1255052,88;92671
2023;Prefeitura Municipal de Luís Eduardo Magalhães - BA;2919553;BA;DCA-Anexo I-C;Padrão;Receitas Brutas Realizadas;RO1.9.1.1.01.0.0;1.9.1.1.01.0.0 - Multas Previstas em Legislação Específica;1241162,88;92671
2023;Prefeitura Municipal de Luís Eduardo Magalhães - BA;2919553;BA;DCA-Anexo I-C;Padrão;Receitas Brutas Realizadas;RO1.9.1.1.07.0.0;1.9.1.1.07.0.0 - Multas Aplicadas pelos Tribunais de Contas;13890,00;92671
2023;Prefeitura Municipal de Luís Eduardo Magalhães - BA;2919553;BA;DCA-Anexo I-C;Padrão;Receitas Brutas Realizadas;RO1.9.2.0.00.0.0;1.9.2.0.00.0.0 - Indenizações, Restituições e Ressarcimentos;615335,94;92671
2023;Prefeitura Municipal de Luís Eduardo Magalhães - BA;2919553;BA;DCA-Anexo I-C;Padrão;Receitas Brutas Realizadas;RO1.9.2.2.00.0.0;1.9.2.2.00.0.0 - Restituições;615335,94;92671
2023;Prefeitura Municipal de Luís Eduardo Magalhães - BA;2919553;BA;DCA-Anexo I-C;Padrão;Receitas Brutas Realizadas;RO1.9.2.2.99.0.0;1.9.2.2.99.0.0 - Outras Restituições;615335,94;92671
2023;Prefeitura Municipal de Luís Eduardo Magalhães - BA;2919553;BA;DCA-Anexo I-C;Padrão;Receitas Brutas Realizadas;RO1.9.9.0.00.0.0;1.9.9.0.00.0.0 - Demais Receitas Correntes;426285,91;92671
2023;Prefeitura Municipal de Luís Eduardo Magalhães - BA;2919553;BA;DCA-Anexo I-C;Padrão;Receitas Brutas Realizadas;RO1.9.9.9.00.0.0;1.9.9.9.00.0.0 - Outras Receitas Correntes;426285,91;92671
2023;Prefeitura Municipal de Luís Eduardo Magalhães - BA;2919553;BA;DCA-Anexo I-C;Padrão;Receitas Brutas Realizadas;RO1.9.9.9.99.0.0;1.9.9.9.99.0.0 - Outras Receitas;426285,91;92671
2023;Prefeitura Municipal de Luís Eduardo Magalhães - BA;2919553;BA;DCA-Anexo I-C;Padrão;Receitas Brutas Realizadas;RO1.9.9.9.99.1.0;1.9.9.9.99.1.0 - Outras Receitas Administradas pela RFB;426285,91;92671
2023;Prefeitura Municipal de Luís Eduardo Magalhães - BA;2919553;BA;DCA-Anexo I-C;Padrão;Receitas Brutas Realizadas;RO2.0.0.0.00.0.0;2.0.0.0.00.0.0 - Receitas de Capital;83152253,70;92671
2023;Prefeitura Municipal de Luís Eduardo Magalhães - BA;2919553;BA;DCA-Anexo I-C;Padrão;Receitas Brutas Realizadas;RO2.1.0.0.00.0.0;2.1.0.0.00.0.0 - Operações de Crédito;73282418,56;92671
2023;Prefeitura Municipal de Luís Eduardo Magalhães - BA;2919553;BA;DCA-Anexo I-C;Padrão;Receitas Brutas Realizadas;RO2.1.1.0.00.0.0;2.1.1.0.00.0.0 - Operações de Crédito - Mercado Interno;73282418,56;92671
2023;Prefeitura Municipal de Luís Eduardo Magalhães - BA;2919553;BA;DCA-Anexo I-C;Padrão;Receitas Brutas Realizadas;RO2.1.1.1.00.0.0;2.1.1.1.00.0.0 - Títulos de Responsabilidade do Tesouro Nacional - Mercado Interno;1490,70;92671
2023;Prefeitura Municipal de Luís Eduardo Magalhães - BA;2919553;BA;DCA-Anexo I-C;Padrão;Receitas Brutas Realizadas;RO2.1.1.1.03.0.0;2.1.1.1.03.0.0 - Títulos da Dívida Agrária - TDA;1490,70;92671
2023;Prefeitura Municipal de Luís Eduardo Magalhães - BA;2919553;BA;DCA-Anexo I-C;Padrão;Receitas Brutas Realizadas;RO2.1.1.2.00.0.0;2.1.1.2.00.0.0 - Operações de Crédito Contratuais - Mercado Interno;73280927,86;92671
2023;Prefeitura Municipal de Luís Eduardo Magalhães - BA;2919553;BA;DCA-Anexo I-C;Padrão;Receitas Brutas Realizadas;RO2.1.1.2.01.0.0;2.1.1.2.01.0.0 - Operações de Crédito Contratuais - Mercado Interno;73280927,86;92671
2023;Prefeitura Municipal de Luís Eduardo Magalhães - BA;2919553;BA;DCA-Anexo I-C;Padrão;Receitas Brutas Realizadas;RO2.2.0.0.00.0.0;2.2.0.0.00.0.0 - Alienação de Bens;7692992,50;92671
2023;Prefeitura Municipal de Luís Eduardo Magalhães - BA;2919553;BA;DCA-Anexo I-C;Padrão;Receitas Brutas Realizadas;RO2.2.1.0.00.0.0;2.2.1.0.00.0.0 - Alienação de Bens Móveis;1332300,00;92671
2023;Prefeitura Municipal de Luís Eduardo Magalhães - BA;2919553;BA;DCA-Anexo I-C;Padrão;Receitas Brutas Realizadas;RO2.2.1.3.00.0.0;2.2.1.3.00.0.0 - Alienação de Bens Móveis e Semoventes;1332300,00;92671
2023;Prefeitura Municipal de Luís Eduardo Magalhães - BA;2919553;BA;DCA-Anexo I-C;Padrão;Receitas Brutas Realizadas;RO2.2.2.0.00.0.0;2.2.2.0.00.0.0 - Alienação de Bens Imóveis;6360692,50;92671
2023;Prefeitura Municipal de Luís Eduardo Magalhães - BA;2919553;BA;DCA-Anexo I-C;Padrão;Receitas Brutas Realizadas;RO2.4.0.0.00.0.0;2.4.0.0.00.0.0 - Transferências de Capital;2176842,64;92671
2023;Prefeitura Municipal de Luís Eduardo Magalhães - BA;2919553;BA;DCA-Anexo I-C;Padrão;Receitas Brutas Realizadas;RO2.4.1.0.00.0.0;2.4.1.0.00.0.0 - Transferências da União e de suas Entidades;1813104,00;92671
2023;Prefeitura Municipal de Luís Eduardo Magalhães - BA;2919553;BA;DCA-Anexo I-C;Padrão;Receitas Brutas Realizadas;RO2.4.1.1.00.0.0;2.4.1.1.00.0.0 - Transferências de Recursos do Sistema Único de Saúde - SUS;648533,00;92671
2023;Prefeitura Municipal de Luís Eduardo Magalhães - BA;2919553;BA;DCA-Anexo I-C;Padrão;Receitas Brutas Realizadas;RO2.4.1.1.51.0.0;2.4.1.1.51.0.0 - Transferências de Recursos do Sistema Único de Saúde ¿ SUS - Fundo a Fundo - Bloco de Estruturação da Rede de Serviços Públicos de Saúde;648533,00;92671
2023;Prefeitura Municipal de Luís Eduardo Magalhães - BA;2919553;BA;DCA-Anexo I-C;Padrão;Receitas Brutas Realizadas;RO2.4.1.1.51.1.0;2.4.1.1.51.1.0 - Transferências de Recursos do Bloco de Estruturação da Rede de Serviços Públicos de Saúde - Atenção Primária;648533,00;92671
2023;Prefeitura Municipal de Luís Eduardo Magalhães - BA;2919553;BA;DCA-Anexo I-C;Padrão;Receitas Brutas Realizadas;RO2.4.1.9.00.0.0;2.4.1.9.00.0.0 - Outras Transferências de Recursos da União e de suas Entidades;1164571,00;92671
2023;Prefeitura Municipal de Luís Eduardo Magalhães - BA;2919553;BA;DCA-Anexo I-C;Padrão;Receitas Brutas Realizadas;RO2.4.1.9.99.0.0;2.4.1.9.99.0.0 - Outras Transferências De Recursos da União e de suas Entidades;1164571,00;92671
2023;Prefeitura Municipal de Luís Eduardo Magalhães - BA;2919553;BA;DCA-Anexo I-C;Padrão;Receitas Brutas Realizadas;RO2.4.2.0.00.0.0;2.4.2.0.00.0.0 - Transferências dos Estados e do Distrito Federal e de suas Entidades;363738,64;92671
2023;Prefeitura Municipal de Luís Eduardo Magalhães - BA;2919553;BA;DCA-Anexo I-C;Padrão;Receitas Brutas Realizadas;RO2.4.2.2.00.0.0;2.4.2.2.00.0.0 - Transferências de Convênios dos Estados e DF e de Suas Entidades ;363738,64;92671
2023;Prefeitura Municipal de Luís Eduardo Magalhães - BA;2919553;BA;DCA-Anexo I-C;Padrão;Receitas Brutas Realizadas;RO2.4.2.2.99.0.0;2.4.2.2.99.0.0 - Outras Transferências de Convênios dos Estados e DF e de Suas Entidades;363738,64;92671
2023;Prefeitura Municipal de Luís Eduardo Magalhães - BA;2919553;BA;DCA-Anexo I-C;Padrão;Receitas Brutas Realizadas;TotalReceitas;TOTAL DAS RECEITAS (III) = (I + II);852748423,41;92671
2023;Prefeitura Municipal de Luís Eduardo Magalhães - BA;2919553;BA;DCA-Anexo I-C;Padrão;Deduções - FUNDEB;TotalReceitas;TOTAL DAS RECEITAS (III) = (I + II);76675762,67;92671
2024;Prefeitura Municipal de Luís Eduardo Magalhães - BA;2919553;BA;DCA-Anexo I-C;Padrão;Receitas Brutas Realizadas;ReceitasExcetoIntraOrcamentarias;RECEITAS (EXCETO INTRA-ORÇAMENTÁRIAS) (I);1011534045,68;108271
2024;Prefeitura Municipal de Luís Eduardo Magalhães - BA;2919553;BA;DCA-Anexo I-C;Padrão;Deduções - FUNDEB;ReceitasExcetoIntraOrcamentarias;RECEITAS (EXCETO INTRA-ORÇAMENTÁRIAS) (I);88854852,47;108271
2024;Prefeitura Municipal de Luís Eduardo Magalhães - BA;2919553;BA;DCA-Anexo I-C;Padrão;Receitas Brutas Realizadas;RO1.0.0.0.00.0.0;1.0.0.0.00.0.0 - Receitas Correntes;908746660,96;108271
2024;Prefeitura Municipal de Luís Eduardo Magalhães - BA;2919553;BA;DCA-Anexo I-C;Padrão;Deduções - FUNDEB;RO1.0.0.0.00.0.0;1.0.0.0.00.0.0 - Receitas Correntes;88854852,47;108271
2024;Prefeitura Municipal de Luís Eduardo Magalhães - BA;2919553;BA;DCA-Anexo I-C;Padrão;Receitas Brutas Realizadas;RO1.1.0.0.00.0.0;1.1.0.0.00.0.0 - Impostos, Taxas e Contribuições de Melhoria;217732179,13;108271
2024;Prefeitura Municipal de Luís Eduardo Magalhães - BA;2919553;BA;DCA-Anexo I-C;Padrão;Receitas Brutas Realizadas;RO1.1.1.0.00.0.0;1.1.1.0.00.0.0 - Impostos;198656525,68;108271
2024;Prefeitura Municipal de Luís Eduardo Magalhães - BA;2919553;BA;DCA-Anexo I-C;Padrão;Receitas Brutas Realizadas;RO1.1.1.2.00.0.0;1.1.1.2.00.0.0 - Impostos sobre o Patrimônio;68867695,40;108271
2024;Prefeitura Municipal de Luís Eduardo Magalhães - BA;2919553;BA;DCA-Anexo I-C;Padrão;Receitas Brutas Realizadas;RO1.1.1.2.50.0.0;1.1.1.2.50.0.0 - Imposto sobre a Propriedade Predial e Territorial Urbana;46744612,16;108271
2024;Prefeitura Municipal de Luís Eduardo Magalhães - BA;2919553;BA;DCA-Anexo I-C;Padrão;Receitas Brutas Realizadas;RO1.1.1.2.53.0.0;"1.1.1.2.53.0.0 - Impostos sobre Transmissão ""Inter Vivos"" de Bens Imóveis e de Direitos Reais sobre Imóveis";22123083,24;108271
2024;Prefeitura Municipal de Luís Eduardo Magalhães - BA;2919553;BA;DCA-Anexo I-C;Padrão;Receitas Brutas Realizadas;RO1.1.1.3.00.0.0;1.1.1.3.00.0.0 - Impostos sobre a Renda e Proventos de Qualquer Natureza;43042940,82;108271
2024;Prefeitura Municipal de Luís Eduardo Magalhães - BA;2919553;BA;DCA-Anexo I-C;Padrão;Receitas Brutas Realizadas;RO1.1.1.3.03.0.0;1.1.1.3.03.0.0 - Imposto sobre a Renda - Retido na Fonte;43042940,82;108271
2024;Prefeitura Municipal de Luís Eduardo Magalhães - BA;2919553;BA;DCA-Anexo I-C;Padrão;Receitas Brutas Realizadas;RO1.1.1.3.03.1.0;1.1.1.3.03.1.0 - Imposto sobre a Renda - Retido na Fonte - Trabalho;10378002,55;108271
2024;Prefeitura Municipal de Luís Eduardo Magalhães - BA;2919553;BA;DCA-Anexo I-C;Padrão;Receitas Brutas Realizadas;RO1.1.1.3.03.4.0;1.1.1.3.03.4.0 - Imposto sobre a Renda - Retido na Fonte - Outros Rendimentos;32664938,27;108271
2024;Prefeitura Municipal de Luís Eduardo Magalhães - BA;2919553;BA;DCA-Anexo I-C;Padrão;Receitas Brutas Realizadas;RO1.1.1.4.00.0.0;1.1.1.4.00.0.0 - Impostos sobre a Produção e Circulação de Mercadorias e Serviços;86745889,46;108271
2024;Prefeitura Municipal de Luís Eduardo Magalhães - BA;2919553;BA;DCA-Anexo I-C;Padrão;Receitas Brutas Realizadas;RO1.1.1.4.51.0.0;1.1.1.4.51.0.0 - Impostos sobre Serviços;86745889,46;108271
2024;Prefeitura Municipal de Luís Eduardo Magalhães - BA;2919553;BA;DCA-Anexo I-C;Padrão;Receitas Brutas Realizadas;RO1.1.1.4.51.1.0;1.1.1.4.51.1.0 - Imposto sobre Serviços de Qualquer Natureza - ISSQN;86745889,46;108271
2024;Prefeitura Municipal de Luís Eduardo Magalhães - BA;2919553;BA;DCA-Anexo I-C;Padrão;Receitas Brutas Realizadas;RO1.1.2.0.00.0.0;1.1.2.0.00.0.0 - Taxas;19075653,45;108271
2024;Prefeitura Municipal de Luís Eduardo Magalhães - BA;2919553;BA;DCA-Anexo I-C;Padrão;Receitas Brutas Realizadas;RO1.1.2.1.00.0.0;1.1.2.1.00.0.0 - Taxas pelo Exercício do Poder de Polícia;11320183,49;108271
2024;Prefeitura Municipal de Luís Eduardo Magalhães - BA;2919553;BA;DCA-Anexo I-C;Padrão;Receitas Brutas Realizadas;RO1.1.2.1.01.0.0;1.1.2.1.01.0.0 - Taxas de Inspeção, Controle e Fiscalização;10320611,53;108271
2024;Prefeitura Municipal de Luís Eduardo Magalhães - BA;2919553;BA;DCA-Anexo I-C;Padrão;Receitas Brutas Realizadas;RO1.1.2.1.04.0.0;1.1.2.1.04.0.0 - Taxa de Controle e Fiscalização Ambiental;322671,53;108271
2024;Prefeitura Municipal de Luís Eduardo Magalhães - BA;2919553;BA;DCA-Anexo I-C;Padrão;Receitas Brutas Realizadas;RO1.1.2.1.50.0.0;1.1.2.1.50.0.0 - Taxa de Fiscalização de Vigilância Sanitária;676900,43;108271
2024;Prefeitura Municipal de Luís Eduardo Magalhães - BA;2919553;BA;DCA-Anexo I-C;Padrão;Receitas Brutas Realizadas;RO1.1.2.2.00.0.0;1.1.2.2.00.0.0 - Taxas pela Prestação de Serviços;7755469,96;108271
2024;Prefeitura Municipal de Luís Eduardo Magalhães - BA;2919553;BA;DCA-Anexo I-C;Padrão;Receitas Brutas Realizadas;RO1.1.2.2.01.0.0;1.1.2.2.01.0.0 - Taxas pela Prestação de Serviços em Geral;4563100,05;108271
2024;Prefeitura Municipal de Luís Eduardo Magalhães - BA;2919553;BA;DCA-Anexo I-C;Padrão;Receitas Brutas Realizadas;RO1.1.2.2.51.0.0;1.1.2.2.51.0.0 - Taxas Extrajudiciais;3192369,91;108271
2024;Prefeitura Municipal de Luís Eduardo Magalhães - BA;2919553;BA;DCA-Anexo I-C;Padrão;Receitas Brutas Realizadas;RO1.2.0.0.00.0.0;1.2.0.0.00.0.0 - Contribuições;11609444,67;108271
2024;Prefeitura Municipal de Luís Eduardo Magalhães - BA;2919553;BA;DCA-Anexo I-C;Padrão;Receitas Brutas Realizadas;RO1.2.4.0.00.0.0;1.2.4.0.00.0.0 - Contribuição para o Custeio do Serviço de Iluminação Pública;11609444,67;108271
2024;Prefeitura Municipal de Luís Eduardo Magalhães - BA;2919553;BA;DCA-Anexo I-C;Padrão;Receitas Brutas Realizadas;RO1.3.0.0.00.0.0;1.3.0.0.00.0.0 - Receita Patrimonial;5710000,41;108271
2024;Prefeitura Municipal de Luís Eduardo Magalhães - BA;2919553;BA;DCA-Anexo I-C;Padrão;Receitas Brutas Realizadas;RO1.3.2.0.00.0.0;1.3.2.0.00.0.0 - Valores Mobiliários;4635047,95;108271
2024;Prefeitura Municipal de Luís Eduardo Magalhães - BA;2919553;BA;DCA-Anexo I-C;Padrão;Receitas Brutas Realizadas;RO1.3.2.1.00.0.0;1.3.2.1.00.0.0 - Juros e Correções Monetárias;4635047,95;108271
2024;Prefeitura Municipal de Luís Eduardo Magalhães - BA;2919553;BA;DCA-Anexo I-C;Padrão;Receitas Brutas Realizadas;RO1.3.2.1.01.0.0;1.3.2.1.01.0.0 - Remuneração de Depósitos Bancários;4635047,95;108271
2024;Prefeitura Municipal de Luís Eduardo Magalhães - BA;2919553;BA;DCA-Anexo I-C;Padrão;Receitas Brutas Realizadas;RO1.3.9.0.00.0.0;1.3.9.0.00.0.0 - Demais Receitas Patrimoniais;1074952,46;108271
2024;Prefeitura Municipal de Luís Eduardo Magalhães - BA;2919553;BA;DCA-Anexo I-C;Padrão;Receitas Brutas Realizadas;RO1.6.0.0.00.0.0;1.6.0.0.00.0.0 - Receita de Serviços;94080,00;108271
2024;Prefeitura Municipal de Luís Eduardo Magalhães - BA;2919553;BA;DCA-Anexo I-C;Padrão;Receitas Brutas Realizadas;RO1.6.1.0.00.0.0;1.6.1.0.00.0.0 - Serviços Administrativos e Comerciais Gerais;94080,00;108271
2024;Prefeitura Municipal de Luís Eduardo Magalhães - BA;2919553;BA;DCA-Anexo I-C;Padrão;Receitas Brutas Realizadas;RO1.6.1.1.00.0.0;1.6.1.1.00.0.0 - Serviços Administrativos e Comerciais Gerais;94080,00;108271
2024;Prefeitura Municipal de Luís Eduardo Magalhães - BA;2919553;BA;DCA-Anexo I-C;Padrão;Receitas Brutas Realizadas;RO1.6.1.1.01.0.0;1.6.1.1.01.0.0 - Serviços Administrativos e Comerciais Gerais Prestados por Entidades e Órgãos Públicos em Geral;94080,00;108271
2024;Prefeitura Municipal de Luís Eduardo Magalhães - BA;2919553;BA;DCA-Anexo I-C;Padrão;Receitas Brutas Realizadas;RO1.7.0.0.00.0.0;1.7.0.0.00.0.0 - Transferências Correntes;667199204,55;108271
2024;Prefeitura Municipal de Luís Eduardo Magalhães - BA;2919553;BA;DCA-Anexo I-C;Padrão;Deduções - FUNDEB;RO1.7.0.0.00.0.0;1.7.0.0.00.0.0 - Transferências Correntes;88854852,47;108271
2024;Prefeitura Municipal de Luís Eduardo Magalhães - BA;2919553;BA;DCA-Anexo I-C;Padrão;Receitas Brutas Realizadas;RO1.7.1.0.00.0.0;1.7.1.0.00.0.0 - Transferências da União e de suas Entidades;216766192,02;108271
2024;Prefeitura Municipal de Luís Eduardo Magalhães - BA;2919553;BA;DCA-Anexo I-C;Padrão;Deduções - FUNDEB;RO1.7.1.0.00.0.0;1.7.1.0.00.0.0 - Transferências da União e de suas Entidades;20202918,26;108271
2024;Prefeitura Municipal de Luís Eduardo Magalhães - BA;2919553;BA;DCA-Anexo I-C;Padrão;Receitas Brutas Realizadas;RO1.7.1.1.00.0.0;1.7.1.1.00.0.0 - Transferências Decorrentes de Participação na Receita da União;110658548,39;108271
2024;Prefeitura Municipal de Luís Eduardo Magalhães - BA;2919553;BA;DCA-Anexo I-C;Padrão;Deduções - FUNDEB;RO1.7.1.1.00.0.0;1.7.1.1.00.0.0 - Transferências Decorrentes de Participação na Receita da União;20202918,26;108271
2024;Prefeitura Municipal de Luís Eduardo Magalhães - BA;2919553;BA;DCA-Anexo I-C;Padrão;Receitas Brutas Realizadas;RO1.7.1.1.51.0.0;1.7.1.1.51.0.0 -Cota-Parte do Fundo de Participação dos Municípios - FPM;103060051,60;108271
2024;Prefeitura Municipal de Luís Eduardo Magalhães - BA;2919553;BA;DCA-Anexo I-C;Padrão;Deduções - FUNDEB;RO1.7.1.1.51.0.0;1.7.1.1.51.0.0 -Cota-Parte do Fundo de Participação dos Municípios - FPM;18683219,02;108271
2024;Prefeitura Municipal de Luís Eduardo Magalhães - BA;2919553;BA;DCA-Anexo I-C;Padrão;Receitas Brutas Realizadas;RO1.7.1.1.51.1.0;1.7.1.1.51.1.0 - Cota-Parte do Fundo de Participação dos Municípios - Cota Mensal;93416097,22;108271
2024;Prefeitura Municipal de Luís Eduardo Magalhães - BA;2919553;BA;DCA-Anexo I-C;Padrão;Deduções - FUNDEB;RO1.7.1.1.51.1.0;1.7.1.1.51.1.0 - Cota-Parte do Fundo de Participação dos Municípios - Cota Mensal;18683219,02;108271
2024;Prefeitura Municipal de Luís Eduardo Magalhães - BA;2919553;BA;DCA-Anexo I-C;Padrão;Receitas Brutas Realizadas;RO1.7.1.1.51.2.0;1.7.1.1.51.2.0 - Cota-Parte do Fundo de Participação dos Municípios - Cotas Extraordinárias;9643954,38;108271
2024;Prefeitura Municipal de Luís Eduardo Magalhães - BA;2919553;BA;DCA-Anexo I-C;Padrão;Receitas Brutas Realizadas;RO1.7.1.1.52.0.0;1.7.1.1.52.0.0 - Cota-Parte do Imposto Sobre a Propriedade Territorial Rural;7598496,79;108271
2024;Prefeitura Municipal de Luís Eduardo Magalhães - BA;2919553;BA;DCA-Anexo I-C;Padrão;Deduções - FUNDEB;RO1.7.1.1.52.0.0;1.7.1.1.52.0.0 - Cota-Parte do Imposto Sobre a Propriedade Territorial Rural;1519699,24;108271
2024;Prefeitura Municipal de Luís Eduardo Magalhães - BA;2919553;BA;DCA-Anexo I-C;Padrão;Receitas Brutas Realizadas;RO1.7.1.2.00.0.0;1.7.1.2.00.0.0 -Transferências das Compensações Financeiras pela Exploração de Recursos Naturais;1867689,62;108271
2024;Prefeitura Municipal de Luís Eduardo Magalhães - BA;2919553;BA;DCA-Anexo I-C;Padrão;Receitas Brutas Realizadas;RO1.7.1.2.51.0.0;1.7.1.2.51.0.0 -Cota-parte da Compensação Financeira pela Exploração de Recursos Minerais - CFEM;19426,44;108271
2024;Prefeitura Municipal de Luís Eduardo Magalhães - BA;2919553;BA;DCA-Anexo I-C;Padrão;Receitas Brutas Realizadas;RO1.7.1.2.52.0.0;1.7.1.2.52.0.0 - Cota-parte da Compensação Financeira pela Produção de Petróleo;1848263,18;108271
2024;Prefeitura Municipal de Luís Eduardo Magalhães - BA;2919553;BA;DCA-Anexo I-C;Padrão;Receitas Brutas Realizadas;RO1.7.1.2.52.4.0;1.7.1.2.52.4.0 - Cota-Parte do Fundo Especial do Petróleo ¿ FEP;1848263,18;108271
2024;Prefeitura Municipal de Luís Eduardo Magalhães - BA;2919553;BA;DCA-Anexo I-C;Padrão;Receitas Brutas Realizadas;RO1.7.1.3.00.0.0;1.7.1.3.00.0.0 -Transferências de Recursos do Sistema Único de Saúde ¿ SUS ;43242956,63;108271
2024;Prefeitura Municipal de Luís Eduardo Magalhães - BA;2919553;BA;DCA-Anexo I-C;Padrão;Receitas Brutas Realizadas;RO1.7.1.3.50.0.0;1.7.1.3.50.0.0 - Transferências de Recursos do Sistema Único de Saúde ¿ SUS ¿ Repasses Fundo a Fundo - Bloco de Manutenção das Ações e Serviços Públicos de Saúde;43242956,63;108271
2024;Prefeitura Municipal de Luís Eduardo Magalhães - BA;2919553;BA;DCA-Anexo I-C;Padrão;Receitas Brutas Realizadas;RO1.7.1.3.50.1.0;1.7.1.3.50.1.0 - Transferências de Recursos do Bloco de Manutenção das Ações e Serviços Públicos de Saúde ¿ Atenção Primária;23896382,23;108271
2024;Prefeitura Municipal de Luís Eduardo Magalhães - BA;2919553;BA;DCA-Anexo I-C;Padrão;Receitas Brutas Realizadas;RO1.7.1.3.50.2.0;1.7.1.3.50.2.0 - Transferências de Recursos do Bloco de Manutenção das Ações e Serviços Públicos de Saúde ¿ Atenção Especializada;16789258,36;108271
2024;Prefeitura Municipal de Luís Eduardo Magalhães - BA;2919553;BA;DCA-Anexo I-C;Padrão;Receitas Brutas Realizadas;RO1.7.1.3.50.3.0;1.7.1.3.50.3.0 - Transferências de Recursos do Bloco de Manutenção das Ações e Serviços Públicos de Saúde ¿ Vigilância em Saúde;1647053,24;108271
2024;Prefeitura Municipal de Luís Eduardo Magalhães - BA;2919553;BA;DCA-Anexo I-C;Padrão;Receitas Brutas Realizadas;RO1.7.1.3.50.4.0;1.7.1.3.50.4.0 -Transferências de Recursos do Bloco de Manutenção das Ações e Serviços Públicos de Saúde ¿ Assistência Farmacêutica;910262,80;108271
2024;Prefeitura Municipal de Luís Eduardo Magalhães - BA;2919553;BA;DCA-Anexo I-C;Padrão;Receitas Brutas Realizadas;RO1.7.1.4.00.0.0;1.7.1.4.00.0.0 -Transferências de Recursos do Fundo Nacional do Desenvolvimento da Educação ¿ FNDE¿ ;14945563,70;108271
2024;Prefeitura Municipal de Luís Eduardo Magalhães - BA;2919553;BA;DCA-Anexo I-C;Padrão;Receitas Brutas Realizadas;RO1.7.1.4.50.0.0;1.7.1.4.50.0.0 - Transferências do Salário-Educação;9881673,71;108271
2024;Prefeitura Municipal de Luís Eduardo Magalhães - BA;2919553;BA;DCA-Anexo I-C;Padrão;Receitas Brutas Realizadas;RO1.7.1.4.52.0.0;1.7.1.4.52.0.0 - Transferências referentes ao Programa Nacional de Alimentação Escolar ¿ PNAE;2449530,10;108271
2024;Prefeitura Municipal de Luís Eduardo Magalhães - BA;2919553;BA;DCA-Anexo I-C;Padrão;Receitas Brutas Realizadas;RO1.7.1.4.53.0.0;1.7.1.4.53.0.0 - Transferências referentes ao Programa Nacional de Apoio ao Transporte do Escolar ¿ PNATE;112807,90;108271
2024;Prefeitura Municipal de Luís Eduardo Magalhães - BA;2919553;BA;DCA-Anexo I-C;Padrão;Receitas Brutas Realizadas;RO1.7.1.4.99.0.0;1.7.1.4.99.0.0 - Outras Transferências Diretas do Fundo Nacional do Desenvolvimento da Educação - FNDE;2501551,99;108271
2024;Prefeitura Municipal de Luís Eduardo Magalhães - BA;2919553;BA;DCA-Anexo I-C;Padrão;Receitas Brutas Realizadas;RO1.7.1.5.00.0.0;1.7.1.5.00.0.0 - Transferências de Recursos de Complementação da União ao Fundo de Manutenção e Desenvolvimento da Educação Básica e de Valorização dos Profissionais da Educação ¿ FUNDEB ;41305938,46;108271
2024;Prefeitura Municipal de Luís Eduardo Magalhães - BA;2919553;BA;DCA-Anexo I-C;Padrão;Receitas Brutas Realizadas;RO1.7.1.6.00.0.0;1.7.1.6.00.0.0 - Transferências de Recursos do Fundo Nacional de Assistência Social ¿ FNAS;1408722,56;108271
2024;Prefeitura Municipal de Luís Eduardo Magalhães - BA;2919553;BA;DCA-Anexo I-C;Padrão;Receitas Brutas Realizadas;RO1.7.1.9.00.0.0;1.7.1.9.00.0.0 - Outras Transferências de Recursos da União e de suas Entidades;3336772,66;108271
2024;Prefeitura Municipal de Luís Eduardo Magalhães - BA;2919553;BA;DCA-Anexo I-C;Padrão;Receitas Brutas Realizadas;RO1.7.1.9.58.0.0;1.7.1.9.58.0.0 - Transferência Obrigatória Decorrente da Lei Complementar nº 176/2020;1266513,36;108271
2024;Prefeitura Municipal de Luís Eduardo Magalhães - BA;2919553;BA;DCA-Anexo I-C;Padrão;Receitas Brutas Realizadas;RO1.7.1.9.99.0.0;1.7.1.9.99.0.0 - Outras Transferências de Recursos da União e de suas Entidades;2070259,30;108271
2024;Prefeitura Municipal de Luís Eduardo Magalhães - BA;2919553;BA;DCA-Anexo I-C;Padrão;Receitas Brutas Realizadas;RO1.7.2.0.00.0.0;1.7.2.0.00.0.0 - Transferências dos Estados e do Distrito Federal e de suas Entidades;348331310,60;108271
2024;Prefeitura Municipal de Luís Eduardo Magalhães - BA;2919553;BA;DCA-Anexo I-C;Padrão;Deduções - FUNDEB;RO1.7.2.0.00.0.0;1.7.2.0.00.0.0 - Transferências dos Estados e do Distrito Federal e de suas Entidades;68651934,21;108271
2024;Prefeitura Municipal de Luís Eduardo Magalhães - BA;2919553;BA;DCA-Anexo I-C;Padrão;Receitas Brutas Realizadas;RO1.7.2.1.00.0.0;1.7.2.1.00.0.0 - Participação na Receita dos Estados e Distrito Federal;345528121,66;108271
2024;Prefeitura Municipal de Luís Eduardo Magalhães - BA;2919553;BA;DCA-Anexo I-C;Padrão;Deduções - FUNDEB;RO1.7.2.1.00.0.0;1.7.2.1.00.0.0 - Participação na Receita dos Estados e Distrito Federal;68651934,21;108271
2024;Prefeitura Municipal de Luís Eduardo Magalhães - BA;2919553;BA;DCA-Anexo I-C;Padrão;Receitas Brutas Realizadas;RO1.7.2.1.50.0.0;1.7.2.1.50.0.0 - Cota-Parte do ICMS;306741127,95;108271
2024;Prefeitura Municipal de Luís Eduardo Magalhães - BA;2919553;BA;DCA-Anexo I-C;Padrão;Deduções - FUNDEB;RO1.7.2.1.50.0.0;1.7.2.1.50.0.0 - Cota-Parte do ICMS;61348225,37;108271
2024;Prefeitura Municipal de Luís Eduardo Magalhães - BA;2919553;BA;DCA-Anexo I-C;Padrão;Receitas Brutas Realizadas;RO1.7.2.1.51.0.0;1.7.2.1.51.0.0 - Cota-Parte do IPVA;36518548,56;108271
2024;Prefeitura Municipal de Luís Eduardo Magalhães - BA;2919553;BA;DCA-Anexo I-C;Padrão;Deduções - FUNDEB;RO1.7.2.1.51.0.0;1.7.2.1.51.0.0 - Cota-Parte do IPVA;7303708,84;108271
2024;Prefeitura Municipal de Luís Eduardo Magalhães - BA;2919553;BA;DCA-Anexo I-C;Padrão;Receitas Brutas Realizadas;RO1.7.2.1.52.0.0;1.7.2.1.52.0.0 - Cota-Parte do IPI - Municípios;2171571,56;108271
2024;Prefeitura Municipal de Luís Eduardo Magalhães - BA;2919553;BA;DCA-Anexo I-C;Padrão;Receitas Brutas Realizadas;RO1.7.2.1.53.0.0;1.7.2.1.53.0.0 - Cota-Parte da Contribuição de Intervenção no Domínio Econômico;96873,59;108271
2024;Prefeitura Municipal de Luís Eduardo Magalhães - BA;2919553;BA;DCA-Anexo I-C;Padrão;Receitas Brutas Realizadas;RO1.7.2.2.00.0.0;1.7.2.2.00.0.0 - Transferências das Compensações Financeiras pela Exploração de Recursos Naturais;70,19;108271
2024;Prefeitura Municipal de Luís Eduardo Magalhães - BA;2919553;BA;DCA-Anexo I-C;Padrão;Receitas Brutas Realizadas;RO1.7.2.2.53.0.0;1.7.2.2.53.0.0 - Outras Transferências Decorrentes de Compensações Financeiras;70,19;108271
2024;Prefeitura Municipal de Luís Eduardo Magalhães - BA;2919553;BA;DCA-Anexo I-C;Padrão;Receitas Brutas Realizadas;RO1.7.2.3.00.0.0;1.7.2.3.00.0.0 - Transferências de Recursos do Sistema Único de Saúde ¿ SUS;2156302,62;108271
2024;Prefeitura Municipal de Luís Eduardo Magalhães - BA;2919553;BA;DCA-Anexo I-C;Padrão;Receitas Brutas Realizadas;RO1.7.2.4.00.0.0;1.7.2.4.00.0.0 - Transferências de Convênios dos Estados e DF e de Suas Entidades;85854,13;108271
2024;Prefeitura Municipal de Luís Eduardo Magalhães - BA;2919553;BA;DCA-Anexo I-C;Padrão;Receitas Brutas Realizadas;RO1.7.2.4.51.0.0;1.7.2.4.51.0.0 -Transferências de Convênios dos Estados Destinadas a Programas de Educação;85854,13;108271
2024;Prefeitura Municipal de Luís Eduardo Magalhães - BA;2919553;BA;DCA-Anexo I-C;Padrão;Receitas Brutas Realizadas;RO1.7.2.9.00.0.0;1.7.2.9.00.0.0 - Outras Transferências dos Estados e Distrito Federal;560962,00;108271
2024;Prefeitura Municipal de Luís Eduardo Magalhães - BA;2919553;BA;DCA-Anexo I-C;Padrão;Receitas Brutas Realizadas;RO1.7.2.9.51.0.0;1.7.2.9.51.0.0 - Transferências de Estados destinadas à Assistência Social;560962,00;108271
2024;Prefeitura Municipal de Luís Eduardo Magalhães - BA;2919553;BA;DCA-Anexo I-C;Padrão;Receitas Brutas Realizadas;RO1.7.5.0.00.0.0;1.7.5.0.00.0.0 - Transferências de Outras Instituições Públicas;102101701,93;108271
2024;Prefeitura Municipal de Luís Eduardo Magalhães - BA;2919553;BA;DCA-Anexo I-C;Padrão;Receitas Brutas Realizadas;RO1.7.5.1.00.0.0;1.7.5.1.00.0.0 - Transferências de Recursos do Fundo de Manutenção e Desenvolvimento da Educação Básica e de Valorização dos Profissionais da Educação - FUNDEB;102101701,93;108271
2024;Prefeitura Municipal de Luís Eduardo Magalhães - BA;2919553;BA;DCA-Anexo I-C;Padrão;Receitas Brutas Realizadas;RO1.9.0.0.00.0.0;1.9.0.0.00.0.0 - Outras Receitas Correntes;6401752,20;108271
2024;Prefeitura Municipal de Luís Eduardo Magalhães - BA;2919553;BA;DCA-Anexo I-C;Padrão;Receitas Brutas Realizadas;RO1.9.1.0.00.0.0;1.9.1.0.00.0.0 - Multas Administrativas, Contratuais e Judiciais;5195272,31;108271
2024;Prefeitura Municipal de Luís Eduardo Magalhães - BA;2919553;BA;DCA-Anexo I-C;Padrão;Receitas Brutas Realizadas;RO1.9.1.1.00.0.0;1.9.1.1.00.0.0 - Multas Administrativas, Contratuais e Judiciais;5195272,31;108271
2024;Prefeitura Municipal de Luís Eduardo Magalhães - BA;2919553;BA;DCA-Anexo I-C;Padrão;Receitas Brutas Realizadas;RO1.9.1.1.01.0.0;1.9.1.1.01.0.0 - Multas Previstas em Legislação Específica;5187594,54;108271
2024;Prefeitura Municipal de Luís Eduardo Magalhães - BA;2919553;BA;DCA-Anexo I-C;Padrão;Receitas Brutas Realizadas;RO1.9.1.1.07.0.0;1.9.1.1.07.0.0 - Multas Aplicadas pelos Tribunais de Contas;7677,77;108271
2024;Prefeitura Municipal de Luís Eduardo Magalhães - BA;2919553;BA;DCA-Anexo I-C;Padrão;Receitas Brutas Realizadas;RO1.9.2.0.00.0.0;1.9.2.0.00.0.0 - Indenizações, Restituições e Ressarcimentos;801942,21;108271
2024;Prefeitura Municipal de Luís Eduardo Magalhães - BA;2919553;BA;DCA-Anexo I-C;Padrão;Receitas Brutas Realizadas;RO1.9.2.1.00.0.0;1.9.2.1.00.0.0 - Indenizações;59663,40;108271
2024;Prefeitura Municipal de Luís Eduardo Magalhães - BA;2919553;BA;DCA-Anexo I-C;Padrão;Receitas Brutas Realizadas;RO1.9.2.1.03.0.0;1.9.2.1.03.0.0 - Indenização por Sinistro;59663,40;108271
2024;Prefeitura Municipal de Luís Eduardo Magalhães - BA;2919553;BA;DCA-Anexo I-C;Padrão;Receitas Brutas Realizadas;RO1.9.2.2.00.0.0;1.9.2.2.00.0.0 - Restituições;742278,81;108271
2024;Prefeitura Municipal de Luís Eduardo Magalhães - BA;2919553;BA;DCA-Anexo I-C;Padrão;Receitas Brutas Realizadas;RO1.9.2.2.99.0.0;1.9.2.2.99.0.0 - Outras Restituições;742278,81;108271
2024;Prefeitura Municipal de Luís Eduardo Magalhães - BA;2919553;BA;DCA-Anexo I-C;Padrão;Receitas Brutas Realizadas;RO1.9.9.0.00.0.0;1.9.9.0.00.0.0 - Demais Receitas Correntes;404537,68;108271
2024;Prefeitura Municipal de Luís Eduardo Magalhães - BA;2919553;BA;DCA-Anexo I-C;Padrão;Receitas Brutas Realizadas;RO1.9.9.9.00.0.0;1.9.9.9.00.0.0 - Outras Receitas Correntes;404537,68;108271
2024;Prefeitura Municipal de Luís Eduardo Magalhães - BA;2919553;BA;DCA-Anexo I-C;Padrão;Receitas Brutas Realizadas;RO1.9.9.9.99.0.0;1.9.9.9.99.0.0 - Outras Receitas;404537,68;108271
2024;Prefeitura Municipal de Luís Eduardo Magalhães - BA;2919553;BA;DCA-Anexo I-C;Padrão;Receitas Brutas Realizadas;RO1.9.9.9.99.1.0;1.9.9.9.99.1.0 - Outras Receitas Administradas pela RFB;404537,68;108271
2024;Prefeitura Municipal de Luís Eduardo Magalhães - BA;2919553;BA;DCA-Anexo I-C;Padrão;Receitas Brutas Realizadas;RO2.0.0.0.00.0.0;2.0.0.0.00.0.0 - Receitas de Capital;102787384,72;108271
2024;Prefeitura Municipal de Luís Eduardo Magalhães - BA;2919553;BA;DCA-Anexo I-C;Padrão;Receitas Brutas Realizadas;RO2.1.0.0.00.0.0;2.1.0.0.00.0.0 - Operações de Crédito;95720287,72;108271
2024;Prefeitura Municipal de Luís Eduardo Magalhães - BA;2919553;BA;DCA-Anexo I-C;Padrão;Receitas Brutas Realizadas;RO2.1.1.0.00.0.0;2.1.1.0.00.0.0 - Operações de Crédito - Mercado Interno;95720287,72;108271
2024;Prefeitura Municipal de Luís Eduardo Magalhães - BA;2919553;BA;DCA-Anexo I-C;Padrão;Receitas Brutas Realizadas;RO2.1.1.2.00.0.0;2.1.1.2.00.0.0 - Operações de Crédito Contratuais - Mercado Interno;95720287,72;108271
2024;Prefeitura Municipal de Luís Eduardo Magalhães - BA;2919553;BA;DCA-Anexo I-C;Padrão;Receitas Brutas Realizadas;RO2.1.1.2.01.0.0;2.1.1.2.01.0.0 - Operações de Crédito Contratuais - Mercado Interno;95720287,72;108271
2024;Prefeitura Municipal de Luís Eduardo Magalhães - BA;2919553;BA;DCA-Anexo I-C;Padrão;Receitas Brutas Realizadas;RO2.4.0.0.00.0.0;2.4.0.0.00.0.0 - Transferências de Capital;7067097,00;108271
2024;Prefeitura Municipal de Luís Eduardo Magalhães - BA;2919553;BA;DCA-Anexo I-C;Padrão;Receitas Brutas Realizadas;RO2.4.1.0.00.0.0;2.4.1.0.00.0.0 - Transferências da União e de suas Entidades;7067097,00;108271
2024;Prefeitura Municipal de Luís Eduardo Magalhães - BA;2919553;BA;DCA-Anexo I-C;Padrão;Receitas Brutas Realizadas;RO2.4.1.4.00.0.0;2.4.1.4.00.0.0 - Transferências de Convênios da União e de suas Entidades ;6467097,00;108271
2024;Prefeitura Municipal de Luís Eduardo Magalhães - BA;2919553;BA;DCA-Anexo I-C;Padrão;Receitas Brutas Realizadas;RO2.4.1.4.54.0.0;2.4.1.4.54.0.0 - Transferências de Convênios da União destinadas a Programas de Infraestrutura em Transporte;6467097,00;108271
2024;Prefeitura Municipal de Luís Eduardo Magalhães - BA;2919553;BA;DCA-Anexo I-C;Padrão;Receitas Brutas Realizadas;RO2.4.1.9.00.0.0;2.4.1.9.00.0.0 - Outras Transferências de Recursos da União e de suas Entidades;600000,00;108271
2024;Prefeitura Municipal de Luís Eduardo Magalhães - BA;2919553;BA;DCA-Anexo I-C;Padrão;Receitas Brutas Realizadas;RO2.4.1.9.99.0.0;2.4.1.9.99.0.0 - Outras Transferências De Recursos da União e de suas Entidades;600000,00;108271
2024;Prefeitura Municipal de Luís Eduardo Magalhães - BA;2919553;BA;DCA-Anexo I-C;Padrão;Receitas Brutas Realizadas;TotalReceitas;TOTAL DAS RECEITAS (III) = (I + II);1011534045,68;108271
2024;Prefeitura Municipal de Luís Eduardo Magalhães - BA;2919553;BA;DCA-Anexo I-C;Padrão;Deduções - FUNDEB;TotalReceitas;TOTAL DAS RECEITAS (III) = (I + II);88854852,47;108271
