exercicio;instituicao;cod_ibge;uf;anexo;rotulo;coluna;cod_conta;conta;valor;populacao
2014;Prefeitura Municipal de Candelária - RS;4304200;RS;DCA-Anexo I-C;NA;Receitas Brutas Realizadas;TotalReceitas;Total Receitas;76641415,43;31407
2014;Prefeitura Municipal de Candelária - RS;4304200;RS;DCA-Anexo I-C;NA;Deduções - FUNDEB;TotalReceitas;Total Receitas;6296717,52;31407
2014;Prefeitura Municipal de Candelária - RS;4304200;RS;DCA-Anexo I-C;NA;Outras Deduções da Receita;TotalReceitas;Total Receitas;815580,12;31407
2014;Prefeitura Municipal de Candelária - RS;4304200;RS;DCA-Anexo I-C;NA;Receitas Brutas Realizadas;RO1.0.0.0.00.00.00;1.0.0.0.00.00.00 - Receitas Correntes;69376033,58;31407
2014;Prefeitura Municipal de Candelária - RS;4304200;RS;DCA-Anexo I-C;NA;Deduções - FUNDEB;RO1.0.0.0.00.00.00;1.0.0.0.00.00.00 - Receitas Correntes;6296717,52;31407
2014;Prefeitura Municipal de Candelária - RS;4304200;RS;DCA-Anexo I-C;NA;Outras Deduções da Receita;RO1.0.0.0.00.00.00;1.0.0.0.00.00.00 - Receitas Correntes;815580,12;31407
2014;Prefeitura Municipal de Candelária - RS;4304200;RS;DCA-Anexo I-C;NA;Receitas Brutas Realizadas;RO1.1.0.0.00.00.00;1.1.0.0.00.00.00 - Receita Tributária;3712865,87;31407
2014;Prefeitura Municipal de Candelária - RS;4304200;RS;DCA-Anexo I-C;NA;Receitas Brutas Realizadas;RO1.1.1.0.00.00.00;1.1.1.0.00.00.00 - Impostos;3193148,07;31407
2014;Prefeitura Municipal de Candelária - RS;4304200;RS;DCA-Anexo I-C;NA;Receitas Brutas Realizadas;RO1.1.1.2.00.00.00;1.1.1.2.00.00.00 - Impostos sobre o Patrimônio e a Renda;1979618,43;31407
2014;Prefeitura Municipal de Candelária - RS;4304200;RS;DCA-Anexo I-C;NA;Receitas Brutas Realizadas;RO1.1.1.2.02.00.00;1.1.1.2.02.00.00 - Imposto sobre a Propriedade Predial e Territorial Urbana ¿ IPTU;689695,92;31407
2014;Prefeitura Municipal de Candelária - RS;4304200;RS;DCA-Anexo I-C;NA;Receitas Brutas Realizadas;RO1.1.1.2.04.00.00;1.1.1.2.04.00.00 - Imposto sobre a Renda e Proventos de Qualquer Natureza ¿ IR;651377,46;31407
2014;Prefeitura Municipal de Candelária - RS;4304200;RS;DCA-Anexo I-C;NA;Receitas Brutas Realizadas;RO1.1.1.2.04.31.00;1.1.1.2.04.31.00 - Retido nas Fontes - Trabalho;651377,46;31407
2014;Prefeitura Municipal de Candelária - RS;4304200;RS;DCA-Anexo I-C;NA;Receitas Brutas Realizadas;RO1.1.1.2.08.00.00;"1.1.1.2.08.00.00 - Imposto sobre Transmissão ""Inter Vivos"" de Bens Imóveis e de Direitos Reais sobre Imóveis ¿ ITBI";638545,05;31407
2014;Prefeitura Municipal de Candelária - RS;4304200;RS;DCA-Anexo I-C;NA;Receitas Brutas Realizadas;RO1.1.1.3.00.00.00;1.1.1.3.00.00.00 - Impostos sobre a Produção e a Circulação;1213529,64;31407
2014;Prefeitura Municipal de Candelária - RS;4304200;RS;DCA-Anexo I-C;NA;Receitas Brutas Realizadas;RO1.1.1.3.05.00.00;1.1.1.3.05.00.00 - Imposto sobre Serviços de Qualquer Natureza ¿ ISSQN;1213529,64;31407
2014;Prefeitura Municipal de Candelária - RS;4304200;RS;DCA-Anexo I-C;NA;Receitas Brutas Realizadas;RO1.1.2.0.00.00.00;1.1.2.0.00.00.00 - Taxas;499880,99;31407
2014;Prefeitura Municipal de Candelária - RS;4304200;RS;DCA-Anexo I-C;NA;Receitas Brutas Realizadas;RO1.1.2.1.00.00.00;1.1.2.1.00.00.00 - Taxas pelo Exercício do Poder de Polícia;189492,38;31407
2014;Prefeitura Municipal de Candelária - RS;4304200;RS;DCA-Anexo I-C;NA;Receitas Brutas Realizadas;RO1.1.2.2.00.00.00;1.1.2.2.00.00.00 - Taxas pela Prestação de Serviços;310388,61;31407
2014;Prefeitura Municipal de Candelária - RS;4304200;RS;DCA-Anexo I-C;NA;Receitas Brutas Realizadas;RO1.1.3.0.00.00.00;1.1.3.0.00.00.00 - Contribuição de Melhoria;19836,81;31407
2014;Prefeitura Municipal de Candelária - RS;4304200;RS;DCA-Anexo I-C;NA;Receitas Brutas Realizadas;RO1.2.0.0.00.00.00;1.2.0.0.00.00.00 - Receitas de Contribuições;1905999,91;31407
2014;Prefeitura Municipal de Candelária - RS;4304200;RS;DCA-Anexo I-C;NA;Receitas Brutas Realizadas;RO1.2.1.0.00.00.00;1.2.1.0.00.00.00 - Contribuições Sociais;1301693,31;31407
2014;Prefeitura Municipal de Candelária - RS;4304200;RS;DCA-Anexo I-C;NA;Receitas Brutas Realizadas;RO1.2.1.0.29.00.00;1.2.1.0.29.00.00 - Contribuições para o Regime Próprio de Previdência do Servidor Público;1301693,31;31407
2014;Prefeitura Municipal de Candelária - RS;4304200;RS;DCA-Anexo I-C;NA;Receitas Brutas Realizadas;RO1.2.1.0.29.07.00;1.2.1.0.29.07.00 - Contribuição do Servidor Ativo Civil para o Regime Próprio;1301693,31;31407
2014;Prefeitura Municipal de Candelária - RS;4304200;RS;DCA-Anexo I-C;NA;Receitas Brutas Realizadas;RO1.2.3.0.00.00.00;1.2.3.0.00.00.00 - Contribuição para Custeio do Serviço de Iluminação Pública;604306,60;31407
2014;Prefeitura Municipal de Candelária - RS;4304200;RS;DCA-Anexo I-C;NA;Receitas Brutas Realizadas;RO1.3.0.0.00.00.00;1.3.0.0.00.00.00 - Receita Patrimonial;5828722,46;31407
2014;Prefeitura Municipal de Candelária - RS;4304200;RS;DCA-Anexo I-C;NA;Outras Deduções da Receita;RO1.3.0.0.00.00.00;1.3.0.0.00.00.00 - Receita Patrimonial;815580,12;31407
2014;Prefeitura Municipal de Candelária - RS;4304200;RS;DCA-Anexo I-C;NA;Receitas Brutas Realizadas;RO1.3.1.0.00.00.00;1.3.1.0.00.00.00 - Receitas Imobiliárias;29100,79;31407
2014;Prefeitura Municipal de Candelária - RS;4304200;RS;DCA-Anexo I-C;NA;Receitas Brutas Realizadas;RO1.3.1.1.00.00.00;1.3.1.1.00.00.00 - Aluguéis;29100,79;31407
2014;Prefeitura Municipal de Candelária - RS;4304200;RS;DCA-Anexo I-C;NA;Receitas Brutas Realizadas;RO1.3.2.0.00.00.00;1.3.2.0.00.00.00 - Receitas de Valores Mobiliários;5776621,67;31407
2014;Prefeitura Municipal de Candelária - RS;4304200;RS;DCA-Anexo I-C;NA;Outras Deduções da Receita;RO1.3.2.0.00.00.00;1.3.2.0.00.00.00 - Receitas de Valores Mobiliários;815580,12;31407
2014;Prefeitura Municipal de Candelária - RS;4304200;RS;DCA-Anexo I-C;NA;Receitas Brutas Realizadas;RO1.3.2.5.00.00.00;1.3.2.5.00.00.00 - Remuneração de Depósitos Bancários;669643,74;31407
2014;Prefeitura Municipal de Candelária - RS;4304200;RS;DCA-Anexo I-C;NA;Receitas Brutas Realizadas;RO1.3.2.8.00.00.00;1.3.2.8.00.00.00 - Remuneração dos Investimentos do Regime Próprio de Previdência do Servidor;5106977,93;31407
2014;Prefeitura Municipal de Candelária - RS;4304200;RS;DCA-Anexo I-C;NA;Outras Deduções da Receita;RO1.3.2.8.00.00.00;1.3.2.8.00.00.00 - Remuneração dos Investimentos do Regime Próprio de Previdência do Servidor;815580,12;31407
2014;Prefeitura Municipal de Candelária - RS;4304200;RS;DCA-Anexo I-C;NA;Receitas Brutas Realizadas;RO1.3.6.0.00.00.00;1.3.6.0.00.00.00 - Receita da Cessão de Direitos;23000,00;31407
2014;Prefeitura Municipal de Candelária - RS;4304200;RS;DCA-Anexo I-C;NA;Receitas Brutas Realizadas;RO1.6.0.0.00.00.00;1.6.0.0.00.00.00 - Receita de Serviços;100613,02;31407
2014;Prefeitura Municipal de Candelária - RS;4304200;RS;DCA-Anexo I-C;NA;Receitas Brutas Realizadas;RO1.6.0.0.99.00.00;1.6.0.0.99.00.00 - Demais Receitas de Serviços;100613,02;31407
2014;Prefeitura Municipal de Candelária - RS;4304200;RS;DCA-Anexo I-C;NA;Receitas Brutas Realizadas;RO1.7.0.0.00.00.00;1.7.0.0.00.00.00 - Transferências Correntes;56054491,54;31407
2014;Prefeitura Municipal de Candelária - RS;4304200;RS;DCA-Anexo I-C;NA;Deduções - FUNDEB;RO1.7.0.0.00.00.00;1.7.0.0.00.00.00 - Transferências Correntes;6296717,52;31407
2014;Prefeitura Municipal de Candelária - RS;4304200;RS;DCA-Anexo I-C;NA;Receitas Brutas Realizadas;RO1.7.2.0.00.00.00;1.7.2.0.00.00.00 - Transferências Intergovernamentais;53942336,42;31407
2014;Prefeitura Municipal de Candelária - RS;4304200;RS;DCA-Anexo I-C;NA;Deduções - FUNDEB;RO1.7.2.0.00.00.00;1.7.2.0.00.00.00 - Transferências Intergovernamentais;6296717,52;31407
2014;Prefeitura Municipal de Candelária - RS;4304200;RS;DCA-Anexo I-C;NA;Receitas Brutas Realizadas;RO1.7.2.1.00.00.00;1.7.2.1.00.00.00 - Transferências da União;26681277,03;31407
2014;Prefeitura Municipal de Candelária - RS;4304200;RS;DCA-Anexo I-C;NA;Deduções - FUNDEB;RO1.7.2.1.00.00.00;1.7.2.1.00.00.00 - Transferências da União;3264611,12;31407
2014;Prefeitura Municipal de Candelária - RS;4304200;RS;DCA-Anexo I-C;NA;Receitas Brutas Realizadas;RO1.7.2.1.01.00.00;1.7.2.1.01.00.00 - Participação na Receita da União;16947139,18;31407
2014;Prefeitura Municipal de Candelária - RS;4304200;RS;DCA-Anexo I-C;NA;Deduções - FUNDEB;RO1.7.2.1.01.00.00;1.7.2.1.01.00.00 - Participação na Receita da União;3246441,65;31407
2014;Prefeitura Municipal de Candelária - RS;4304200;RS;DCA-Anexo I-C;NA;Receitas Brutas Realizadas;RO1.7.2.1.01.02.00;1.7.2.1.01.02.00 - Cota-Parte do Fundo de Participação dos Municípios ¿ FPM;16833429,56;31407
2014;Prefeitura Municipal de Candelária - RS;4304200;RS;DCA-Anexo I-C;NA;Deduções - FUNDEB;RO1.7.2.1.01.02.00;1.7.2.1.01.02.00 - Cota-Parte do Fundo de Participação dos Municípios ¿ FPM;3223697,38;31407
2014;Prefeitura Municipal de Candelária - RS;4304200;RS;DCA-Anexo I-C;NA;Receitas Brutas Realizadas;RO1.7.2.1.01.05.00;1.7.2.1.01.05.00 - Cota-Parte do Imposto Sobre a Propriedade Territorial Rural ¿ ITR;113709,62;31407
2014;Prefeitura Municipal de Candelária - RS;4304200;RS;DCA-Anexo I-C;NA;Deduções - FUNDEB;RO1.7.2.1.01.05.00;1.7.2.1.01.05.00 - Cota-Parte do Imposto Sobre a Propriedade Territorial Rural ¿ ITR;22744,27;31407
2014;Prefeitura Municipal de Candelária - RS;4304200;RS;DCA-Anexo I-C;NA;Receitas Brutas Realizadas;RO1.7.2.1.22.00.00;1.7.2.1.22.00.00 - Transferências da Compensação Financeira pela Exploração de Recursos Naturais;252469,94;31407
2014;Prefeitura Municipal de Candelária - RS;4304200;RS;DCA-Anexo I-C;NA;Receitas Brutas Realizadas;RO1.7.2.1.22.20.00;1.7.2.1.22.20.00 - Cota-Parte da Compensação Financeira de Recursos Minerais - CFEM;1147,53;31407
2014;Prefeitura Municipal de Candelária - RS;4304200;RS;DCA-Anexo I-C;NA;Receitas Brutas Realizadas;RO1.7.2.1.22.70.00;1.7.2.1.22.70.00 - Cota-Parte do Fundo Especial do Petróleo ¿ FEP;251322,41;31407
2014;Prefeitura Municipal de Candelária - RS;4304200;RS;DCA-Anexo I-C;NA;Receitas Brutas Realizadas;RO1.7.2.1.33.00.00;1.7.2.1.33.00.00 - Transferências de Recursos do Sistema Único de Saúde - SUS - Repasses Fundo a Fundo;7514362,81;31407
2014;Prefeitura Municipal de Candelária - RS;4304200;RS;DCA-Anexo I-C;NA;Receitas Brutas Realizadas;RO1.7.2.1.34.00.00;1.7.2.1.34.00.00 - Transferências de Recursos do Fundo Nacional de Assistência Social ¿ FNAS;313810,57;31407
2014;Prefeitura Municipal de Candelária - RS;4304200;RS;DCA-Anexo I-C;NA;Receitas Brutas Realizadas;RO1.7.2.1.35.00.00;1.7.2.1.35.00.00 - Transferências de Recursos do Fundo Nacional do Desenvolvimento da Educação ¿ FNDE;1160403,65;31407
2014;Prefeitura Municipal de Candelária - RS;4304200;RS;DCA-Anexo I-C;NA;Receitas Brutas Realizadas;RO1.7.2.1.36.00.00;1.7.2.1.36.00.00 - Transferências Financeiras do ICMS ¿ Desoneração ¿ L.C. Nº 87/96;99118,51;31407
2014;Prefeitura Municipal de Candelária - RS;4304200;RS;DCA-Anexo I-C;NA;Deduções - FUNDEB;RO1.7.2.1.36.00.00;1.7.2.1.36.00.00 - Transferências Financeiras do ICMS ¿ Desoneração ¿ L.C. Nº 87/96;18169,47;31407
2014;Prefeitura Municipal de Candelária - RS;4304200;RS;DCA-Anexo I-C;NA;Receitas Brutas Realizadas;RO1.7.2.1.99.00.00;1.7.2.1.99.00.00 - Outras Transferências da União;393972,37;31407
2014;Prefeitura Municipal de Candelária - RS;4304200;RS;DCA-Anexo I-C;NA;Receitas Brutas Realizadas;RO1.7.2.2.00.00.00;1.7.2.2.00.00.00 - Transferências dos Estados;19413775,64;31407
2014;Prefeitura Municipal de Candelária - RS;4304200;RS;DCA-Anexo I-C;NA;Deduções - FUNDEB;RO1.7.2.2.00.00.00;1.7.2.2.00.00.00 - Transferências dos Estados;3032106,40;31407
2014;Prefeitura Municipal de Candelária - RS;4304200;RS;DCA-Anexo I-C;NA;Receitas Brutas Realizadas;RO1.7.2.2.01.00.00;1.7.2.2.01.00.00 - Participação na Receita dos Estados;15156128,07;31407
2014;Prefeitura Municipal de Candelária - RS;4304200;RS;DCA-Anexo I-C;NA;Deduções - FUNDEB;RO1.7.2.2.01.00.00;1.7.2.2.01.00.00 - Participação na Receita dos Estados;3032106,40;31407
2014;Prefeitura Municipal de Candelária - RS;4304200;RS;DCA-Anexo I-C;NA;Receitas Brutas Realizadas;RO1.7.2.2.01.01.00;1.7.2.2.01.01.00 - Cota-Parte do ICMS;13058701,31;31407
2014;Prefeitura Municipal de Candelária - RS;4304200;RS;DCA-Anexo I-C;NA;Deduções - FUNDEB;RO1.7.2.2.01.01.00;1.7.2.2.01.01.00 - Cota-Parte do ICMS;2613392,06;31407
2014;Prefeitura Municipal de Candelária - RS;4304200;RS;DCA-Anexo I-C;NA;Receitas Brutas Realizadas;RO1.7.2.2.01.02.00;1.7.2.2.01.02.00 - Cota-Parte do IPVA;1862252,64;31407
2014;Prefeitura Municipal de Candelária - RS;4304200;RS;DCA-Anexo I-C;NA;Deduções - FUNDEB;RO1.7.2.2.01.02.00;1.7.2.2.01.02.00 - Cota-Parte do IPVA;372547,49;31407
2014;Prefeitura Municipal de Candelária - RS;4304200;RS;DCA-Anexo I-C;NA;Receitas Brutas Realizadas;RO1.7.2.2.01.04.00;1.7.2.2.01.04.00 - Cota-Parte do IPI sobre Exportação;230834,13;31407
2014;Prefeitura Municipal de Candelária - RS;4304200;RS;DCA-Anexo I-C;NA;Deduções - FUNDEB;RO1.7.2.2.01.04.00;1.7.2.2.01.04.00 - Cota-Parte do IPI sobre Exportação;46166,85;31407
2014;Prefeitura Municipal de Candelária - RS;4304200;RS;DCA-Anexo I-C;NA;Receitas Brutas Realizadas;RO1.7.2.2.01.13.00;1.7.2.2.01.13.00 - Cota-Parte da Contribuição de Intervenção no Domínio Econômico;4339,99;31407
2014;Prefeitura Municipal de Candelária - RS;4304200;RS;DCA-Anexo I-C;NA;Receitas Brutas Realizadas;RO1.7.2.2.33.00.00;1.7.2.2.33.00.00 - Transferências de Recursos do Estado para Programas de Saúde - Repasse Fundo a Fundo;4144172,79;31407
2014;Prefeitura Municipal de Candelária - RS;4304200;RS;DCA-Anexo I-C;NA;Receitas Brutas Realizadas;RO1.7.2.2.99.00.00;1.7.2.2.99.00.00 - Outras Transferências dos Estados;113474,78;31407
2014;Prefeitura Municipal de Candelária - RS;4304200;RS;DCA-Anexo I-C;NA;Receitas Brutas Realizadas;RO1.7.2.4.00.00.00;1.7.2.4.00.00.00 - Transferências Multigovernamentais;7847283,75;31407
2014;Prefeitura Municipal de Candelária - RS;4304200;RS;DCA-Anexo I-C;NA;Receitas Brutas Realizadas;RO1.7.2.4.01.00.00;1.7.2.4.01.00.00 - Transferências de Recursos do Fundo de Manutenção e Desenvolvimento do Ensino Fundamental e de Valorização do Magistério - FUNDEB;7847283,75;31407
2014;Prefeitura Municipal de Candelária - RS;4304200;RS;DCA-Anexo I-C;NA;Receitas Brutas Realizadas;RO1.7.3.0.00.00.00;1.7.3.0.00.00.00 - Transferências de Instituições Privadas;16048,65;31407
2014;Prefeitura Municipal de Candelária - RS;4304200;RS;DCA-Anexo I-C;NA;Receitas Brutas Realizadas;RO1.7.6.0.00.00.00;1.7.6.0.00.00.00 - Transferências de Convênios;2096106,47;31407
2014;Prefeitura Municipal de Candelária - RS;4304200;RS;DCA-Anexo I-C;NA;Receitas Brutas Realizadas;RO1.7.6.1.00.00.00;1.7.6.1.00.00.00 - Transferências de Convênios da União e de Suas Entidades;538554,51;31407
2014;Prefeitura Municipal de Candelária - RS;4304200;RS;DCA-Anexo I-C;NA;Receitas Brutas Realizadas;RO1.7.6.1.99.00.00;1.7.6.1.99.00.00 - Outras Transferências de Convênios da União;538554,51;31407
2014;Prefeitura Municipal de Candelária - RS;4304200;RS;DCA-Anexo I-C;NA;Receitas Brutas Realizadas;RO1.7.6.2.00.00.00;1.7.6.2.00.00.00 - Transferências de Convênios dos Estados e do Distrito Federal e de Suas Entidades;1557551,96;31407
2014;Prefeitura Municipal de Candelária - RS;4304200;RS;DCA-Anexo I-C;NA;Receitas Brutas Realizadas;RO1.7.6.2.02.00.00;1.7.6.2.02.00.00 - Transferências de Convênios dos Estados Destinadas a Programas de Educação;1115166,69;31407
2014;Prefeitura Municipal de Candelária - RS;4304200;RS;DCA-Anexo I-C;NA;Receitas Brutas Realizadas;RO1.7.6.2.99.00.00;1.7.6.2.99.00.00 - Outras Transferências de Convênios dos Estados;442385,27;31407
2014;Prefeitura Municipal de Candelária - RS;4304200;RS;DCA-Anexo I-C;NA;Receitas Brutas Realizadas;RO1.9.0.0.00.00.00;1.9.0.0.00.00.00 - Outras Receitas Correntes;1773340,78;31407
2014;Prefeitura Municipal de Candelária - RS;4304200;RS;DCA-Anexo I-C;NA;Receitas Brutas Realizadas;RO1.9.1.0.00.00.00;1.9.1.0.00.00.00 - Multas e Juros de Mora;89407,61;31407
2014;Prefeitura Municipal de Candelária - RS;4304200;RS;DCA-Anexo I-C;NA;Receitas Brutas Realizadas;RO1.9.1.1.00.00.00;1.9.1.1.00.00.00 - Multas e Juros de Mora dos Tributos;16160,27;31407
2014;Prefeitura Municipal de Candelária - RS;4304200;RS;DCA-Anexo I-C;NA;Receitas Brutas Realizadas;RO1.9.1.3.00.00.00;1.9.1.3.00.00.00 - Multas e Juros de Mora da Dívida Ativa dos Tributos;67811,04;31407
2014;Prefeitura Municipal de Candelária - RS;4304200;RS;DCA-Anexo I-C;NA;Receitas Brutas Realizadas;RO1.9.1.5.00.00.00;1.9.1.5.00.00.00 - Multas e Juros de Mora da Dívida Ativa de Outras Receitas;431,58;31407
2014;Prefeitura Municipal de Candelária - RS;4304200;RS;DCA-Anexo I-C;NA;Receitas Brutas Realizadas;RO1.9.1.8.00.00.00;1.9.1.8.00.00.00 - Multas e Juros de Mora de Outras Receitas;1623,51;31407
2014;Prefeitura Municipal de Candelária - RS;4304200;RS;DCA-Anexo I-C;NA;Receitas Brutas Realizadas;RO1.9.1.9.00.00.00;1.9.1.9.00.00.00 - Multas de Outras Origens;3381,21;31407
2014;Prefeitura Municipal de Candelária - RS;4304200;RS;DCA-Anexo I-C;NA;Receitas Brutas Realizadas;RO1.9.2.0.00.00.00;1.9.2.0.00.00.00 - Indenizações e Restituições;1045768,34;31407
2014;Prefeitura Municipal de Candelária - RS;4304200;RS;DCA-Anexo I-C;NA;Receitas Brutas Realizadas;RO1.9.2.2.00.00.00;1.9.2.2.00.00.00 - Restituições;1045768,34;31407
2014;Prefeitura Municipal de Candelária - RS;4304200;RS;DCA-Anexo I-C;NA;Receitas Brutas Realizadas;RO1.9.2.2.10.00.00;1.9.2.2.10.00.00 - Compensações Financeiras entre o Regime Geral e os Regimes Próprios de Previdência dos Servidores;893314,45;31407
2014;Prefeitura Municipal de Candelária - RS;4304200;RS;DCA-Anexo I-C;NA;Receitas Brutas Realizadas;RO1.9.2.2.99.00.00;1.9.2.2.99.00.00 - Outras Restituições;152453,89;31407
2014;Prefeitura Municipal de Candelária - RS;4304200;RS;DCA-Anexo I-C;NA;Receitas Brutas Realizadas;RO1.9.3.0.00.00.00;1.9.3.0.00.00.00 - Receita da Dívida Ativa;248375,84;31407
2014;Prefeitura Municipal de Candelária - RS;4304200;RS;DCA-Anexo I-C;NA;Receitas Brutas Realizadas;RO1.9.3.1.00.00.00;1.9.3.1.00.00.00 - Receita da Dívida Ativa Tributária;192489,40;31407
2014;Prefeitura Municipal de Candelária - RS;4304200;RS;DCA-Anexo I-C;NA;Receitas Brutas Realizadas;RO1.9.3.2.00.00.00;1.9.3.2.00.00.00 - Receita da Dívida Ativa Não Tributária;55886,44;31407
2014;Prefeitura Municipal de Candelária - RS;4304200;RS;DCA-Anexo I-C;NA;Receitas Brutas Realizadas;RO1.9.9.0.00.00.00;1.9.9.0.00.00.00 - Receitas Diversas;389788,99;31407
2014;Prefeitura Municipal de Candelária - RS;4304200;RS;DCA-Anexo I-C;NA;Receitas Brutas Realizadas;RO2.0.0.0.00.00.00;2.0.0.0.00.00.00 - Receitas de Capital;2140121,62;31407
2014;Prefeitura Municipal de Candelária - RS;4304200;RS;DCA-Anexo I-C;NA;Receitas Brutas Realizadas;RO2.1.0.0.00.00.00;2.1.0.0.00.00.00 - Operações de Crédito;63574,62;31407
2014;Prefeitura Municipal de Candelária - RS;4304200;RS;DCA-Anexo I-C;NA;Receitas Brutas Realizadas;RO2.1.1.0.00.00.00;2.1.1.0.00.00.00 - Operações de Crédito Internas;63574,62;31407
2014;Prefeitura Municipal de Candelária - RS;4304200;RS;DCA-Anexo I-C;NA;Receitas Brutas Realizadas;RO2.2.0.0.00.00.00;2.2.0.0.00.00.00 - Alienação de Bens;105200,00;31407
2014;Prefeitura Municipal de Candelária - RS;4304200;RS;DCA-Anexo I-C;NA;Receitas Brutas Realizadas;RO2.2.1.0.00.00.00;2.2.1.0.00.00.00 - Alienação de Bens Móveis;105200,00;31407
2014;Prefeitura Municipal de Candelária - RS;4304200;RS;DCA-Anexo I-C;NA;Receitas Brutas Realizadas;RO2.4.0.0.00.00.00;2.4.0.0.00.00.00 - Transferências de Capital;1971347,00;31407
2014;Prefeitura Municipal de Candelária - RS;4304200;RS;DCA-Anexo I-C;NA;Receitas Brutas Realizadas;RO2.4.2.0.00.00.00;2.4.2.0.00.00.00 - Transferências Intergovernamentais;374494,12;31407
2014;Prefeitura Municipal de Candelária - RS;4304200;RS;DCA-Anexo I-C;NA;Receitas Brutas Realizadas;RO2.4.2.1.00.00.00;2.4.2.1.00.00.00 - Transferências da União;111996,00;31407
2014;Prefeitura Municipal de Candelária - RS;4304200;RS;DCA-Anexo I-C;NA;Receitas Brutas Realizadas;RO2.4.2.1.99.00.00;2.4.2.1.99.00.00 - Outras Transferências da União;111996,00;31407
2014;Prefeitura Municipal de Candelária - RS;4304200;RS;DCA-Anexo I-C;NA;Receitas Brutas Realizadas;RO2.4.2.2.00.00.00;2.4.2.2.00.00.00 - Transferências dos Estados;262498,12;31407
2014;Prefeitura Municipal de Candelária - RS;4304200;RS;DCA-Anexo I-C;NA;Receitas Brutas Realizadas;RO2.4.2.2.02.00.00;2.4.2.2.02.00.00 - Transferências de Recursos Destinados a Programas de Educação;262498,12;31407
2014;Prefeitura Municipal de Candelária - RS;4304200;RS;DCA-Anexo I-C;NA;Receitas Brutas Realizadas;RO2.4.7.0.00.00.00;2.4.7.0.00.00.00 - Transferências de Convênios;1596852,88;31407
2014;Prefeitura Municipal de Candelária - RS;4304200;RS;DCA-Anexo I-C;NA;Receitas Brutas Realizadas;RO2.4.7.1.00.00.00;2.4.7.1.00.00.00 - Transferências de Convênios da União e de suas Entidades;1312304,88;31407
2014;Prefeitura Municipal de Candelária - RS;4304200;RS;DCA-Anexo I-C;NA;Receitas Brutas Realizadas;RO2.4.7.1.02.00.00;2.4.7.1.02.00.00 - Transferências de Convênios da União Destinadas a Programas de Educação;142304,88;31407
2014;Prefeitura Municipal de Candelária - RS;4304200;RS;DCA-Anexo I-C;NA;Receitas Brutas Realizadas;RO2.4.7.1.99.00.00;2.4.7.1.99.00.00 - Outras Transferências de Convênios da União;1170000,00;31407
2014;Prefeitura Municipal de Candelária - RS;4304200;RS;DCA-Anexo I-C;NA;Receitas Brutas Realizadas;RO2.4.7.2.00.00.00;2.4.7.2.00.00.00 - Transferências de Convênios dos Estados e do Distrito Federal e de suas Entidades;284548,00;31407
2014;Prefeitura Municipal de Candelária - RS;4304200;RS;DCA-Anexo I-C;NA;Receitas Brutas Realizadas;RO2.4.7.2.99.00.00;2.4.7.2.99.00.00 - Outras Transferências de Convênios dos Estados;284548,00;31407
2014;Prefeitura Municipal de Candelária - RS;4304200;RS;DCA-Anexo I-C;NA;Receitas Brutas Realizadas;RI7.0.0.0.00.00.00;7.0.0.0.00.00.00 - Receitas Correntes Intraorçamentárias;5125260,23;31407
2014;Prefeitura Municipal de Candelária - RS;4304200;RS;DCA-Anexo I-C;NA;Receitas Brutas Realizadas;RI7.2.0.0.00.00.00;7.2.0.0.00.00.00 - Receitas de Contribuições Intraorçamentárias;5122648,79;31407
2014;Prefeitura Municipal de Candelária - RS;4304200;RS;DCA-Anexo I-C;NA;Receitas Brutas Realizadas;RI7.2.1.0.00.00.00;7.2.1.0.00.00.00 - Contribuições Sociais Intraorçamentárias;5122648,79;31407
2014;Prefeitura Municipal de Candelária - RS;4304200;RS;DCA-Anexo I-C;NA;Receitas Brutas Realizadas;RI7.2.1.0.29.00.00;7.2.1.0.29.00.00 - Contribuições para o Regime Próprio de Previdência do Servidor Público Intraorçamentárias;5122648,79;31407
2014;Prefeitura Municipal de Candelária - RS;4304200;RS;DCA-Anexo I-C;NA;Receitas Brutas Realizadas;RI7.2.1.0.29.01.00;7.2.1.0.29.01.00 - Contribuição Patronal de Servidor Ativo Civil para o Regime Próprio Intraorçamentária;1730949,15;31407
2014;Prefeitura Municipal de Candelária - RS;4304200;RS;DCA-Anexo I-C;NA;Receitas Brutas Realizadas;RI7.2.1.0.29.99.00;7.2.1.0.29.99.00 - Outras Contribuições para o Regime Próprio de Previdência do Servidor Público Intraorçamentárias;3391699,64;31407
2014;Prefeitura Municipal de Candelária - RS;4304200;RS;DCA-Anexo I-C;NA;Receitas Brutas Realizadas;RI7.9.0.0.00.00.00;7.9.0.0.00.00.00 - Outras Receitas Correntes Intraorçamentárias;2611,44;31407
2014;Prefeitura Municipal de Candelária - RS;4304200;RS;DCA-Anexo I-C;NA;Receitas Brutas Realizadas;RI7.9.1.2.00.00.00;7.9.1.2.00.00.00 - Multas e Juros de Mora das Contribuições Intraorçamentárias;2611,44;31407
2014;Prefeitura Municipal de Candelária - RS;4304200;RS;DCA-Anexo I-C;NA;Receitas Brutas Realizadas;RI7.9.1.2.99.00.00;7.9.1.2.99.00.00 - Outras Multas e Juros de Mora de Contribuições Intraorçamentárias;2611,44;31407
2015;Prefeitura Municipal de Candelária - RS;4304200;RS;DCA-Anexo I-C;NA;Receitas Brutas Realizadas;TotalReceitas;Total Receitas;77562519,09;31407
2015;Prefeitura Municipal de Candelária - RS;4304200;RS;DCA-Anexo I-C;NA;Deduções - Transferências Constitucionais;TotalReceitas;Total Receitas;862128,60;31407
2015;Prefeitura Municipal de Candelária - RS;4304200;RS;DCA-Anexo I-C;NA;Deduções - FUNDEB;TotalReceitas;Total Receitas;6706456,79;31407
2015;Prefeitura Municipal de Candelária - RS;4304200;RS;DCA-Anexo I-C;NA;Outras Deduções da Receita;TotalReceitas;Total Receitas;95,11;31407
2015;Prefeitura Municipal de Candelária - RS;4304200;RS;DCA-Anexo I-C;NA;Receitas Brutas Realizadas;RO1.0.0.0.00.00.00;1.0.0.0.00.00.00 - Receitas Correntes;69429926,88;31407
2015;Prefeitura Municipal de Candelária - RS;4304200;RS;DCA-Anexo I-C;NA;Deduções - Transferências Constitucionais;RO1.0.0.0.00.00.00;1.0.0.0.00.00.00 - Receitas Correntes;862128,60;31407
2015;Prefeitura Municipal de Candelária - RS;4304200;RS;DCA-Anexo I-C;NA;Deduções - FUNDEB;RO1.0.0.0.00.00.00;1.0.0.0.00.00.00 - Receitas Correntes;6706456,79;31407
2015;Prefeitura Municipal de Candelária - RS;4304200;RS;DCA-Anexo I-C;NA;Outras Deduções da Receita;RO1.0.0.0.00.00.00;1.0.0.0.00.00.00 - Receitas Correntes;95,11;31407
2015;Prefeitura Municipal de Candelária - RS;4304200;RS;DCA-Anexo I-C;NA;Receitas Brutas Realizadas;RO1.1.0.0.00.00.00;1.1.0.0.00.00.00 - Receita Tributária;3791893,74;31407
2015;Prefeitura Municipal de Candelária - RS;4304200;RS;DCA-Anexo I-C;NA;Deduções - Transferências Constitucionais;RO1.1.0.0.00.00.00;1.1.0.0.00.00.00 - Receita Tributária;64934,21;31407
2015;Prefeitura Municipal de Candelária - RS;4304200;RS;DCA-Anexo I-C;NA;Receitas Brutas Realizadas;RO1.1.1.0.00.00.00;1.1.1.0.00.00.00 - Impostos;3190796,30;31407
2015;Prefeitura Municipal de Candelária - RS;4304200;RS;DCA-Anexo I-C;NA;Deduções - Transferências Constitucionais;RO1.1.1.0.00.00.00;1.1.1.0.00.00.00 - Impostos;45961,42;31407
2015;Prefeitura Municipal de Candelária - RS;4304200;RS;DCA-Anexo I-C;NA;Receitas Brutas Realizadas;RO1.1.1.2.00.00.00;1.1.1.2.00.00.00 - Impostos sobre o Patrimônio e a Renda;2015216,44;31407
2015;Prefeitura Municipal de Candelária - RS;4304200;RS;DCA-Anexo I-C;NA;Deduções - Transferências Constitucionais;RO1.1.1.2.00.00.00;1.1.1.2.00.00.00 - Impostos sobre o Patrimônio e a Renda;45961,40;31407
2015;Prefeitura Municipal de Candelária - RS;4304200;RS;DCA-Anexo I-C;NA;Receitas Brutas Realizadas;RO1.1.1.2.02.00.00;1.1.1.2.02.00.00 - Imposto sobre a Propriedade Predial e Territorial Urbana ¿ IPTU;719690,31;31407
2015;Prefeitura Municipal de Candelária - RS;4304200;RS;DCA-Anexo I-C;NA;Deduções - Transferências Constitucionais;RO1.1.1.2.02.00.00;1.1.1.2.02.00.00 - Imposto sobre a Propriedade Predial e Territorial Urbana ¿ IPTU;45961,40;31407
2015;Prefeitura Municipal de Candelária - RS;4304200;RS;DCA-Anexo I-C;NA;Receitas Brutas Realizadas;RO1.1.1.2.04.00.00;1.1.1.2.04.00.00 - Imposto sobre a Renda e Proventos de Qualquer Natureza ¿ IR;718134,84;31407
2015;Prefeitura Municipal de Candelária - RS;4304200;RS;DCA-Anexo I-C;NA;Receitas Brutas Realizadas;RO1.1.1.2.04.31.00;1.1.1.2.04.31.00 - Retido nas Fontes - Trabalho;597038,55;31407
2015;Prefeitura Municipal de Candelária - RS;4304200;RS;DCA-Anexo I-C;NA;Receitas Brutas Realizadas;RO1.1.1.2.04.34.00;1.1.1.2.04.34.00 - Retido nas Fontes - Outros Rendimentos;121096,29;31407
2015;Prefeitura Municipal de Candelária - RS;4304200;RS;DCA-Anexo I-C;NA;Receitas Brutas Realizadas;RO1.1.1.2.08.00.00;"1.1.1.2.08.00.00 - Imposto sobre Transmissão ""Inter Vivos"" de Bens Imóveis e de Direitos Reais sobre Imóveis ¿ ITBI";577391,29;31407
2015;Prefeitura Municipal de Candelária - RS;4304200;RS;DCA-Anexo I-C;NA;Receitas Brutas Realizadas;RO1.1.1.3.00.00.00;1.1.1.3.00.00.00 - Impostos sobre a Produção e a Circulação;1175579,86;31407
2015;Prefeitura Municipal de Candelária - RS;4304200;RS;DCA-Anexo I-C;NA;Deduções - Transferências Constitucionais;RO1.1.1.3.00.00.00;1.1.1.3.00.00.00 - Impostos sobre a Produção e a Circulação;0,02;31407
2015;Prefeitura Municipal de Candelária - RS;4304200;RS;DCA-Anexo I-C;NA;Receitas Brutas Realizadas;RO1.1.1.3.05.00.00;1.1.1.3.05.00.00 - Imposto sobre Serviços de Qualquer Natureza ¿ ISSQN;1175579,86;31407
2015;Prefeitura Municipal de Candelária - RS;4304200;RS;DCA-Anexo I-C;NA;Deduções - Transferências Constitucionais;RO1.1.1.3.05.00.00;1.1.1.3.05.00.00 - Imposto sobre Serviços de Qualquer Natureza ¿ ISSQN;0,02;31407
2015;Prefeitura Municipal de Candelária - RS;4304200;RS;DCA-Anexo I-C;NA;Receitas Brutas Realizadas;RO1.1.2.0.00.00.00;1.1.2.0.00.00.00 - Taxas;572346,14;31407
2015;Prefeitura Municipal de Candelária - RS;4304200;RS;DCA-Anexo I-C;NA;Deduções - Transferências Constitucionais;RO1.1.2.0.00.00.00;1.1.2.0.00.00.00 - Taxas;17582,40;31407
2015;Prefeitura Municipal de Candelária - RS;4304200;RS;DCA-Anexo I-C;NA;Receitas Brutas Realizadas;RO1.1.2.1.00.00.00;1.1.2.1.00.00.00 - Taxas pelo Exercício do Poder de Polícia;239004,74;31407
2015;Prefeitura Municipal de Candelária - RS;4304200;RS;DCA-Anexo I-C;NA;Receitas Brutas Realizadas;RO1.1.2.2.00.00.00;1.1.2.2.00.00.00 - Taxas pela Prestação de Serviços;333341,40;31407
2015;Prefeitura Municipal de Candelária - RS;4304200;RS;DCA-Anexo I-C;NA;Deduções - Transferências Constitucionais;RO1.1.2.2.00.00.00;1.1.2.2.00.00.00 - Taxas pela Prestação de Serviços;17582,40;31407
2015;Prefeitura Municipal de Candelária - RS;4304200;RS;DCA-Anexo I-C;NA;Receitas Brutas Realizadas;RO1.1.3.0.00.00.00;1.1.3.0.00.00.00 - Contribuição de Melhoria;28751,30;31407
2015;Prefeitura Municipal de Candelária - RS;4304200;RS;DCA-Anexo I-C;NA;Deduções - Transferências Constitucionais;RO1.1.3.0.00.00.00;1.1.3.0.00.00.00 - Contribuição de Melhoria;1390,39;31407
2015;Prefeitura Municipal de Candelária - RS;4304200;RS;DCA-Anexo I-C;NA;Receitas Brutas Realizadas;RO1.2.0.0.00.00.00;1.2.0.0.00.00.00 - Receitas de Contribuições;2310033,30;31407
2015;Prefeitura Municipal de Candelária - RS;4304200;RS;DCA-Anexo I-C;NA;Receitas Brutas Realizadas;RO1.2.1.0.00.00.00;1.2.1.0.00.00.00 - Contribuições Sociais;1437330,73;31407
2015;Prefeitura Municipal de Candelária - RS;4304200;RS;DCA-Anexo I-C;NA;Receitas Brutas Realizadas;RO1.2.1.0.29.00.00;1.2.1.0.29.00.00 - Contribuições para o Regime Próprio de Previdência do Servidor Público;1368125,67;31407
2015;Prefeitura Municipal de Candelária - RS;4304200;RS;DCA-Anexo I-C;NA;Receitas Brutas Realizadas;RO1.2.1.0.29.07.00;1.2.1.0.29.07.00 - Contribuição do Servidor Ativo Civil para o Regime Próprio;1368125,67;31407
2015;Prefeitura Municipal de Candelária - RS;4304200;RS;DCA-Anexo I-C;NA;Receitas Brutas Realizadas;RO1.2.1.0.99.00.00;1.2.1.0.99.00.00 - Outras Contribuições Sociais;69205,06;31407
2015;Prefeitura Municipal de Candelária - RS;4304200;RS;DCA-Anexo I-C;NA;Receitas Brutas Realizadas;RO1.2.3.0.00.00.00;1.2.3.0.00.00.00 - Contribuição para Custeio do Serviço de Iluminação Pública;872702,57;31407
2015;Prefeitura Municipal de Candelária - RS;4304200;RS;DCA-Anexo I-C;NA;Receitas Brutas Realizadas;RO1.3.0.0.00.00.00;1.3.0.0.00.00.00 - Receita Patrimonial;6304174,34;31407
2015;Prefeitura Municipal de Candelária - RS;4304200;RS;DCA-Anexo I-C;NA;Deduções - Transferências Constitucionais;RO1.3.0.0.00.00.00;1.3.0.0.00.00.00 - Receita Patrimonial;797194,39;31407
2015;Prefeitura Municipal de Candelária - RS;4304200;RS;DCA-Anexo I-C;NA;Receitas Brutas Realizadas;RO1.3.1.0.00.00.00;1.3.1.0.00.00.00 - Receitas Imobiliárias;57132,16;31407
2015;Prefeitura Municipal de Candelária - RS;4304200;RS;DCA-Anexo I-C;NA;Receitas Brutas Realizadas;RO1.3.1.1.00.00.00;1.3.1.1.00.00.00 - Aluguéis;57132,16;31407
2015;Prefeitura Municipal de Candelária - RS;4304200;RS;DCA-Anexo I-C;NA;Receitas Brutas Realizadas;RO1.3.2.0.00.00.00;1.3.2.0.00.00.00 - Receitas de Valores Mobiliários;6224042,18;31407
2015;Prefeitura Municipal de Candelária - RS;4304200;RS;DCA-Anexo I-C;NA;Deduções - Transferências Constitucionais;RO1.3.2.0.00.00.00;1.3.2.0.00.00.00 - Receitas de Valores Mobiliários;797194,39;31407
2015;Prefeitura Municipal de Candelária - RS;4304200;RS;DCA-Anexo I-C;NA;Receitas Brutas Realizadas;RO1.3.2.5.00.00.00;1.3.2.5.00.00.00 - Remuneração de Depósitos Bancários;784378,51;31407
2015;Prefeitura Municipal de Candelária - RS;4304200;RS;DCA-Anexo I-C;NA;Receitas Brutas Realizadas;RO1.3.2.8.00.00.00;1.3.2.8.00.00.00 - Remuneração dos Investimentos do Regime Próprio de Previdência do Servidor;5439663,67;31407
2015;Prefeitura Municipal de Candelária - RS;4304200;RS;DCA-Anexo I-C;NA;Deduções - Transferências Constitucionais;RO1.3.2.8.00.00.00;1.3.2.8.00.00.00 - Remuneração dos Investimentos do Regime Próprio de Previdência do Servidor;797194,39;31407
2015;Prefeitura Municipal de Candelária - RS;4304200;RS;DCA-Anexo I-C;NA;Receitas Brutas Realizadas;RO1.3.6.0.00.00.00;1.3.6.0.00.00.00 - Receita da Cessão de Direitos;23000,00;31407
2015;Prefeitura Municipal de Candelária - RS;4304200;RS;DCA-Anexo I-C;NA;Receitas Brutas Realizadas;RO1.6.0.0.00.00.00;1.6.0.0.00.00.00 - Receita de Serviços;79543,45;31407
2015;Prefeitura Municipal de Candelária - RS;4304200;RS;DCA-Anexo I-C;NA;Receitas Brutas Realizadas;RO1.6.0.0.44.00.00;1.6.0.0.44.00.00 - Serviços de Abate de Animais;12716,75;31407
2015;Prefeitura Municipal de Candelária - RS;4304200;RS;DCA-Anexo I-C;NA;Receitas Brutas Realizadas;RO1.6.0.0.50.00.00;1.6.0.0.50.00.00 - Tarifas de Inscrição em Concursos e Processos Seletivos;9121,90;31407
2015;Prefeitura Municipal de Candelária - RS;4304200;RS;DCA-Anexo I-C;NA;Receitas Brutas Realizadas;RO1.6.0.0.99.00.00;1.6.0.0.99.00.00 - Outros Serviços;57704,80;31407
2015;Prefeitura Municipal de Candelária - RS;4304200;RS;DCA-Anexo I-C;NA;Receitas Brutas Realizadas;RO1.7.0.0.00.00.00;1.7.0.0.00.00.00 - Transferências Correntes;55799872,33;31407
2015;Prefeitura Municipal de Candelária - RS;4304200;RS;DCA-Anexo I-C;NA;Deduções - FUNDEB;RO1.7.0.0.00.00.00;1.7.0.0.00.00.00 - Transferências Correntes;6706456,79;31407
2015;Prefeitura Municipal de Candelária - RS;4304200;RS;DCA-Anexo I-C;NA;Receitas Brutas Realizadas;RO1.7.2.0.00.00.00;1.7.2.0.00.00.00 - Transferências Intergovernamentais;54494539,56;31407
2015;Prefeitura Municipal de Candelária - RS;4304200;RS;DCA-Anexo I-C;NA;Deduções - FUNDEB;RO1.7.2.0.00.00.00;1.7.2.0.00.00.00 - Transferências Intergovernamentais;6706456,79;31407
2015;Prefeitura Municipal de Candelária - RS;4304200;RS;DCA-Anexo I-C;NA;Receitas Brutas Realizadas;RO1.7.2.1.00.00.00;1.7.2.1.00.00.00 - Transferências da União;27857903,09;31407
2015;Prefeitura Municipal de Candelária - RS;4304200;RS;DCA-Anexo I-C;NA;Deduções - FUNDEB;RO1.7.2.1.00.00.00;1.7.2.1.00.00.00 - Transferências da União;3433982,09;31407
2015;Prefeitura Municipal de Candelária - RS;4304200;RS;DCA-Anexo I-C;NA;Receitas Brutas Realizadas;RO1.7.2.1.01.00.00;1.7.2.1.01.00.00 - Participação na Receita da União;18021565,42;31407
2015;Prefeitura Municipal de Candelária - RS;4304200;RS;DCA-Anexo I-C;NA;Deduções - FUNDEB;RO1.7.2.1.01.00.00;1.7.2.1.01.00.00 - Participação na Receita da União;3415628,49;31407
2015;Prefeitura Municipal de Candelária - RS;4304200;RS;DCA-Anexo I-C;NA;Receitas Brutas Realizadas;RO1.7.2.1.01.02.00;1.7.2.1.01.02.00 - Cota-Parte do Fundo de Participação dos Municípios ¿ FPM;16942145,62;31407
2015;Prefeitura Municipal de Candelária - RS;4304200;RS;DCA-Anexo I-C;NA;Deduções - FUNDEB;RO1.7.2.1.01.02.00;1.7.2.1.01.02.00 - Cota-Parte do Fundo de Participação dos Municípios ¿ FPM;3388434,51;31407
2015;Prefeitura Municipal de Candelária - RS;4304200;RS;DCA-Anexo I-C;NA;Receitas Brutas Realizadas;RO1.7.2.1.01.03.00;1.7.2.1.01.03.00 - Cota-Parte do Fundo de Participação dos Municípios - 1% Cota Anual;742902,55;31407
2015;Prefeitura Municipal de Candelária - RS;4304200;RS;DCA-Anexo I-C;NA;Receitas Brutas Realizadas;RO1.7.2.1.01.04.00;1.7.2.1.01.04.00 - Cota-Parte do Fundo de Participação dos Municípios - 1% Cota entregue no mês de julho (67)(I);200518,17;31407
2015;Prefeitura Municipal de Candelária - RS;4304200;RS;DCA-Anexo I-C;NA;Receitas Brutas Realizadas;RO1.7.2.1.01.05.00;1.7.2.1.01.05.00 - Cota-Parte do Imposto Sobre a Propriedade Territorial Rural ¿ ITR;135999,08;31407
2015;Prefeitura Municipal de Candelária - RS;4304200;RS;DCA-Anexo I-C;NA;Deduções - FUNDEB;RO1.7.2.1.01.05.00;1.7.2.1.01.05.00 - Cota-Parte do Imposto Sobre a Propriedade Territorial Rural ¿ ITR;27193,98;31407
2015;Prefeitura Municipal de Candelária - RS;4304200;RS;DCA-Anexo I-C;NA;Receitas Brutas Realizadas;RO1.7.2.1.22.00.00;1.7.2.1.22.00.00 - Transferências da Compensação Financeira pela Exploração de Recursos Naturais;194823,24;31407
2015;Prefeitura Municipal de Candelária - RS;4304200;RS;DCA-Anexo I-C;NA;Receitas Brutas Realizadas;RO1.7.2.1.22.20.00;1.7.2.1.22.20.00 - Cota-Parte da Compensação Financeira de Recursos Minerais - CFEM;4857,16;31407
2015;Prefeitura Municipal de Candelária - RS;4304200;RS;DCA-Anexo I-C;NA;Receitas Brutas Realizadas;RO1.7.2.1.22.70.00;1.7.2.1.22.70.00 - Cota-Parte do Fundo Especial do Petróleo ¿ FEP;189966,08;31407
2015;Prefeitura Municipal de Candelária - RS;4304200;RS;DCA-Anexo I-C;NA;Receitas Brutas Realizadas;RO1.7.2.1.33.00.00;1.7.2.1.33.00.00 - Transferências de Recursos do Sistema Único de Saúde - SUS - Repasses Fundo a Fundo;8115125,71;31407
2015;Prefeitura Municipal de Candelária - RS;4304200;RS;DCA-Anexo I-C;NA;Receitas Brutas Realizadas;RO1.7.2.1.34.00.00;1.7.2.1.34.00.00 - Transferências de Recursos do Fundo Nacional de Assistência Social ¿ FNAS;140780,95;31407
2015;Prefeitura Municipal de Candelária - RS;4304200;RS;DCA-Anexo I-C;NA;Receitas Brutas Realizadas;RO1.7.2.1.35.00.00;1.7.2.1.35.00.00 - Transferências de Recursos do Fundo Nacional do Desenvolvimento da Educação ¿ FNDE;1217648,06;31407
2015;Prefeitura Municipal de Candelária - RS;4304200;RS;DCA-Anexo I-C;NA;Receitas Brutas Realizadas;RO1.7.2.1.36.00.00;1.7.2.1.36.00.00 - Transferências Financeiras do ICMS ¿ Desoneração ¿ L.C. Nº 87/96;91768,03;31407
2015;Prefeitura Municipal de Candelária - RS;4304200;RS;DCA-Anexo I-C;NA;Deduções - FUNDEB;RO1.7.2.1.36.00.00;1.7.2.1.36.00.00 - Transferências Financeiras do ICMS ¿ Desoneração ¿ L.C. Nº 87/96;18353,60;31407
2015;Prefeitura Municipal de Candelária - RS;4304200;RS;DCA-Anexo I-C;NA;Receitas Brutas Realizadas;RO1.7.2.1.99.00.00;1.7.2.1.99.00.00 - Outras Transferências da União;76191,68;31407
2015;Prefeitura Municipal de Candelária - RS;4304200;RS;DCA-Anexo I-C;NA;Receitas Brutas Realizadas;RO1.7.2.2.00.00.00;1.7.2.2.00.00.00 - Transferências dos Estados;18704768,17;31407
2015;Prefeitura Municipal de Candelária - RS;4304200;RS;DCA-Anexo I-C;NA;Deduções - FUNDEB;RO1.7.2.2.00.00.00;1.7.2.2.00.00.00 - Transferências dos Estados;3272474,70;31407
2015;Prefeitura Municipal de Candelária - RS;4304200;RS;DCA-Anexo I-C;NA;Receitas Brutas Realizadas;RO1.7.2.2.01.00.00;1.7.2.2.01.00.00 - Participação na Receita dos Estados;16378711,61;31407
2015;Prefeitura Municipal de Candelária - RS;4304200;RS;DCA-Anexo I-C;NA;Deduções - FUNDEB;RO1.7.2.2.01.00.00;1.7.2.2.01.00.00 - Participação na Receita dos Estados;3272474,70;31407
2015;Prefeitura Municipal de Candelária - RS;4304200;RS;DCA-Anexo I-C;NA;Receitas Brutas Realizadas;RO1.7.2.2.01.01.00;1.7.2.2.01.01.00 - Cota-Parte do ICMS;13937159,57;31407
2015;Prefeitura Municipal de Candelária - RS;4304200;RS;DCA-Anexo I-C;NA;Deduções - FUNDEB;RO1.7.2.2.01.01.00;1.7.2.2.01.01.00 - Cota-Parte do ICMS;2787592,52;31407
2015;Prefeitura Municipal de Candelária - RS;4304200;RS;DCA-Anexo I-C;NA;Receitas Brutas Realizadas;RO1.7.2.2.01.02.00;1.7.2.2.01.02.00 - Cota-Parte do IPVA;2155486,70;31407
2015;Prefeitura Municipal de Candelária - RS;4304200;RS;DCA-Anexo I-C;NA;Deduções - FUNDEB;RO1.7.2.2.01.02.00;1.7.2.2.01.02.00 - Cota-Parte do IPVA;431211,71;31407
2015;Prefeitura Municipal de Candelária - RS;4304200;RS;DCA-Anexo I-C;NA;Receitas Brutas Realizadas;RO1.7.2.2.01.04.00;1.7.2.2.01.04.00 - Cota-Parte do IPI sobre Exportação;268352,11;31407
2015;Prefeitura Municipal de Candelária - RS;4304200;RS;DCA-Anexo I-C;NA;Deduções - FUNDEB;RO1.7.2.2.01.04.00;1.7.2.2.01.04.00 - Cota-Parte do IPI sobre Exportação;53670,47;31407
2015;Prefeitura Municipal de Candelária - RS;4304200;RS;DCA-Anexo I-C;NA;Receitas Brutas Realizadas;RO1.7.2.2.01.13.00;1.7.2.2.01.13.00 - Cota-Parte da Contribuição de Intervenção no Domínio Econômico;17713,23;31407
2015;Prefeitura Municipal de Candelária - RS;4304200;RS;DCA-Anexo I-C;NA;Receitas Brutas Realizadas;RO1.7.2.2.33.00.00;1.7.2.2.33.00.00 - Transferências de Recursos do Estado para Programas de Saúde - Repasse Fundo a Fundo;2293665,43;31407
2015;Prefeitura Municipal de Candelária - RS;4304200;RS;DCA-Anexo I-C;NA;Receitas Brutas Realizadas;RO1.7.2.2.99.00.00;1.7.2.2.99.00.00 - Outras Transferências dos Estados;32391,13;31407
2015;Prefeitura Municipal de Candelária - RS;4304200;RS;DCA-Anexo I-C;NA;Receitas Brutas Realizadas;RO1.7.2.4.00.00.00;1.7.2.4.00.00.00 - Transferências Multigovernamentais;7931868,30;31407
2015;Prefeitura Municipal de Candelária - RS;4304200;RS;DCA-Anexo I-C;NA;Receitas Brutas Realizadas;RO1.7.2.4.01.00.00;1.7.2.4.01.00.00 - Transferências de Recursos do Fundo de Manutenção e Desenvolvimento do Ensino Fundamental e de Valorização do Magistério - FUNDEB;7931868,30;31407
2015;Prefeitura Municipal de Candelária - RS;4304200;RS;DCA-Anexo I-C;NA;Receitas Brutas Realizadas;RO1.7.3.0.00.00.00;1.7.3.0.00.00.00 - Transferências de Instituições Privadas;22541,77;31407
2015;Prefeitura Municipal de Candelária - RS;4304200;RS;DCA-Anexo I-C;NA;Receitas Brutas Realizadas;RO1.7.6.0.00.00.00;1.7.6.0.00.00.00 - Transferências de Convênios;1282791,00;31407
2015;Prefeitura Municipal de Candelária - RS;4304200;RS;DCA-Anexo I-C;NA;Receitas Brutas Realizadas;RO1.7.6.2.00.00.00;1.7.6.2.00.00.00 - Transferências de Convênios dos Estados e do Distrito Federal e de Suas Entidades;1282791,00;31407
2015;Prefeitura Municipal de Candelária - RS;4304200;RS;DCA-Anexo I-C;NA;Receitas Brutas Realizadas;RO1.7.6.2.02.00.00;1.7.6.2.02.00.00 - Transferências de Convênios dos Estados Destinadas a Programas de Educação;1282791,00;31407
2015;Prefeitura Municipal de Candelária - RS;4304200;RS;DCA-Anexo I-C;NA;Receitas Brutas Realizadas;RO1.9.0.0.00.00.00;1.9.0.0.00.00.00 - Outras Receitas Correntes;1144409,72;31407
2015;Prefeitura Municipal de Candelária - RS;4304200;RS;DCA-Anexo I-C;NA;Outras Deduções da Receita;RO1.9.0.0.00.00.00;1.9.0.0.00.00.00 - Outras Receitas Correntes;95,11;31407
2015;Prefeitura Municipal de Candelária - RS;4304200;RS;DCA-Anexo I-C;NA;Receitas Brutas Realizadas;RO1.9.1.0.00.00.00;1.9.1.0.00.00.00 - Multas e Juros de Mora;127279,93;31407
2015;Prefeitura Municipal de Candelária - RS;4304200;RS;DCA-Anexo I-C;NA;Outras Deduções da Receita;RO1.9.1.0.00.00.00;1.9.1.0.00.00.00 - Multas e Juros de Mora;95,11;31407
2015;Prefeitura Municipal de Candelária - RS;4304200;RS;DCA-Anexo I-C;NA;Receitas Brutas Realizadas;RO1.9.1.1.00.00.00;1.9.1.1.00.00.00 - Multas e Juros de Mora dos Tributos;23996,30;31407
2015;Prefeitura Municipal de Candelária - RS;4304200;RS;DCA-Anexo I-C;NA;Outras Deduções da Receita;RO1.9.1.1.00.00.00;1.9.1.1.00.00.00 - Multas e Juros de Mora dos Tributos;95,11;31407
2015;Prefeitura Municipal de Candelária - RS;4304200;RS;DCA-Anexo I-C;NA;Receitas Brutas Realizadas;RO1.9.1.1.35.00.00;1.9.1.1.35.00.00 - Multas e Juros de Mora da Taxa de Fiscalização e Vigilância Sanitária;165,53;31407
2015;Prefeitura Municipal de Candelária - RS;4304200;RS;DCA-Anexo I-C;NA;Receitas Brutas Realizadas;RO1.9.1.1.38.00.00;1.9.1.1.38.00.00 - Multas e Juros de Mora do Imposto sobre a Propriedade Predial e Territorial Urbana ¿ IPTU;5206,69;31407
2015;Prefeitura Municipal de Candelária - RS;4304200;RS;DCA-Anexo I-C;NA;Outras Deduções da Receita;RO1.9.1.1.38.00.00;1.9.1.1.38.00.00 - Multas e Juros de Mora do Imposto sobre a Propriedade Predial e Territorial Urbana ¿ IPTU;0,47;31407
2015;Prefeitura Municipal de Candelária - RS;4304200;RS;DCA-Anexo I-C;NA;Receitas Brutas Realizadas;RO1.9.1.1.39.00.00;1.9.1.1.39.00.00 - Multas e Juros de Mora do Imposto sobre a Transmissão Inter Vivos de Bens Imóveis - ITBI;162,35;31407
2015;Prefeitura Municipal de Candelária - RS;4304200;RS;DCA-Anexo I-C;NA;Receitas Brutas Realizadas;RO1.9.1.1.40.00.00;1.9.1.1.40.00.00 - Multas e Juros de Mora do Imposto sobre Serviços de Qualquer Natureza ¿ ISS;12453,75;31407
2015;Prefeitura Municipal de Candelária - RS;4304200;RS;DCA-Anexo I-C;NA;Outras Deduções da Receita;RO1.9.1.1.40.00.00;1.9.1.1.40.00.00 - Multas e Juros de Mora do Imposto sobre Serviços de Qualquer Natureza ¿ ISS;94,64;31407
2015;Prefeitura Municipal de Candelária - RS;4304200;RS;DCA-Anexo I-C;NA;Receitas Brutas Realizadas;RO1.9.1.1.41.00.00;1.9.1.1.41.00.00 - Multas e Juros de Mora do Imposto sobre a Propriedade de Veículos Automotores ¿ IPVA;168,78;31407
2015;Prefeitura Municipal de Candelária - RS;4304200;RS;DCA-Anexo I-C;NA;Receitas Brutas Realizadas;RO1.9.1.1.42.00.00;1.9.1.1.42.00.00 - Multas e Juros de Mora do Imposto sobre Circulação de Mercadorias e Serviços ¿ ICMS;5839,20;31407
2015;Prefeitura Municipal de Candelária - RS;4304200;RS;DCA-Anexo I-C;NA;Receitas Brutas Realizadas;RO1.9.1.3.00.00.00;1.9.1.3.00.00.00 - Multas e Juros de Mora da Dívida Ativa dos Tributos;94527,04;31407
2015;Prefeitura Municipal de Candelária - RS;4304200;RS;DCA-Anexo I-C;NA;Receitas Brutas Realizadas;RO1.9.1.3.11.00.00;1.9.1.3.11.00.00 - Multas e Juros de Mora da Dívida Ativa do Imposto sobre a Propriedade Predial e Territorial Urbana ¿ IPTU;50211,98;31407
2015;Prefeitura Municipal de Candelária - RS;4304200;RS;DCA-Anexo I-C;NA;Receitas Brutas Realizadas;RO1.9.1.3.13.00.00;1.9.1.3.13.00.00 - Multas e Juros de Mora da Dívida Ativa do Imposto sobre Serviços de Qualquer Natureza ¿ ISS;3553,18;31407
2015;Prefeitura Municipal de Candelária - RS;4304200;RS;DCA-Anexo I-C;NA;Receitas Brutas Realizadas;RO1.9.1.3.35.00.00;1.9.1.3.35.00.00 - Multas e Juros de Mora da Dívida Ativa da Taxa de Fiscalização e Vigilância Sanitária;329,98;31407
2015;Prefeitura Municipal de Candelária - RS;4304200;RS;DCA-Anexo I-C;NA;Receitas Brutas Realizadas;RO1.9.1.3.98.00.00;1.9.1.3.98.00.00 - Multas e Juros de mora da Dívida Ativa das Contribuições de Melhoria;1847,54;31407
2015;Prefeitura Municipal de Candelária - RS;4304200;RS;DCA-Anexo I-C;NA;Receitas Brutas Realizadas;RO1.9.1.3.99.00.00;1.9.1.3.99.00.00 - Multas e Juros de Mora da Dívida Ativa de Outros Tributos;38584,36;31407
2015;Prefeitura Municipal de Candelária - RS;4304200;RS;DCA-Anexo I-C;NA;Receitas Brutas Realizadas;RO1.9.1.5.00.00.00;1.9.1.5.00.00.00 - Multas e Juros de Mora da Dívida Ativa de Outras Receitas;2126,15;31407
2015;Prefeitura Municipal de Candelária - RS;4304200;RS;DCA-Anexo I-C;NA;Receitas Brutas Realizadas;RO1.9.1.8.00.00.00;1.9.1.8.00.00.00 - Multas e Juros de Mora de Outras Receitas;73,87;31407
2015;Prefeitura Municipal de Candelária - RS;4304200;RS;DCA-Anexo I-C;NA;Receitas Brutas Realizadas;RO1.9.1.9.00.00.00;1.9.1.9.00.00.00 - Multas de Outras Origens;6556,57;31407
2015;Prefeitura Municipal de Candelária - RS;4304200;RS;DCA-Anexo I-C;NA;Receitas Brutas Realizadas;RO1.9.2.0.00.00.00;1.9.2.0.00.00.00 - Indenizações e Restituições;465897,32;31407
2015;Prefeitura Municipal de Candelária - RS;4304200;RS;DCA-Anexo I-C;NA;Receitas Brutas Realizadas;RO1.9.2.2.00.00.00;1.9.2.2.00.00.00 - Restituições;465897,32;31407
2015;Prefeitura Municipal de Candelária - RS;4304200;RS;DCA-Anexo I-C;NA;Receitas Brutas Realizadas;RO1.9.2.2.10.00.00;1.9.2.2.10.00.00 - Compensações Financeiras entre o Regime Geral e os Regimes Próprios de Previdência dos Servidores;298779,17;31407
2015;Prefeitura Municipal de Candelária - RS;4304200;RS;DCA-Anexo I-C;NA;Receitas Brutas Realizadas;RO1.9.2.2.99.00.00;1.9.2.2.99.00.00 - Outras Restituições;167118,15;31407
2015;Prefeitura Municipal de Candelária - RS;4304200;RS;DCA-Anexo I-C;NA;Receitas Brutas Realizadas;RO1.9.3.0.00.00.00;1.9.3.0.00.00.00 - Receita da Dívida Ativa;390757,87;31407
2015;Prefeitura Municipal de Candelária - RS;4304200;RS;DCA-Anexo I-C;NA;Receitas Brutas Realizadas;RO1.9.3.1.00.00.00;1.9.3.1.00.00.00 - Receita da Dívida Ativa Tributária;305560,92;31407
2015;Prefeitura Municipal de Candelária - RS;4304200;RS;DCA-Anexo I-C;NA;Receitas Brutas Realizadas;RO1.9.3.1.11.00.00;1.9.3.1.11.00.00 - Receita da Dívida Ativa do Imposto sobre a Propriedade Predial e Territorial Urbana ¿ IPTU;199820,49;31407
2015;Prefeitura Municipal de Candelária - RS;4304200;RS;DCA-Anexo I-C;NA;Receitas Brutas Realizadas;RO1.9.3.1.13.00.00;1.9.3.1.13.00.00 - Receita da Dívida Ativa do Imposto sobre Serviços de Qualquer Natureza ¿ ISS;26119,14;31407
2015;Prefeitura Municipal de Candelária - RS;4304200;RS;DCA-Anexo I-C;NA;Receitas Brutas Realizadas;RO1.9.3.1.35.00.00;1.9.3.1.35.00.00 - Receita da Dívida Ativa da Taxa de Fiscalização e Vigilância Sanitária;1945,39;31407
2015;Prefeitura Municipal de Candelária - RS;4304200;RS;DCA-Anexo I-C;NA;Receitas Brutas Realizadas;RO1.9.3.1.98.00.00;1.9.3.1.98.00.00 - Receita da Dívida Ativa das Contribuições de Melhoria;7610,60;31407
2015;Prefeitura Municipal de Candelária - RS;4304200;RS;DCA-Anexo I-C;NA;Receitas Brutas Realizadas;RO1.9.3.1.99.00.00;1.9.3.1.99.00.00 - Receita da Dívida Ativa de Outros Tributos;70065,30;31407
2015;Prefeitura Municipal de Candelária - RS;4304200;RS;DCA-Anexo I-C;NA;Receitas Brutas Realizadas;RO1.9.3.2.00.00.00;1.9.3.2.00.00.00 - Receita da Dívida Ativa Não Tributária;85196,95;31407
2015;Prefeitura Municipal de Candelária - RS;4304200;RS;DCA-Anexo I-C;NA;Receitas Brutas Realizadas;RO1.9.9.0.00.00.00;1.9.9.0.00.00.00 - Receitas Diversas;160474,60;31407
2015;Prefeitura Municipal de Candelária - RS;4304200;RS;DCA-Anexo I-C;NA;Receitas Brutas Realizadas;RO2.0.0.0.00.00.00;2.0.0.0.00.00.00 - Receitas de Capital;3168325,39;31407
2015;Prefeitura Municipal de Candelária - RS;4304200;RS;DCA-Anexo I-C;NA;Receitas Brutas Realizadas;RO2.1.0.0.00.00.00;2.1.0.0.00.00.00 - Operações de Crédito;695838,49;31407
2015;Prefeitura Municipal de Candelária - RS;4304200;RS;DCA-Anexo I-C;NA;Receitas Brutas Realizadas;RO2.1.1.0.00.00.00;2.1.1.0.00.00.00 - Operações de Crédito Internas;695838,49;31407
2015;Prefeitura Municipal de Candelária - RS;4304200;RS;DCA-Anexo I-C;NA;Receitas Brutas Realizadas;RO2.2.0.0.00.00.00;2.2.0.0.00.00.00 - Alienação de Bens;198100,00;31407
2015;Prefeitura Municipal de Candelária - RS;4304200;RS;DCA-Anexo I-C;NA;Receitas Brutas Realizadas;RO2.2.1.0.00.00.00;2.2.1.0.00.00.00 - Alienação de Bens Móveis;198100,00;31407
2015;Prefeitura Municipal de Candelária - RS;4304200;RS;DCA-Anexo I-C;NA;Receitas Brutas Realizadas;RO2.4.0.0.00.00.00;2.4.0.0.00.00.00 - Transferências de Capital;2274386,90;31407
2015;Prefeitura Municipal de Candelária - RS;4304200;RS;DCA-Anexo I-C;NA;Receitas Brutas Realizadas;RO2.4.2.0.00.00.00;2.4.2.0.00.00.00 - Transferências Intergovernamentais;618100,00;31407
2015;Prefeitura Municipal de Candelária - RS;4304200;RS;DCA-Anexo I-C;NA;Receitas Brutas Realizadas;RO2.4.2.1.00.00.00;2.4.2.1.00.00.00 - Transferências da União;618100,00;31407
2015;Prefeitura Municipal de Candelária - RS;4304200;RS;DCA-Anexo I-C;NA;Receitas Brutas Realizadas;RO2.4.2.1.02.00.00;2.4.2.1.02.00.00 - Transferências de Recursos Destinados a Programas de Educação;244500,00;31407
2015;Prefeitura Municipal de Candelária - RS;4304200;RS;DCA-Anexo I-C;NA;Receitas Brutas Realizadas;RO2.4.2.1.99.00.00;2.4.2.1.99.00.00 - Outras Transferências da União;373600,00;31407
2015;Prefeitura Municipal de Candelária - RS;4304200;RS;DCA-Anexo I-C;NA;Receitas Brutas Realizadas;RO2.4.7.0.00.00.00;2.4.7.0.00.00.00 - Transferências de Convênios;1656286,90;31407
2015;Prefeitura Municipal de Candelária - RS;4304200;RS;DCA-Anexo I-C;NA;Receitas Brutas Realizadas;RO2.4.7.1.00.00.00;2.4.7.1.00.00.00 - Transferências de Convênios da União e de suas Entidades;1089638,55;31407
2015;Prefeitura Municipal de Candelária - RS;4304200;RS;DCA-Anexo I-C;NA;Receitas Brutas Realizadas;RO2.4.7.1.02.00.00;2.4.7.1.02.00.00 - Transferências de Convênios da União Destinadas a Programas de Educação;75822,80;31407
2015;Prefeitura Municipal de Candelária - RS;4304200;RS;DCA-Anexo I-C;NA;Receitas Brutas Realizadas;RO2.4.7.1.05.00.00;2.4.7.1.05.00.00 - Transferências de Convênios da União Destinadas a Programas de Infraestrutura em Transporte;320025,00;31407
2015;Prefeitura Municipal de Candelária - RS;4304200;RS;DCA-Anexo I-C;NA;Receitas Brutas Realizadas;RO2.4.7.1.99.00.00;2.4.7.1.99.00.00 - Outras Transferências de Convênios da União;693790,75;31407
2015;Prefeitura Municipal de Candelária - RS;4304200;RS;DCA-Anexo I-C;NA;Receitas Brutas Realizadas;RO2.4.7.2.00.00.00;2.4.7.2.00.00.00 - Transferências de Convênios dos Estados e do Distrito Federal e de suas Entidades;566648,35;31407
2015;Prefeitura Municipal de Candelária - RS;4304200;RS;DCA-Anexo I-C;NA;Receitas Brutas Realizadas;RO2.4.7.2.99.00.00;2.4.7.2.99.00.00 - Outras Transferências de Convênios dos Estados;566648,35;31407
2015;Prefeitura Municipal de Candelária - RS;4304200;RS;DCA-Anexo I-C;NA;Receitas Brutas Realizadas;RI7.0.0.0.00.00.00;7.0.0.0.00.00.00 - Receitas Correntes Intraorçamentárias;4964266,82;31407
2015;Prefeitura Municipal de Candelária - RS;4304200;RS;DCA-Anexo I-C;NA;Receitas Brutas Realizadas;RI7.2.0.0.00.00.00;7.2.0.0.00.00.00 - Receitas de Contribuições Intraorçamentárias;4959571,56;31407
2015;Prefeitura Municipal de Candelária - RS;4304200;RS;DCA-Anexo I-C;NA;Receitas Brutas Realizadas;RI7.2.1.0.00.00.00;7.2.1.0.00.00.00 - Contribuições Sociais Intraorçamentárias;4959571,56;31407
2015;Prefeitura Municipal de Candelária - RS;4304200;RS;DCA-Anexo I-C;NA;Receitas Brutas Realizadas;RI7.2.1.0.29.00.00;7.2.1.0.29.00.00 - Contribuições para o Regime Próprio de Previdência do Servidor Público Intraorçamentárias;4959571,56;31407
2015;Prefeitura Municipal de Candelária - RS;4304200;RS;DCA-Anexo I-C;NA;Receitas Brutas Realizadas;RI7.2.1.0.29.01.00;7.2.1.0.29.01.00 - Contribuição Patronal de Servidor Ativo Civil para o Regime Próprio Intraorçamentária;1834228,04;31407
2015;Prefeitura Municipal de Candelária - RS;4304200;RS;DCA-Anexo I-C;NA;Receitas Brutas Realizadas;RI7.2.1.0.29.99.00;7.2.1.0.29.99.00 - Outras Contribuições para o Regime Próprio de Previdência do Servidor Público Intraorçamentárias;3125343,52;31407
2015;Prefeitura Municipal de Candelária - RS;4304200;RS;DCA-Anexo I-C;NA;Receitas Brutas Realizadas;RI7.9.0.0.00.00.00;7.9.0.0.00.00.00 - Outras Receitas Correntes Intraorçamentárias;4695,26;31407
2015;Prefeitura Municipal de Candelária - RS;4304200;RS;DCA-Anexo I-C;NA;Receitas Brutas Realizadas;RI7.9.9.9.00.00.00;7.9.9.9.00.00.00 - Demais Receitas Correntes Intraorçamentárias;4695,26;31407
2016;Prefeitura Municipal de Candelária - RS;4304200;RS;DCA-Anexo I-C;NA;Receitas Brutas Realizadas;TotalReceitas;Total Receitas;88238139,76;31476
2016;Prefeitura Municipal de Candelária - RS;4304200;RS;DCA-Anexo I-C;NA;Deduções - FUNDEB;TotalReceitas;Total Receitas;7514361,19;31476
2016;Prefeitura Municipal de Candelária - RS;4304200;RS;DCA-Anexo I-C;NA;Outras Deduções da Receita;TotalReceitas;Total Receitas;318770,81;31476
2016;Prefeitura Municipal de Candelária - RS;4304200;RS;DCA-Anexo I-C;NA;Receitas Brutas Realizadas;RO1.0.0.0.00.00.00;1.0.0.0.00.00.00 - Receitas Correntes;80069942,74;31476
2016;Prefeitura Municipal de Candelária - RS;4304200;RS;DCA-Anexo I-C;NA;Deduções - FUNDEB;RO1.0.0.0.00.00.00;1.0.0.0.00.00.00 - Receitas Correntes;7514361,19;31476
2016;Prefeitura Municipal de Candelária - RS;4304200;RS;DCA-Anexo I-C;NA;Outras Deduções da Receita;RO1.0.0.0.00.00.00;1.0.0.0.00.00.00 - Receitas Correntes;318770,81;31476
2016;Prefeitura Municipal de Candelária - RS;4304200;RS;DCA-Anexo I-C;NA;Receitas Brutas Realizadas;RO1.1.0.0.00.00.00;1.1.0.0.00.00.00 - Receita Tributária;4426380,98;31476
2016;Prefeitura Municipal de Candelária - RS;4304200;RS;DCA-Anexo I-C;NA;Outras Deduções da Receita;RO1.1.0.0.00.00.00;1.1.0.0.00.00.00 - Receita Tributária;76041,50;31476
2016;Prefeitura Municipal de Candelária - RS;4304200;RS;DCA-Anexo I-C;NA;Receitas Brutas Realizadas;RO1.1.1.0.00.00.00;1.1.1.0.00.00.00 - Impostos;3808011,03;31476
2016;Prefeitura Municipal de Candelária - RS;4304200;RS;DCA-Anexo I-C;NA;Outras Deduções da Receita;RO1.1.1.0.00.00.00;1.1.1.0.00.00.00 - Impostos;55174,83;31476
2016;Prefeitura Municipal de Candelária - RS;4304200;RS;DCA-Anexo I-C;NA;Receitas Brutas Realizadas;RO1.1.1.2.00.00.00;1.1.1.2.00.00.00 - Impostos sobre o Patrimônio e a Renda;2443563,53;31476
2016;Prefeitura Municipal de Candelária - RS;4304200;RS;DCA-Anexo I-C;NA;Outras Deduções da Receita;RO1.1.1.2.00.00.00;1.1.1.2.00.00.00 - Impostos sobre o Patrimônio e a Renda;55174,81;31476
2016;Prefeitura Municipal de Candelária - RS;4304200;RS;DCA-Anexo I-C;NA;Receitas Brutas Realizadas;RO1.1.1.2.02.00.00;1.1.1.2.02.00.00 - Imposto sobre a Propriedade Predial e Territorial Urbana ¿ IPTU;805020,20;31476
2016;Prefeitura Municipal de Candelária - RS;4304200;RS;DCA-Anexo I-C;NA;Outras Deduções da Receita;RO1.1.1.2.02.00.00;1.1.1.2.02.00.00 - Imposto sobre a Propriedade Predial e Territorial Urbana ¿ IPTU;55174,81;31476
2016;Prefeitura Municipal de Candelária - RS;4304200;RS;DCA-Anexo I-C;NA;Receitas Brutas Realizadas;RO1.1.1.2.04.00.00;1.1.1.2.04.00.00 - Imposto sobre a Renda e Proventos de Qualquer Natureza ¿ IR;1036955,25;31476
2016;Prefeitura Municipal de Candelária - RS;4304200;RS;DCA-Anexo I-C;NA;Receitas Brutas Realizadas;RO1.1.1.2.04.31.00;1.1.1.2.04.31.00 - Retido nas Fontes - Trabalho;1036955,25;31476
2016;Prefeitura Municipal de Candelária - RS;4304200;RS;DCA-Anexo I-C;NA;Receitas Brutas Realizadas;RO1.1.1.2.08.00.00;"1.1.1.2.08.00.00 - Imposto sobre Transmissão ""Inter Vivos"" de Bens Imóveis e de Direitos Reais sobre Imóveis ¿ ITBI";601588,08;31476
2016;Prefeitura Municipal de Candelária - RS;4304200;RS;DCA-Anexo I-C;NA;Receitas Brutas Realizadas;RO1.1.1.3.00.00.00;1.1.1.3.00.00.00 - Impostos sobre a Produção e a Circulação;1364447,50;31476
2016;Prefeitura Municipal de Candelária - RS;4304200;RS;DCA-Anexo I-C;NA;Outras Deduções da Receita;RO1.1.1.3.00.00.00;1.1.1.3.00.00.00 - Impostos sobre a Produção e a Circulação;0,02;31476
2016;Prefeitura Municipal de Candelária - RS;4304200;RS;DCA-Anexo I-C;NA;Receitas Brutas Realizadas;RO1.1.1.3.05.00.00;1.1.1.3.05.00.00 - Imposto sobre Serviços de Qualquer Natureza ¿ ISSQN;1364447,50;31476
2016;Prefeitura Municipal de Candelária - RS;4304200;RS;DCA-Anexo I-C;NA;Outras Deduções da Receita;RO1.1.1.3.05.00.00;1.1.1.3.05.00.00 - Imposto sobre Serviços de Qualquer Natureza ¿ ISSQN;0,02;31476
2016;Prefeitura Municipal de Candelária - RS;4304200;RS;DCA-Anexo I-C;NA;Receitas Brutas Realizadas;RO1.1.2.0.00.00.00;1.1.2.0.00.00.00 - Taxas;600853,45;31476
2016;Prefeitura Municipal de Candelária - RS;4304200;RS;DCA-Anexo I-C;NA;Outras Deduções da Receita;RO1.1.2.0.00.00.00;1.1.2.0.00.00.00 - Taxas;20866,41;31476
2016;Prefeitura Municipal de Candelária - RS;4304200;RS;DCA-Anexo I-C;NA;Receitas Brutas Realizadas;RO1.1.2.1.00.00.00;1.1.2.1.00.00.00 - Taxas pelo Exercício do Poder de Polícia;248381,16;31476
2016;Prefeitura Municipal de Candelária - RS;4304200;RS;DCA-Anexo I-C;NA;Receitas Brutas Realizadas;RO1.1.2.2.00.00.00;1.1.2.2.00.00.00 - Taxas pela Prestação de Serviços;352472,29;31476
2016;Prefeitura Municipal de Candelária - RS;4304200;RS;DCA-Anexo I-C;NA;Outras Deduções da Receita;RO1.1.2.2.00.00.00;1.1.2.2.00.00.00 - Taxas pela Prestação de Serviços;20866,41;31476
2016;Prefeitura Municipal de Candelária - RS;4304200;RS;DCA-Anexo I-C;NA;Receitas Brutas Realizadas;RO1.1.2.2.12.00.00;1.1.2.2.12.00.00 - Emolumentos e Custas Processuais Administrativas;4829,82;31476
2016;Prefeitura Municipal de Candelária - RS;4304200;RS;DCA-Anexo I-C;NA;Receitas Brutas Realizadas;RO1.1.2.2.28.00.00;1.1.2.2.28.00.00 - Taxa de Cemitérios;7444,45;31476
2016;Prefeitura Municipal de Candelária - RS;4304200;RS;DCA-Anexo I-C;NA;Receitas Brutas Realizadas;RO1.1.2.2.90.00.00;1.1.2.2.90.00.00 - Taxa de Limpeza Pública;329457,91;31476
2016;Prefeitura Municipal de Candelária - RS;4304200;RS;DCA-Anexo I-C;NA;Outras Deduções da Receita;RO1.1.2.2.90.00.00;1.1.2.2.90.00.00 - Taxa de Limpeza Pública;20866,41;31476
2016;Prefeitura Municipal de Candelária - RS;4304200;RS;DCA-Anexo I-C;NA;Receitas Brutas Realizadas;RO1.1.2.2.99.00.00;1.1.2.2.99.00.00 - Outras Taxas pela Prestação de Serviços;10740,11;31476
2016;Prefeitura Municipal de Candelária - RS;4304200;RS;DCA-Anexo I-C;NA;Receitas Brutas Realizadas;RO1.1.3.0.00.00.00;1.1.3.0.00.00.00 - Contribuição de Melhoria;17516,50;31476
2016;Prefeitura Municipal de Candelária - RS;4304200;RS;DCA-Anexo I-C;NA;Outras Deduções da Receita;RO1.1.3.0.00.00.00;1.1.3.0.00.00.00 - Contribuição de Melhoria;0,26;31476
2016;Prefeitura Municipal de Candelária - RS;4304200;RS;DCA-Anexo I-C;NA;Receitas Brutas Realizadas;RO1.1.3.0.04.00.00;1.1.3.0.04.00.00 - Contribuição de Melhoria para Pavimentação e Obras Complementares;17516,50;31476
2016;Prefeitura Municipal de Candelária - RS;4304200;RS;DCA-Anexo I-C;NA;Outras Deduções da Receita;RO1.1.3.0.04.00.00;1.1.3.0.04.00.00 - Contribuição de Melhoria para Pavimentação e Obras Complementares;0,26;31476
2016;Prefeitura Municipal de Candelária - RS;4304200;RS;DCA-Anexo I-C;NA;Receitas Brutas Realizadas;RO1.2.0.0.00.00.00;1.2.0.0.00.00.00 - Receitas de Contribuições;2524983,13;31476
2016;Prefeitura Municipal de Candelária - RS;4304200;RS;DCA-Anexo I-C;NA;Receitas Brutas Realizadas;RO1.2.1.0.00.00.00;1.2.1.0.00.00.00 - Contribuições Sociais;1480739,58;31476
2016;Prefeitura Municipal de Candelária - RS;4304200;RS;DCA-Anexo I-C;NA;Receitas Brutas Realizadas;RO1.2.1.0.29.00.00;1.2.1.0.29.00.00 - Contribuições para o Regime Próprio de Previdência do Servidor Público;1480739,58;31476
2016;Prefeitura Municipal de Candelária - RS;4304200;RS;DCA-Anexo I-C;NA;Receitas Brutas Realizadas;RO1.2.1.0.29.07.00;1.2.1.0.29.07.00 - Contribuição do Servidor Ativo Civil para o Regime Próprio;1480739,58;31476
2016;Prefeitura Municipal de Candelária - RS;4304200;RS;DCA-Anexo I-C;NA;Receitas Brutas Realizadas;RO1.2.3.0.00.00.00;1.2.3.0.00.00.00 - Contribuição para Custeio do Serviço de Iluminação Pública;1044243,55;31476
2016;Prefeitura Municipal de Candelária - RS;4304200;RS;DCA-Anexo I-C;NA;Receitas Brutas Realizadas;RO1.3.0.0.00.00.00;1.3.0.0.00.00.00 - Receita Patrimonial;10203892,34;31476
2016;Prefeitura Municipal de Candelária - RS;4304200;RS;DCA-Anexo I-C;NA;Outras Deduções da Receita;RO1.3.0.0.00.00.00;1.3.0.0.00.00.00 - Receita Patrimonial;213406,90;31476
2016;Prefeitura Municipal de Candelária - RS;4304200;RS;DCA-Anexo I-C;NA;Receitas Brutas Realizadas;RO1.3.1.0.00.00.00;1.3.1.0.00.00.00 - Receitas Imobiliárias;46841,70;31476
2016;Prefeitura Municipal de Candelária - RS;4304200;RS;DCA-Anexo I-C;NA;Receitas Brutas Realizadas;RO1.3.1.1.00.00.00;1.3.1.1.00.00.00 - Aluguéis;46841,70;31476
2016;Prefeitura Municipal de Candelária - RS;4304200;RS;DCA-Anexo I-C;NA;Receitas Brutas Realizadas;RO1.3.2.0.00.00.00;1.3.2.0.00.00.00 - Receitas de Valores Mobiliários;10134050,64;31476
2016;Prefeitura Municipal de Candelária - RS;4304200;RS;DCA-Anexo I-C;NA;Outras Deduções da Receita;RO1.3.2.0.00.00.00;1.3.2.0.00.00.00 - Receitas de Valores Mobiliários;213406,90;31476
2016;Prefeitura Municipal de Candelária - RS;4304200;RS;DCA-Anexo I-C;NA;Receitas Brutas Realizadas;RO1.3.2.5.00.00.00;1.3.2.5.00.00.00 - Remuneração de Depósitos Bancários;833071,03;31476
2016;Prefeitura Municipal de Candelária - RS;4304200;RS;DCA-Anexo I-C;NA;Receitas Brutas Realizadas;RO1.3.2.8.00.00.00;1.3.2.8.00.00.00 - Remuneração dos Investimentos do Regime Próprio de Previdência do Servidor;9300979,61;31476
2016;Prefeitura Municipal de Candelária - RS;4304200;RS;DCA-Anexo I-C;NA;Outras Deduções da Receita;RO1.3.2.8.00.00.00;1.3.2.8.00.00.00 - Remuneração dos Investimentos do Regime Próprio de Previdência do Servidor;213406,90;31476
2016;Prefeitura Municipal de Candelária - RS;4304200;RS;DCA-Anexo I-C;NA;Receitas Brutas Realizadas;RO1.3.6.0.00.00.00;1.3.6.0.00.00.00 - Receita da Cessão de Direitos;23000,00;31476
2016;Prefeitura Municipal de Candelária - RS;4304200;RS;DCA-Anexo I-C;NA;Receitas Brutas Realizadas;RO1.6.0.0.00.00.00;1.6.0.0.00.00.00 - Receita de Serviços;76239,98;31476
2016;Prefeitura Municipal de Candelária - RS;4304200;RS;DCA-Anexo I-C;NA;Receitas Brutas Realizadas;RO1.6.0.0.44.00.00;1.6.0.0.44.00.00 - Serviços de Abate de Animais;13568,99;31476
2016;Prefeitura Municipal de Candelária - RS;4304200;RS;DCA-Anexo I-C;NA;Receitas Brutas Realizadas;RO1.6.0.0.50.00.00;1.6.0.0.50.00.00 - Tarifas de Inscrição em Concursos e Processos Seletivos;23258,51;31476
2016;Prefeitura Municipal de Candelária - RS;4304200;RS;DCA-Anexo I-C;NA;Receitas Brutas Realizadas;RO1.6.0.0.99.00.00;1.6.0.0.99.00.00 - Outros Serviços;39412,48;31476
2016;Prefeitura Municipal de Candelária - RS;4304200;RS;DCA-Anexo I-C;NA;Receitas Brutas Realizadas;RO1.7.0.0.00.00.00;1.7.0.0.00.00.00 - Transferências Correntes;61772186,95;31476
2016;Prefeitura Municipal de Candelária - RS;4304200;RS;DCA-Anexo I-C;NA;Deduções - FUNDEB;RO1.7.0.0.00.00.00;1.7.0.0.00.00.00 - Transferências Correntes;7514361,19;31476
2016;Prefeitura Municipal de Candelária - RS;4304200;RS;DCA-Anexo I-C;NA;Outras Deduções da Receita;RO1.7.0.0.00.00.00;1.7.0.0.00.00.00 - Transferências Correntes;29254,33;31476
2016;Prefeitura Municipal de Candelária - RS;4304200;RS;DCA-Anexo I-C;NA;Receitas Brutas Realizadas;RO1.7.2.0.00.00.00;1.7.2.0.00.00.00 - Transferências Intergovernamentais;60045363,88;31476
2016;Prefeitura Municipal de Candelária - RS;4304200;RS;DCA-Anexo I-C;NA;Deduções - FUNDEB;RO1.7.2.0.00.00.00;1.7.2.0.00.00.00 - Transferências Intergovernamentais;7514361,19;31476
2016;Prefeitura Municipal de Candelária - RS;4304200;RS;DCA-Anexo I-C;NA;Receitas Brutas Realizadas;RO1.7.2.1.00.00.00;1.7.2.1.00.00.00 - Transferências da União;30301886,50;31476
2016;Prefeitura Municipal de Candelária - RS;4304200;RS;DCA-Anexo I-C;NA;Deduções - FUNDEB;RO1.7.2.1.00.00.00;1.7.2.1.00.00.00 - Transferências da União;3922829,46;31476
2016;Prefeitura Municipal de Candelária - RS;4304200;RS;DCA-Anexo I-C;NA;Receitas Brutas Realizadas;RO1.7.2.1.01.00.00;1.7.2.1.01.00.00 - Participação na Receita da União;20941900,57;31476
2016;Prefeitura Municipal de Candelária - RS;4304200;RS;DCA-Anexo I-C;NA;Deduções - FUNDEB;RO1.7.2.1.01.00.00;1.7.2.1.01.00.00 - Participação na Receita da União;3902529,56;31476
2016;Prefeitura Municipal de Candelária - RS;4304200;RS;DCA-Anexo I-C;NA;Receitas Brutas Realizadas;RO1.7.2.1.01.02.00;1.7.2.1.01.02.00 - Cota-Parte do Fundo de Participação dos Municípios ¿ FPM;19416934,42;31476
2016;Prefeitura Municipal de Candelária - RS;4304200;RS;DCA-Anexo I-C;NA;Deduções - FUNDEB;RO1.7.2.1.01.02.00;1.7.2.1.01.02.00 - Cota-Parte do Fundo de Participação dos Municípios ¿ FPM;3873396,14;31476
2016;Prefeitura Municipal de Candelária - RS;4304200;RS;DCA-Anexo I-C;NA;Receitas Brutas Realizadas;RO1.7.2.1.01.03.00;1.7.2.1.01.03.00 - Cota-Parte do Fundo de Participação dos Municípios - 1% Cota Anual;806291,71;31476
2016;Prefeitura Municipal de Candelária - RS;4304200;RS;DCA-Anexo I-C;NA;Receitas Brutas Realizadas;RO1.7.2.1.01.04.00;1.7.2.1.01.04.00 - Cota-Parte do Fundo de Participação dos Municípios - 1% Cota entregue no mês de julho (67)(I);573006,60;31476
2016;Prefeitura Municipal de Candelária - RS;4304200;RS;DCA-Anexo I-C;NA;Receitas Brutas Realizadas;RO1.7.2.1.01.05.00;1.7.2.1.01.05.00 - Cota-Parte do Imposto Sobre a Propriedade Territorial Rural ¿ ITR;145667,84;31476
2016;Prefeitura Municipal de Candelária - RS;4304200;RS;DCA-Anexo I-C;NA;Deduções - FUNDEB;RO1.7.2.1.01.05.00;1.7.2.1.01.05.00 - Cota-Parte do Imposto Sobre a Propriedade Territorial Rural ¿ ITR;29133,42;31476
2016;Prefeitura Municipal de Candelária - RS;4304200;RS;DCA-Anexo I-C;NA;Receitas Brutas Realizadas;RO1.7.2.1.22.00.00;1.7.2.1.22.00.00 - Transferências da Compensação Financeira pela Exploração de Recursos Naturais;163206,75;31476
2016;Prefeitura Municipal de Candelária - RS;4304200;RS;DCA-Anexo I-C;NA;Receitas Brutas Realizadas;RO1.7.2.1.22.20.00;1.7.2.1.22.20.00 - Cota-Parte da Compensação Financeira de Recursos Minerais - CFEM;266,01;31476
2016;Prefeitura Municipal de Candelária - RS;4304200;RS;DCA-Anexo I-C;NA;Receitas Brutas Realizadas;RO1.7.2.1.22.70.00;1.7.2.1.22.70.00 - Cota-Parte do Fundo Especial do Petróleo ¿ FEP;162940,74;31476
2016;Prefeitura Municipal de Candelária - RS;4304200;RS;DCA-Anexo I-C;NA;Receitas Brutas Realizadas;RO1.7.2.1.33.00.00;1.7.2.1.33.00.00 - Transferências de Recursos do Sistema Único de Saúde - SUS - Repasses Fundo a Fundo;7567539,14;31476
2016;Prefeitura Municipal de Candelária - RS;4304200;RS;DCA-Anexo I-C;NA;Receitas Brutas Realizadas;RO1.7.2.1.34.00.00;1.7.2.1.34.00.00 - Transferências de Recursos do Fundo Nacional de Assistência Social ¿ FNAS;269240,50;31476
2016;Prefeitura Municipal de Candelária - RS;4304200;RS;DCA-Anexo I-C;NA;Receitas Brutas Realizadas;RO1.7.2.1.35.00.00;1.7.2.1.35.00.00 - Transferências de Recursos do Fundo Nacional do Desenvolvimento da Educação ¿ FNDE;1079228,37;31476
2016;Prefeitura Municipal de Candelária - RS;4304200;RS;DCA-Anexo I-C;NA;Receitas Brutas Realizadas;RO1.7.2.1.36.00.00;1.7.2.1.36.00.00 - Transferências Financeiras do ICMS ¿ Desoneração ¿ L.C. Nº 87/96;101499,72;31476
2016;Prefeitura Municipal de Candelária - RS;4304200;RS;DCA-Anexo I-C;NA;Deduções - FUNDEB;RO1.7.2.1.36.00.00;1.7.2.1.36.00.00 - Transferências Financeiras do ICMS ¿ Desoneração ¿ L.C. Nº 87/96;20299,90;31476
2016;Prefeitura Municipal de Candelária - RS;4304200;RS;DCA-Anexo I-C;NA;Receitas Brutas Realizadas;RO1.7.2.1.99.00.00;1.7.2.1.99.00.00 - Outras Transferências da União;179271,45;31476
2016;Prefeitura Municipal de Candelária - RS;4304200;RS;DCA-Anexo I-C;NA;Receitas Brutas Realizadas;RO1.7.2.2.00.00.00;1.7.2.2.00.00.00 - Transferências dos Estados;21182315,81;31476
2016;Prefeitura Municipal de Candelária - RS;4304200;RS;DCA-Anexo I-C;NA;Deduções - FUNDEB;RO1.7.2.2.00.00.00;1.7.2.2.00.00.00 - Transferências dos Estados;3591531,73;31476
2016;Prefeitura Municipal de Candelária - RS;4304200;RS;DCA-Anexo I-C;NA;Receitas Brutas Realizadas;RO1.7.2.2.01.00.00;1.7.2.2.01.00.00 - Participação na Receita dos Estados;18003260,31;31476
2016;Prefeitura Municipal de Candelária - RS;4304200;RS;DCA-Anexo I-C;NA;Deduções - FUNDEB;RO1.7.2.2.01.00.00;1.7.2.2.01.00.00 - Participação na Receita dos Estados;3591531,73;31476
2016;Prefeitura Municipal de Candelária - RS;4304200;RS;DCA-Anexo I-C;NA;Receitas Brutas Realizadas;RO1.7.2.2.01.01.00;1.7.2.2.01.01.00 - Cota-Parte do ICMS;15619385,66;31476
2016;Prefeitura Municipal de Candelária - RS;4304200;RS;DCA-Anexo I-C;NA;Deduções - FUNDEB;RO1.7.2.2.01.01.00;1.7.2.2.01.01.00 - Cota-Parte do ICMS;3124129,77;31476
2016;Prefeitura Municipal de Candelária - RS;4304200;RS;DCA-Anexo I-C;NA;Receitas Brutas Realizadas;RO1.7.2.2.01.02.00;1.7.2.2.01.02.00 - Cota-Parte do IPVA;2139877,86;31476
2016;Prefeitura Municipal de Candelária - RS;4304200;RS;DCA-Anexo I-C;NA;Deduções - FUNDEB;RO1.7.2.2.01.02.00;1.7.2.2.01.02.00 - Cota-Parte do IPVA;428375,83;31476
2016;Prefeitura Municipal de Candelária - RS;4304200;RS;DCA-Anexo I-C;NA;Receitas Brutas Realizadas;RO1.7.2.2.01.04.00;1.7.2.2.01.04.00 - Cota-Parte do IPI - Municípios;195130,43;31476
2016;Prefeitura Municipal de Candelária - RS;4304200;RS;DCA-Anexo I-C;NA;Deduções - FUNDEB;RO1.7.2.2.01.04.00;1.7.2.2.01.04.00 - Cota-Parte do IPI - Municípios;39026,13;31476
2016;Prefeitura Municipal de Candelária - RS;4304200;RS;DCA-Anexo I-C;NA;Receitas Brutas Realizadas;RO1.7.2.2.01.13.00;1.7.2.2.01.13.00 - Cota-Parte da Contribuição de Intervenção no Domínio Econômico;48866,36;31476
2016;Prefeitura Municipal de Candelária - RS;4304200;RS;DCA-Anexo I-C;NA;Receitas Brutas Realizadas;RO1.7.2.2.33.00.00;1.7.2.2.33.00.00 - Transferências de Recursos do Estado para Programas de Saúde - Repasse Fundo a Fundo;3154147,60;31476
2016;Prefeitura Municipal de Candelária - RS;4304200;RS;DCA-Anexo I-C;NA;Receitas Brutas Realizadas;RO1.7.2.2.99.00.00;1.7.2.2.99.00.00 - Outras Transferências dos Estados;24907,90;31476
2016;Prefeitura Municipal de Candelária - RS;4304200;RS;DCA-Anexo I-C;NA;Receitas Brutas Realizadas;RO1.7.2.4.00.00.00;1.7.2.4.00.00.00 - Transferências Multigovernamentais;8561161,57;31476
2016;Prefeitura Municipal de Candelária - RS;4304200;RS;DCA-Anexo I-C;NA;Receitas Brutas Realizadas;RO1.7.2.4.01.00.00;1.7.2.4.01.00.00 - Transferências de Recursos do Fundo de Manutenção e Desenvolvimento do Ensino Fundamental e de Valorização do Magistério - FUNDEB;8561161,57;31476
2016;Prefeitura Municipal de Candelária - RS;4304200;RS;DCA-Anexo I-C;NA;Receitas Brutas Realizadas;RO1.7.3.0.00.00.00;1.7.3.0.00.00.00 - Transferências de Instituições Privadas;286247,02;31476
2016;Prefeitura Municipal de Candelária - RS;4304200;RS;DCA-Anexo I-C;NA;Receitas Brutas Realizadas;RO1.7.5.0.00.00.00;1.7.5.0.00.00.00 - Transferências de Pessoas;6205,50;31476
2016;Prefeitura Municipal de Candelária - RS;4304200;RS;DCA-Anexo I-C;NA;Receitas Brutas Realizadas;RO1.7.6.0.00.00.00;1.7.6.0.00.00.00 - Transferências de Convênios;1434370,55;31476
2016;Prefeitura Municipal de Candelária - RS;4304200;RS;DCA-Anexo I-C;NA;Outras Deduções da Receita;RO1.7.6.0.00.00.00;1.7.6.0.00.00.00 - Transferências de Convênios;29254,33;31476
2016;Prefeitura Municipal de Candelária - RS;4304200;RS;DCA-Anexo I-C;NA;Receitas Brutas Realizadas;RO1.7.6.1.00.00.00;1.7.6.1.00.00.00 - Transferências de Convênios da União e de Suas Entidades;33623,90;31476
2016;Prefeitura Municipal de Candelária - RS;4304200;RS;DCA-Anexo I-C;NA;Outras Deduções da Receita;RO1.7.6.1.00.00.00;1.7.6.1.00.00.00 - Transferências de Convênios da União e de Suas Entidades;29254,33;31476
2016;Prefeitura Municipal de Candelária - RS;4304200;RS;DCA-Anexo I-C;NA;Receitas Brutas Realizadas;RO1.7.6.1.99.00.00;1.7.6.1.99.00.00 - Outras Transferências de Convênios da União;33623,90;31476
2016;Prefeitura Municipal de Candelária - RS;4304200;RS;DCA-Anexo I-C;NA;Outras Deduções da Receita;RO1.7.6.1.99.00.00;1.7.6.1.99.00.00 - Outras Transferências de Convênios da União;29254,33;31476
2016;Prefeitura Municipal de Candelária - RS;4304200;RS;DCA-Anexo I-C;NA;Receitas Brutas Realizadas;RO1.7.6.2.00.00.00;1.7.6.2.00.00.00 - Transferências de Convênios dos Estados e do Distrito Federal e de Suas Entidades;1400746,65;31476
2016;Prefeitura Municipal de Candelária - RS;4304200;RS;DCA-Anexo I-C;NA;Receitas Brutas Realizadas;RO1.7.6.2.02.00.00;1.7.6.2.02.00.00 - Transferências de Convênios dos Estados Destinadas a Programas de Educação;1371145,67;31476
2016;Prefeitura Municipal de Candelária - RS;4304200;RS;DCA-Anexo I-C;NA;Receitas Brutas Realizadas;RO1.7.6.2.99.00.00;1.7.6.2.99.00.00 - Outras Transferências de Convênios dos Estados;29600,98;31476
2016;Prefeitura Municipal de Candelária - RS;4304200;RS;DCA-Anexo I-C;NA;Receitas Brutas Realizadas;RO1.9.0.0.00.00.00;1.9.0.0.00.00.00 - Outras Receitas Correntes;1066259,36;31476
2016;Prefeitura Municipal de Candelária - RS;4304200;RS;DCA-Anexo I-C;NA;Outras Deduções da Receita;RO1.9.0.0.00.00.00;1.9.0.0.00.00.00 - Outras Receitas Correntes;68,08;31476
2016;Prefeitura Municipal de Candelária - RS;4304200;RS;DCA-Anexo I-C;NA;Receitas Brutas Realizadas;RO1.9.1.0.00.00.00;1.9.1.0.00.00.00 - Multas e Juros de Mora;144804,61;31476
2016;Prefeitura Municipal de Candelária - RS;4304200;RS;DCA-Anexo I-C;NA;Outras Deduções da Receita;RO1.9.1.0.00.00.00;1.9.1.0.00.00.00 - Multas e Juros de Mora;68,08;31476
2016;Prefeitura Municipal de Candelária - RS;4304200;RS;DCA-Anexo I-C;NA;Receitas Brutas Realizadas;RO1.9.1.1.00.00.00;1.9.1.1.00.00.00 - Multas e Juros de Mora dos Tributos;19947,43;31476
2016;Prefeitura Municipal de Candelária - RS;4304200;RS;DCA-Anexo I-C;NA;Outras Deduções da Receita;RO1.9.1.1.00.00.00;1.9.1.1.00.00.00 - Multas e Juros de Mora dos Tributos;56,12;31476
2016;Prefeitura Municipal de Candelária - RS;4304200;RS;DCA-Anexo I-C;NA;Receitas Brutas Realizadas;RO1.9.1.1.35.00.00;1.9.1.1.35.00.00 - Multas e Juros de Mora da Taxa de Fiscalização e Vigilância Sanitária;79,04;31476
2016;Prefeitura Municipal de Candelária - RS;4304200;RS;DCA-Anexo I-C;NA;Receitas Brutas Realizadas;RO1.9.1.1.38.00.00;1.9.1.1.38.00.00 - Multas e Juros de Mora do Imposto sobre a Propriedade Predial e Territorial Urbana ¿ IPTU;4437,58;31476
2016;Prefeitura Municipal de Candelária - RS;4304200;RS;DCA-Anexo I-C;NA;Outras Deduções da Receita;RO1.9.1.1.38.00.00;1.9.1.1.38.00.00 - Multas e Juros de Mora do Imposto sobre a Propriedade Predial e Territorial Urbana ¿ IPTU;10,74;31476
2016;Prefeitura Municipal de Candelária - RS;4304200;RS;DCA-Anexo I-C;NA;Receitas Brutas Realizadas;RO1.9.1.1.40.00.00;1.9.1.1.40.00.00 - Multas e Juros de Mora do Imposto sobre Serviços de Qualquer Natureza ¿ ISS;10170,89;31476
2016;Prefeitura Municipal de Candelária - RS;4304200;RS;DCA-Anexo I-C;NA;Outras Deduções da Receita;RO1.9.1.1.40.00.00;1.9.1.1.40.00.00 - Multas e Juros de Mora do Imposto sobre Serviços de Qualquer Natureza ¿ ISS;22,85;31476
2016;Prefeitura Municipal de Candelária - RS;4304200;RS;DCA-Anexo I-C;NA;Receitas Brutas Realizadas;RO1.9.1.1.98.00.00;1.9.1.1.98.00.00 - Multas e Juros de Mora das Contribuições de Melhoria;70,17;31476
2016;Prefeitura Municipal de Candelária - RS;4304200;RS;DCA-Anexo I-C;NA;Outras Deduções da Receita;RO1.9.1.1.98.00.00;1.9.1.1.98.00.00 - Multas e Juros de Mora das Contribuições de Melhoria;15,46;31476
2016;Prefeitura Municipal de Candelária - RS;4304200;RS;DCA-Anexo I-C;NA;Receitas Brutas Realizadas;RO1.9.1.1.99.00.00;1.9.1.1.99.00.00 - Multas e Juros de Mora de Outros Tributos;5189,75;31476
2016;Prefeitura Municipal de Candelária - RS;4304200;RS;DCA-Anexo I-C;NA;Outras Deduções da Receita;RO1.9.1.1.99.00.00;1.9.1.1.99.00.00 - Multas e Juros de Mora de Outros Tributos;7,07;31476
2016;Prefeitura Municipal de Candelária - RS;4304200;RS;DCA-Anexo I-C;NA;Receitas Brutas Realizadas;RO1.9.1.3.00.00.00;1.9.1.3.00.00.00 - Multas e Juros de Mora da Dívida Ativa dos Tributos;118158,67;31476
2016;Prefeitura Municipal de Candelária - RS;4304200;RS;DCA-Anexo I-C;NA;Receitas Brutas Realizadas;RO1.9.1.3.11.00.00;1.9.1.3.11.00.00 - Multas e Juros de Mora da Dívida Ativa do Imposto sobre a Propriedade Predial e Territorial Urbana ¿ IPTU;58573,86;31476
2016;Prefeitura Municipal de Candelária - RS;4304200;RS;DCA-Anexo I-C;NA;Receitas Brutas Realizadas;RO1.9.1.3.13.00.00;1.9.1.3.13.00.00 - Multas e Juros de Mora da Dívida Ativa do Imposto sobre Serviços de Qualquer Natureza ¿ ISS;1412,20;31476
2016;Prefeitura Municipal de Candelária - RS;4304200;RS;DCA-Anexo I-C;NA;Receitas Brutas Realizadas;RO1.9.1.3.35.00.00;1.9.1.3.35.00.00 - Multas e Juros de Mora da Dívida Ativa da Taxa de Fiscalização e Vigilância Sanitária;195,23;31476
2016;Prefeitura Municipal de Candelária - RS;4304200;RS;DCA-Anexo I-C;NA;Receitas Brutas Realizadas;RO1.9.1.3.98.00.00;1.9.1.3.98.00.00 - Multas e Juros de mora da Dívida Ativa das Contribuições de Melhoria;16853,43;31476
2016;Prefeitura Municipal de Candelária - RS;4304200;RS;DCA-Anexo I-C;NA;Receitas Brutas Realizadas;RO1.9.1.3.99.00.00;1.9.1.3.99.00.00 - Multas e Juros de Mora da Dívida Ativa de Outros Tributos;41123,95;31476
2016;Prefeitura Municipal de Candelária - RS;4304200;RS;DCA-Anexo I-C;NA;Receitas Brutas Realizadas;RO1.9.1.5.00.00.00;1.9.1.5.00.00.00 - Multas e Juros de Mora da Dívida Ativa de Outras Receitas;2872,90;31476
2016;Prefeitura Municipal de Candelária - RS;4304200;RS;DCA-Anexo I-C;NA;Receitas Brutas Realizadas;RO1.9.1.5.99.00.00;1.9.1.5.99.00.00 - Outras Multas e Juros de Mora da Dívida Ativa de Outras Receitas;2872,90;31476
2016;Prefeitura Municipal de Candelária - RS;4304200;RS;DCA-Anexo I-C;NA;Receitas Brutas Realizadas;RO1.9.1.8.00.00.00;1.9.1.8.00.00.00 - Multas e Juros de Mora de Outras Receitas;64,58;31476
2016;Prefeitura Municipal de Candelária - RS;4304200;RS;DCA-Anexo I-C;NA;Outras Deduções da Receita;RO1.9.1.8.00.00.00;1.9.1.8.00.00.00 - Multas e Juros de Mora de Outras Receitas;11,96;31476
2016;Prefeitura Municipal de Candelária - RS;4304200;RS;DCA-Anexo I-C;NA;Receitas Brutas Realizadas;RO1.9.1.8.01.00.00;1.9.1.8.01.00.00 - Multas e Juros de Mora de Aluguel;1,96;31476
2016;Prefeitura Municipal de Candelária - RS;4304200;RS;DCA-Anexo I-C;NA;Receitas Brutas Realizadas;RO1.9.1.8.99.00.00;1.9.1.8.99.00.00 - Outras Multas e Juros de Mora;62,62;31476
2016;Prefeitura Municipal de Candelária - RS;4304200;RS;DCA-Anexo I-C;NA;Outras Deduções da Receita;RO1.9.1.8.99.00.00;1.9.1.8.99.00.00 - Outras Multas e Juros de Mora;11,96;31476
2016;Prefeitura Municipal de Candelária - RS;4304200;RS;DCA-Anexo I-C;NA;Receitas Brutas Realizadas;RO1.9.1.9.00.00.00;1.9.1.9.00.00.00 - Multas de Outras Origens;3761,03;31476
2016;Prefeitura Municipal de Candelária - RS;4304200;RS;DCA-Anexo I-C;NA;Receitas Brutas Realizadas;RO1.9.2.0.00.00.00;1.9.2.0.00.00.00 - Indenizações e Restituições;421202,04;31476
2016;Prefeitura Municipal de Candelária - RS;4304200;RS;DCA-Anexo I-C;NA;Receitas Brutas Realizadas;RO1.9.2.2.00.00.00;1.9.2.2.00.00.00 - Restituições;421202,04;31476
2016;Prefeitura Municipal de Candelária - RS;4304200;RS;DCA-Anexo I-C;NA;Receitas Brutas Realizadas;RO1.9.2.2.10.00.00;1.9.2.2.10.00.00 - Compensações Financeiras entre o Regime Geral e os Regimes Próprios de Previdência dos Servidores;306178,36;31476
2016;Prefeitura Municipal de Candelária - RS;4304200;RS;DCA-Anexo I-C;NA;Receitas Brutas Realizadas;RO1.9.2.2.99.00.00;1.9.2.2.99.00.00 - Outras Restituições;115023,68;31476
2016;Prefeitura Municipal de Candelária - RS;4304200;RS;DCA-Anexo I-C;NA;Receitas Brutas Realizadas;RO1.9.3.0.00.00.00;1.9.3.0.00.00.00 - Receita da Dívida Ativa;279116,52;31476
2016;Prefeitura Municipal de Candelária - RS;4304200;RS;DCA-Anexo I-C;NA;Receitas Brutas Realizadas;RO1.9.3.1.00.00.00;1.9.3.1.00.00.00 - Receita da Dívida Ativa Tributária;213133,79;31476
2016;Prefeitura Municipal de Candelária - RS;4304200;RS;DCA-Anexo I-C;NA;Receitas Brutas Realizadas;RO1.9.3.1.11.00.00;1.9.3.1.11.00.00 - Receita da Dívida Ativa do Imposto sobre a Propriedade Predial e Territorial Urbana ¿ IPTU;128935,93;31476
2016;Prefeitura Municipal de Candelária - RS;4304200;RS;DCA-Anexo I-C;NA;Receitas Brutas Realizadas;RO1.9.3.1.13.00.00;1.9.3.1.13.00.00 - Receita da Dívida Ativa do Imposto sobre Serviços de Qualquer Natureza ¿ ISS;4323,71;31476
2016;Prefeitura Municipal de Candelária - RS;4304200;RS;DCA-Anexo I-C;NA;Receitas Brutas Realizadas;RO1.9.3.1.35.00.00;1.9.3.1.35.00.00 - Receita da Dívida Ativa da Taxa de Fiscalização e Vigilância Sanitária;858,33;31476
2016;Prefeitura Municipal de Candelária - RS;4304200;RS;DCA-Anexo I-C;NA;Receitas Brutas Realizadas;RO1.9.3.1.98.00.00;1.9.3.1.98.00.00 - Receita da Dívida Ativa das Contribuições de Melhoria;30210,59;31476
2016;Prefeitura Municipal de Candelária - RS;4304200;RS;DCA-Anexo I-C;NA;Receitas Brutas Realizadas;RO1.9.3.1.99.00.00;1.9.3.1.99.00.00 - Receita da Dívida Ativa de Outros Tributos;48805,23;31476
2016;Prefeitura Municipal de Candelária - RS;4304200;RS;DCA-Anexo I-C;NA;Receitas Brutas Realizadas;RO1.9.3.2.00.00.00;1.9.3.2.00.00.00 - Receita da Dívida Ativa Não Tributária;65982,73;31476
2016;Prefeitura Municipal de Candelária - RS;4304200;RS;DCA-Anexo I-C;NA;Receitas Brutas Realizadas;RO1.9.3.2.99.00.00;1.9.3.2.99.00.00 - Receita da Dívida Ativa Não Tributária de Outras Receitas;65982,73;31476
2016;Prefeitura Municipal de Candelária - RS;4304200;RS;DCA-Anexo I-C;NA;Receitas Brutas Realizadas;RO1.9.9.0.00.00.00;1.9.9.0.00.00.00 - Receitas Diversas;221136,19;31476
2016;Prefeitura Municipal de Candelária - RS;4304200;RS;DCA-Anexo I-C;NA;Receitas Brutas Realizadas;RO1.9.9.0.02.00.00;1.9.9.0.02.00.00 - Encargos Legais pela Inscrição em Dívida Ativa e Receitas de Ônus de Sucumbência;423,52;31476
2016;Prefeitura Municipal de Candelária - RS;4304200;RS;DCA-Anexo I-C;NA;Receitas Brutas Realizadas;RO1.9.9.0.99.00.00;1.9.9.0.99.00.00 - Outras Receitas;220712,67;31476
2016;Prefeitura Municipal de Candelária - RS;4304200;RS;DCA-Anexo I-C;NA;Receitas Brutas Realizadas;RO2.0.0.0.00.00.00;2.0.0.0.00.00.00 - Receitas de Capital;3443367,29;31476
2016;Prefeitura Municipal de Candelária - RS;4304200;RS;DCA-Anexo I-C;NA;Receitas Brutas Realizadas;RO2.1.0.0.00.00.00;2.1.0.0.00.00.00 - Operações de Crédito;647048,38;31476
2016;Prefeitura Municipal de Candelária - RS;4304200;RS;DCA-Anexo I-C;NA;Receitas Brutas Realizadas;RO2.1.1.0.00.00.00;2.1.1.0.00.00.00 - Operações de Crédito Internas;647048,38;31476
2016;Prefeitura Municipal de Candelária - RS;4304200;RS;DCA-Anexo I-C;NA;Receitas Brutas Realizadas;RO2.2.0.0.00.00.00;2.2.0.0.00.00.00 - Alienação de Bens;455,00;31476
2016;Prefeitura Municipal de Candelária - RS;4304200;RS;DCA-Anexo I-C;NA;Receitas Brutas Realizadas;RO2.2.1.0.00.00.00;2.2.1.0.00.00.00 - Alienação de Bens Móveis;455,00;31476
2016;Prefeitura Municipal de Candelária - RS;4304200;RS;DCA-Anexo I-C;NA;Receitas Brutas Realizadas;RO2.4.0.0.00.00.00;2.4.0.0.00.00.00 - Transferências de Capital;2795863,91;31476
2016;Prefeitura Municipal de Candelária - RS;4304200;RS;DCA-Anexo I-C;NA;Receitas Brutas Realizadas;RO2.4.2.0.00.00.00;2.4.2.0.00.00.00 - Transferências Intergovernamentais;633110,00;31476
2016;Prefeitura Municipal de Candelária - RS;4304200;RS;DCA-Anexo I-C;NA;Receitas Brutas Realizadas;RO2.4.2.1.00.00.00;2.4.2.1.00.00.00 - Transferências da União;633110,00;31476
2016;Prefeitura Municipal de Candelária - RS;4304200;RS;DCA-Anexo I-C;NA;Receitas Brutas Realizadas;RO2.4.2.1.02.00.00;2.4.2.1.02.00.00 - Transferências de Recursos Destinados a Programas de Educação;230210,00;31476
2016;Prefeitura Municipal de Candelária - RS;4304200;RS;DCA-Anexo I-C;NA;Receitas Brutas Realizadas;RO2.4.2.1.99.00.00;2.4.2.1.99.00.00 - Outras Transferências da União;402900,00;31476
2016;Prefeitura Municipal de Candelária - RS;4304200;RS;DCA-Anexo I-C;NA;Receitas Brutas Realizadas;RO2.4.7.0.00.00.00;2.4.7.0.00.00.00 - Transferências de Convênios;2162753,91;31476
2016;Prefeitura Municipal de Candelária - RS;4304200;RS;DCA-Anexo I-C;NA;Receitas Brutas Realizadas;RO2.4.7.1.00.00.00;2.4.7.1.00.00.00 - Transferências de Convênios da União e de suas Entidades;2045397,05;31476
2016;Prefeitura Municipal de Candelária - RS;4304200;RS;DCA-Anexo I-C;NA;Receitas Brutas Realizadas;RO2.4.7.1.02.00.00;2.4.7.1.02.00.00 - Transferências de Convênios da União Destinadas a Programas de Educação;183512,67;31476
2016;Prefeitura Municipal de Candelária - RS;4304200;RS;DCA-Anexo I-C;NA;Receitas Brutas Realizadas;RO2.4.7.1.05.00.00;2.4.7.1.05.00.00 - Transferências de Convênios da União Destinadas a Programas de Infraestrutura em Transporte;430382,16;31476
2016;Prefeitura Municipal de Candelária - RS;4304200;RS;DCA-Anexo I-C;NA;Receitas Brutas Realizadas;RO2.4.7.1.99.00.00;2.4.7.1.99.00.00 - Outras Transferências de Convênios da União;1431502,22;31476
2016;Prefeitura Municipal de Candelária - RS;4304200;RS;DCA-Anexo I-C;NA;Receitas Brutas Realizadas;RO2.4.7.2.00.00.00;2.4.7.2.00.00.00 - Transferências de Convênios dos Estados e do Distrito Federal e de suas Entidades;117356,86;31476
2016;Prefeitura Municipal de Candelária - RS;4304200;RS;DCA-Anexo I-C;NA;Receitas Brutas Realizadas;RO2.4.7.2.05.00.00;2.4.7.2.05.00.00 - Transferências de Convênios dos Estados Destinadas a Programas de Infraestrutura em Transporte;6478,60;31476
2016;Prefeitura Municipal de Candelária - RS;4304200;RS;DCA-Anexo I-C;NA;Receitas Brutas Realizadas;RO2.4.7.2.99.00.00;2.4.7.2.99.00.00 - Outras Transferências de Convênios dos Estados;110878,26;31476
2016;Prefeitura Municipal de Candelária - RS;4304200;RS;DCA-Anexo I-C;NA;Receitas Brutas Realizadas;RI7.0.0.0.00.00.00;7.0.0.0.00.00.00 - Receitas Correntes Intraorçamentárias;4724829,73;31476
2016;Prefeitura Municipal de Candelária - RS;4304200;RS;DCA-Anexo I-C;NA;Receitas Brutas Realizadas;RI7.2.0.0.00.00.00;7.2.0.0.00.00.00 - Receitas de Contribuições Intraorçamentárias;4723965,14;31476
2016;Prefeitura Municipal de Candelária - RS;4304200;RS;DCA-Anexo I-C;NA;Receitas Brutas Realizadas;RI7.2.1.0.00.00.00;7.2.1.0.00.00.00 - Contribuições Sociais Intraorçamentárias;4723965,14;31476
2016;Prefeitura Municipal de Candelária - RS;4304200;RS;DCA-Anexo I-C;NA;Receitas Brutas Realizadas;RI7.2.1.0.29.00.00;7.2.1.0.29.00.00 - Contribuições para o Regime Próprio de Previdência do Servidor Público Intraorçamentárias;4723965,14;31476
2016;Prefeitura Municipal de Candelária - RS;4304200;RS;DCA-Anexo I-C;NA;Receitas Brutas Realizadas;RI7.2.1.0.29.01.00;7.2.1.0.29.01.00 - Contribuição Patronal de Servidor Ativo Civil para o Regime Próprio Intraorçamentária;1714209,62;31476
2016;Prefeitura Municipal de Candelária - RS;4304200;RS;DCA-Anexo I-C;NA;Receitas Brutas Realizadas;RI7.2.1.0.29.99.00;7.2.1.0.29.99.00 - Outras Contribuições para o Regime Próprio de Previdência do Servidor Público Intraorçamentárias;3009755,52;31476
2016;Prefeitura Municipal de Candelária - RS;4304200;RS;DCA-Anexo I-C;NA;Receitas Brutas Realizadas;RI7.9.0.0.00.00.00;7.9.0.0.00.00.00 - Outras Receitas Correntes Intraorçamentárias;864,59;31476
2016;Prefeitura Municipal de Candelária - RS;4304200;RS;DCA-Anexo I-C;NA;Receitas Brutas Realizadas;RI7.9.9.9.00.00.00;7.9.9.9.00.00.00 - Demais Receitas Correntes Intraorçamentárias;864,59;31476
2017;Prefeitura Municipal de Candelária - RS;4304200;RS;DCA-Anexo I-C;Padrão;Receitas Brutas Realizadas;TotalReceitas;Total Receitas;92299970,80;31541
2017;Prefeitura Municipal de Candelária - RS;4304200;RS;DCA-Anexo I-C;Padrão;Deduções - FUNDEB;TotalReceitas;Total Receitas;7430070,82;31541
2017;Prefeitura Municipal de Candelária - RS;4304200;RS;DCA-Anexo I-C;Padrão;Outras Deduções da Receita;TotalReceitas;Total Receitas;1039324,08;31541
2017;Prefeitura Municipal de Candelária - RS;4304200;RS;DCA-Anexo I-C;Padrão;Receitas Brutas Realizadas;RO1.0.0.0.00.00.00;1.0.0.0.00.00.00 - Receitas Correntes;84684362,79;31541
2017;Prefeitura Municipal de Candelária - RS;4304200;RS;DCA-Anexo I-C;Padrão;Deduções - FUNDEB;RO1.0.0.0.00.00.00;1.0.0.0.00.00.00 - Receitas Correntes;7430070,82;31541
2017;Prefeitura Municipal de Candelária - RS;4304200;RS;DCA-Anexo I-C;Padrão;Outras Deduções da Receita;RO1.0.0.0.00.00.00;1.0.0.0.00.00.00 - Receitas Correntes;1039324,08;31541
2017;Prefeitura Municipal de Candelária - RS;4304200;RS;DCA-Anexo I-C;Padrão;Receitas Brutas Realizadas;RO1.1.0.0.00.00.00;1.1.0.0.00.00.00 - Receita Tributária;6292637,93;31541
2017;Prefeitura Municipal de Candelária - RS;4304200;RS;DCA-Anexo I-C;Padrão;Outras Deduções da Receita;RO1.1.0.0.00.00.00;1.1.0.0.00.00.00 - Receita Tributária;108803,26;31541
2017;Prefeitura Municipal de Candelária - RS;4304200;RS;DCA-Anexo I-C;Padrão;Receitas Brutas Realizadas;RO1.1.1.0.00.00.00;1.1.1.0.00.00.00 - Impostos;5607702,79;31541
2017;Prefeitura Municipal de Candelária - RS;4304200;RS;DCA-Anexo I-C;Padrão;Outras Deduções da Receita;RO1.1.1.0.00.00.00;1.1.1.0.00.00.00 - Impostos;85536,45;31541
2017;Prefeitura Municipal de Candelária - RS;4304200;RS;DCA-Anexo I-C;Padrão;Receitas Brutas Realizadas;RO1.1.1.2.00.00.00;1.1.1.2.00.00.00 - Impostos sobre o Patrimônio e a Renda;3866795,81;31541
2017;Prefeitura Municipal de Candelária - RS;4304200;RS;DCA-Anexo I-C;Padrão;Outras Deduções da Receita;RO1.1.1.2.00.00.00;1.1.1.2.00.00.00 - Impostos sobre o Patrimônio e a Renda;85509,91;31541
2017;Prefeitura Municipal de Candelária - RS;4304200;RS;DCA-Anexo I-C;Padrão;Receitas Brutas Realizadas;RO1.1.1.2.02.00.00;1.1.1.2.02.00.00 - Imposto sobre a Propriedade Predial e Territorial Urbana ¿ IPTU;1273334,89;31541
2017;Prefeitura Municipal de Candelária - RS;4304200;RS;DCA-Anexo I-C;Padrão;Outras Deduções da Receita;RO1.1.1.2.02.00.00;1.1.1.2.02.00.00 - Imposto sobre a Propriedade Predial e Territorial Urbana ¿ IPTU;85509,91;31541
2017;Prefeitura Municipal de Candelária - RS;4304200;RS;DCA-Anexo I-C;Padrão;Receitas Brutas Realizadas;RO1.1.1.2.04.00.00;1.1.1.2.04.00.00 - Imposto sobre a Renda e Proventos de Qualquer Natureza ¿ IR;1928686,38;31541
2017;Prefeitura Municipal de Candelária - RS;4304200;RS;DCA-Anexo I-C;Padrão;Receitas Brutas Realizadas;RO1.1.1.2.04.31.00;1.1.1.2.04.31.00 - Retido nas Fontes - Trabalho;1928686,38;31541
2017;Prefeitura Municipal de Candelária - RS;4304200;RS;DCA-Anexo I-C;Padrão;Receitas Brutas Realizadas;RO1.1.1.2.08.00.00;"1.1.1.2.08.00.00 - Imposto sobre Transmissão ""Inter Vivos"" de Bens Imóveis e de Direitos Reais sobre Imóveis ¿ ITBI";664774,54;31541
2017;Prefeitura Municipal de Candelária - RS;4304200;RS;DCA-Anexo I-C;Padrão;Receitas Brutas Realizadas;RO1.1.1.3.00.00.00;1.1.1.3.00.00.00 - Impostos sobre a Produção e a Circulação;1740906,98;31541
2017;Prefeitura Municipal de Candelária - RS;4304200;RS;DCA-Anexo I-C;Padrão;Outras Deduções da Receita;RO1.1.1.3.00.00.00;1.1.1.3.00.00.00 - Impostos sobre a Produção e a Circulação;26,54;31541
2017;Prefeitura Municipal de Candelária - RS;4304200;RS;DCA-Anexo I-C;Padrão;Receitas Brutas Realizadas;RO1.1.1.3.05.00.00;1.1.1.3.05.00.00 - Imposto sobre Serviços de Qualquer Natureza ¿ ISSQN;1740906,98;31541
2017;Prefeitura Municipal de Candelária - RS;4304200;RS;DCA-Anexo I-C;Padrão;Outras Deduções da Receita;RO1.1.1.3.05.00.00;1.1.1.3.05.00.00 - Imposto sobre Serviços de Qualquer Natureza ¿ ISSQN;26,54;31541
2017;Prefeitura Municipal de Candelária - RS;4304200;RS;DCA-Anexo I-C;Padrão;Receitas Brutas Realizadas;RO1.1.2.0.00.00.00;1.1.2.0.00.00.00 - Taxas;654387,47;31541
2017;Prefeitura Municipal de Candelária - RS;4304200;RS;DCA-Anexo I-C;Padrão;Outras Deduções da Receita;RO1.1.2.0.00.00.00;1.1.2.0.00.00.00 - Taxas;21744,18;31541
2017;Prefeitura Municipal de Candelária - RS;4304200;RS;DCA-Anexo I-C;Padrão;Receitas Brutas Realizadas;RO1.1.2.1.00.00.00;1.1.2.1.00.00.00 - Taxas pelo Exercício do Poder de Polícia;282486,14;31541
2017;Prefeitura Municipal de Candelária - RS;4304200;RS;DCA-Anexo I-C;Padrão;Receitas Brutas Realizadas;RO1.1.2.2.00.00.00;1.1.2.2.00.00.00 - Taxas pela Prestação de Serviços;371901,33;31541
2017;Prefeitura Municipal de Candelária - RS;4304200;RS;DCA-Anexo I-C;Padrão;Outras Deduções da Receita;RO1.1.2.2.00.00.00;1.1.2.2.00.00.00 - Taxas pela Prestação de Serviços;21744,18;31541
2017;Prefeitura Municipal de Candelária - RS;4304200;RS;DCA-Anexo I-C;Padrão;Receitas Brutas Realizadas;RO1.1.2.2.12.00.00;1.1.2.2.12.00.00 - Emolumentos e Custas Processuais Administrativas;2811,32;31541
2017;Prefeitura Municipal de Candelária - RS;4304200;RS;DCA-Anexo I-C;Padrão;Receitas Brutas Realizadas;RO1.1.2.2.28.00.00;1.1.2.2.28.00.00 - Taxa de Cemitérios;2459,32;31541
2017;Prefeitura Municipal de Candelária - RS;4304200;RS;DCA-Anexo I-C;Padrão;Receitas Brutas Realizadas;RO1.1.2.2.90.00.00;1.1.2.2.90.00.00 - Taxa de Limpeza Pública;349257,12;31541
2017;Prefeitura Municipal de Candelária - RS;4304200;RS;DCA-Anexo I-C;Padrão;Outras Deduções da Receita;RO1.1.2.2.90.00.00;1.1.2.2.90.00.00 - Taxa de Limpeza Pública;21744,18;31541
2017;Prefeitura Municipal de Candelária - RS;4304200;RS;DCA-Anexo I-C;Padrão;Receitas Brutas Realizadas;RO1.1.2.2.99.00.00;1.1.2.2.99.00.00 - Outras Taxas pela Prestação de Serviços;17373,57;31541
2017;Prefeitura Municipal de Candelária - RS;4304200;RS;DCA-Anexo I-C;Padrão;Receitas Brutas Realizadas;RO1.1.3.0.00.00.00;1.1.3.0.00.00.00 - Contribuição de Melhoria;30547,67;31541
2017;Prefeitura Municipal de Candelária - RS;4304200;RS;DCA-Anexo I-C;Padrão;Outras Deduções da Receita;RO1.1.3.0.00.00.00;1.1.3.0.00.00.00 - Contribuição de Melhoria;1522,63;31541
2017;Prefeitura Municipal de Candelária - RS;4304200;RS;DCA-Anexo I-C;Padrão;Receitas Brutas Realizadas;RO1.1.3.0.04.00.00;1.1.3.0.04.00.00 - Contribuição de Melhoria para Pavimentação e Obras Complementares;30547,67;31541
2017;Prefeitura Municipal de Candelária - RS;4304200;RS;DCA-Anexo I-C;Padrão;Outras Deduções da Receita;RO1.1.3.0.04.00.00;1.1.3.0.04.00.00 - Contribuição de Melhoria para Pavimentação e Obras Complementares;1522,63;31541
2017;Prefeitura Municipal de Candelária - RS;4304200;RS;DCA-Anexo I-C;Padrão;Receitas Brutas Realizadas;RO1.2.0.0.00.00.00;1.2.0.0.00.00.00 - Receitas de Contribuições;2749198,78;31541
2017;Prefeitura Municipal de Candelária - RS;4304200;RS;DCA-Anexo I-C;Padrão;Receitas Brutas Realizadas;RO1.2.1.0.00.00.00;1.2.1.0.00.00.00 - Contribuições Sociais;1716693,89;31541
2017;Prefeitura Municipal de Candelária - RS;4304200;RS;DCA-Anexo I-C;Padrão;Receitas Brutas Realizadas;RO1.2.1.0.29.00.00;1.2.1.0.29.00.00 - Contribuições para o Regime Próprio de Previdência do Servidor Público;1716693,89;31541
2017;Prefeitura Municipal de Candelária - RS;4304200;RS;DCA-Anexo I-C;Padrão;Receitas Brutas Realizadas;RO1.2.1.0.29.07.00;1.2.1.0.29.07.00 - Contribuição do Servidor Ativo Civil para o Regime Próprio;1708026,76;31541
2017;Prefeitura Municipal de Candelária - RS;4304200;RS;DCA-Anexo I-C;Padrão;Receitas Brutas Realizadas;RO1.2.1.0.29.09.00;1.2.1.0.29.09.00 - Contribuições do Servidor Inativo Civil para o Regime Próprio;676,18;31541
2017;Prefeitura Municipal de Candelária - RS;4304200;RS;DCA-Anexo I-C;Padrão;Receitas Brutas Realizadas;RO1.2.1.0.29.17.00;1.2.1.0.29.17.00 - Receita de Recolhimento da Contribuição do Servidor Ativo Civil, oriunda do Pagamento de Sentenças Judiciais;7990,95;31541
2017;Prefeitura Municipal de Candelária - RS;4304200;RS;DCA-Anexo I-C;Padrão;Receitas Brutas Realizadas;RO1.2.3.0.00.00.00;1.2.3.0.00.00.00 - Contribuição para Custeio do Serviço de Iluminação Pública;1032504,89;31541
2017;Prefeitura Municipal de Candelária - RS;4304200;RS;DCA-Anexo I-C;Padrão;Receitas Brutas Realizadas;RO1.3.0.0.00.00.00;1.3.0.0.00.00.00 - Receita Patrimonial;9013618,44;31541
2017;Prefeitura Municipal de Candelária - RS;4304200;RS;DCA-Anexo I-C;Padrão;Outras Deduções da Receita;RO1.3.0.0.00.00.00;1.3.0.0.00.00.00 - Receita Patrimonial;930407,53;31541
2017;Prefeitura Municipal de Candelária - RS;4304200;RS;DCA-Anexo I-C;Padrão;Receitas Brutas Realizadas;RO1.3.1.0.00.00.00;1.3.1.0.00.00.00 - Receitas Imobiliárias;58389,26;31541
2017;Prefeitura Municipal de Candelária - RS;4304200;RS;DCA-Anexo I-C;Padrão;Receitas Brutas Realizadas;RO1.3.1.1.00.00.00;1.3.1.1.00.00.00 - Aluguéis;58389,26;31541
2017;Prefeitura Municipal de Candelária - RS;4304200;RS;DCA-Anexo I-C;Padrão;Receitas Brutas Realizadas;RO1.3.2.0.00.00.00;1.3.2.0.00.00.00 - Receitas de Valores Mobiliários;8955229,18;31541
2017;Prefeitura Municipal de Candelária - RS;4304200;RS;DCA-Anexo I-C;Padrão;Outras Deduções da Receita;RO1.3.2.0.00.00.00;1.3.2.0.00.00.00 - Receitas de Valores Mobiliários;930407,53;31541
2017;Prefeitura Municipal de Candelária - RS;4304200;RS;DCA-Anexo I-C;Padrão;Receitas Brutas Realizadas;RO1.3.2.5.00.00.00;1.3.2.5.00.00.00 - Remuneração de Depósitos Bancários;619484,76;31541
2017;Prefeitura Municipal de Candelária - RS;4304200;RS;DCA-Anexo I-C;Padrão;Receitas Brutas Realizadas;RO1.3.2.8.00.00.00;1.3.2.8.00.00.00 - Remuneração dos Investimentos do Regime Próprio de Previdência do Servidor;8335744,42;31541
2017;Prefeitura Municipal de Candelária - RS;4304200;RS;DCA-Anexo I-C;Padrão;Outras Deduções da Receita;RO1.3.2.8.00.00.00;1.3.2.8.00.00.00 - Remuneração dos Investimentos do Regime Próprio de Previdência do Servidor;930407,53;31541
2017;Prefeitura Municipal de Candelária - RS;4304200;RS;DCA-Anexo I-C;Padrão;Receitas Brutas Realizadas;RO1.6.0.0.00.00.00;1.6.0.0.00.00.00 - Receita de Serviços;107861,03;31541
2017;Prefeitura Municipal de Candelária - RS;4304200;RS;DCA-Anexo I-C;Padrão;Receitas Brutas Realizadas;RO1.6.0.0.44.00.00;1.6.0.0.44.00.00 - Serviços de Abate de Animais;15089,50;31541
2017;Prefeitura Municipal de Candelária - RS;4304200;RS;DCA-Anexo I-C;Padrão;Receitas Brutas Realizadas;RO1.6.0.0.50.00.00;1.6.0.0.50.00.00 - Tarifas de Inscrição em Concursos e Processos Seletivos;29595,88;31541
2017;Prefeitura Municipal de Candelária - RS;4304200;RS;DCA-Anexo I-C;Padrão;Receitas Brutas Realizadas;RO1.6.0.0.99.00.00;1.6.0.0.99.00.00 - Outros Serviços;63175,65;31541
2017;Prefeitura Municipal de Candelária - RS;4304200;RS;DCA-Anexo I-C;Padrão;Receitas Brutas Realizadas;RO1.7.0.0.00.00.00;1.7.0.0.00.00.00 - Transferências Correntes;65299895,89;31541
2017;Prefeitura Municipal de Candelária - RS;4304200;RS;DCA-Anexo I-C;Padrão;Deduções - FUNDEB;RO1.7.0.0.00.00.00;1.7.0.0.00.00.00 - Transferências Correntes;7430070,82;31541
2017;Prefeitura Municipal de Candelária - RS;4304200;RS;DCA-Anexo I-C;Padrão;Receitas Brutas Realizadas;RO1.7.2.0.00.00.00;1.7.2.0.00.00.00 - Transferências Intergovernamentais;63213251,42;31541
2017;Prefeitura Municipal de Candelária - RS;4304200;RS;DCA-Anexo I-C;Padrão;Deduções - FUNDEB;RO1.7.2.0.00.00.00;1.7.2.0.00.00.00 - Transferências Intergovernamentais;7430070,82;31541
2017;Prefeitura Municipal de Candelária - RS;4304200;RS;DCA-Anexo I-C;Padrão;Receitas Brutas Realizadas;RO1.7.2.1.00.00.00;1.7.2.1.00.00.00 - Transferências da União;30843326,13;31541
2017;Prefeitura Municipal de Candelária - RS;4304200;RS;DCA-Anexo I-C;Padrão;Deduções - FUNDEB;RO1.7.2.1.00.00.00;1.7.2.1.00.00.00 - Transferências da União;3736155,96;31541
2017;Prefeitura Municipal de Candelária - RS;4304200;RS;DCA-Anexo I-C;Padrão;Receitas Brutas Realizadas;RO1.7.2.1.01.00.00;1.7.2.1.01.00.00 - Participação na Receita da União;20255820,50;31541
2017;Prefeitura Municipal de Candelária - RS;4304200;RS;DCA-Anexo I-C;Padrão;Deduções - FUNDEB;RO1.7.2.1.01.00.00;1.7.2.1.01.00.00 - Participação na Receita da União;3717861,97;31541
2017;Prefeitura Municipal de Candelária - RS;4304200;RS;DCA-Anexo I-C;Padrão;Receitas Brutas Realizadas;RO1.7.2.1.01.02.00;1.7.2.1.01.02.00 - Cota-Parte do Fundo de Participação dos Municípios ¿ FPM;18450650,60;31541
2017;Prefeitura Municipal de Candelária - RS;4304200;RS;DCA-Anexo I-C;Padrão;Deduções - FUNDEB;RO1.7.2.1.01.02.00;1.7.2.1.01.02.00 - Cota-Parte do Fundo de Participação dos Municípios ¿ FPM;3690129,83;31541
2017;Prefeitura Municipal de Candelária - RS;4304200;RS;DCA-Anexo I-C;Padrão;Receitas Brutas Realizadas;RO1.7.2.1.01.03.00;1.7.2.1.01.03.00 - Cota-Parte do Fundo de Participação dos Municípios - 1% Cota Anual;820239,52;31541
2017;Prefeitura Municipal de Candelária - RS;4304200;RS;DCA-Anexo I-C;Padrão;Receitas Brutas Realizadas;RO1.7.2.1.01.04.00;1.7.2.1.01.04.00 - Cota-Parte do Fundo de Participação dos Municípios - 1% Cota entregue no mês de julho (67)(I);846269,08;31541
2017;Prefeitura Municipal de Candelária - RS;4304200;RS;DCA-Anexo I-C;Padrão;Receitas Brutas Realizadas;RO1.7.2.1.01.05.00;1.7.2.1.01.05.00 - Cota-Parte do Imposto Sobre a Propriedade Territorial Rural ¿ ITR;138661,30;31541
2017;Prefeitura Municipal de Candelária - RS;4304200;RS;DCA-Anexo I-C;Padrão;Deduções - FUNDEB;RO1.7.2.1.01.05.00;1.7.2.1.01.05.00 - Cota-Parte do Imposto Sobre a Propriedade Territorial Rural ¿ ITR;27732,14;31541
2017;Prefeitura Municipal de Candelária - RS;4304200;RS;DCA-Anexo I-C;Padrão;Receitas Brutas Realizadas;RO1.7.2.1.22.00.00;1.7.2.1.22.00.00 - Transferências da Compensação Financeira pela Exploração de Recursos Naturais;216716,60;31541
2017;Prefeitura Municipal de Candelária - RS;4304200;RS;DCA-Anexo I-C;Padrão;Receitas Brutas Realizadas;RO1.7.2.1.22.20.00;1.7.2.1.22.20.00 - Cota-Parte da Compensação Financeira de Recursos Minerais - CFEM;2395,00;31541
2017;Prefeitura Municipal de Candelária - RS;4304200;RS;DCA-Anexo I-C;Padrão;Receitas Brutas Realizadas;RO1.7.2.1.22.70.00;1.7.2.1.22.70.00 - Cota-Parte do Fundo Especial do Petróleo ¿ FEP;214321,60;31541
2017;Prefeitura Municipal de Candelária - RS;4304200;RS;DCA-Anexo I-C;Padrão;Receitas Brutas Realizadas;RO1.7.2.1.33.00.00;1.7.2.1.33.00.00 - Transferências de Recursos do Sistema Único de Saúde - SUS - Repasses Fundo a Fundo;8237632,04;31541
2017;Prefeitura Municipal de Candelária - RS;4304200;RS;DCA-Anexo I-C;Padrão;Receitas Brutas Realizadas;RO1.7.2.1.34.00.00;1.7.2.1.34.00.00 - Transferências de Recursos do Fundo Nacional de Assistência Social ¿ FNAS;494929,55;31541
2017;Prefeitura Municipal de Candelária - RS;4304200;RS;DCA-Anexo I-C;Padrão;Receitas Brutas Realizadas;RO1.7.2.1.35.00.00;1.7.2.1.35.00.00 - Transferências de Recursos do Fundo Nacional do Desenvolvimento da Educação ¿ FNDE;1452419,38;31541
2017;Prefeitura Municipal de Candelária - RS;4304200;RS;DCA-Anexo I-C;Padrão;Receitas Brutas Realizadas;RO1.7.2.1.36.00.00;1.7.2.1.36.00.00 - Transferências Financeiras do ICMS ¿ Desoneração ¿ L.C. Nº 87/96;91470,39;31541
2017;Prefeitura Municipal de Candelária - RS;4304200;RS;DCA-Anexo I-C;Padrão;Deduções - FUNDEB;RO1.7.2.1.36.00.00;1.7.2.1.36.00.00 - Transferências Financeiras do ICMS ¿ Desoneração ¿ L.C. Nº 87/96;18293,99;31541
2017;Prefeitura Municipal de Candelária - RS;4304200;RS;DCA-Anexo I-C;Padrão;Receitas Brutas Realizadas;RO1.7.2.1.99.00.00;1.7.2.1.99.00.00 - Outras Transferências da União;94337,67;31541
2017;Prefeitura Municipal de Candelária - RS;4304200;RS;DCA-Anexo I-C;Padrão;Receitas Brutas Realizadas;RO1.7.2.2.00.00.00;1.7.2.2.00.00.00 - Transferências dos Estados;22648541,37;31541
2017;Prefeitura Municipal de Candelária - RS;4304200;RS;DCA-Anexo I-C;Padrão;Deduções - FUNDEB;RO1.7.2.2.00.00.00;1.7.2.2.00.00.00 - Transferências dos Estados;3693914,86;31541
2017;Prefeitura Municipal de Candelária - RS;4304200;RS;DCA-Anexo I-C;Padrão;Receitas Brutas Realizadas;RO1.7.2.2.01.00.00;1.7.2.2.01.00.00 - Participação na Receita dos Estados;18536552,30;31541
2017;Prefeitura Municipal de Candelária - RS;4304200;RS;DCA-Anexo I-C;Padrão;Deduções - FUNDEB;RO1.7.2.2.01.00.00;1.7.2.2.01.00.00 - Participação na Receita dos Estados;3693914,86;31541
2017;Prefeitura Municipal de Candelária - RS;4304200;RS;DCA-Anexo I-C;Padrão;Receitas Brutas Realizadas;RO1.7.2.2.01.01.00;1.7.2.2.01.01.00 - Cota-Parte do ICMS;15718016,25;31541
2017;Prefeitura Municipal de Candelária - RS;4304200;RS;DCA-Anexo I-C;Padrão;Deduções - FUNDEB;RO1.7.2.2.01.01.00;1.7.2.2.01.01.00 - Cota-Parte do ICMS;3143820,57;31541
2017;Prefeitura Municipal de Candelária - RS;4304200;RS;DCA-Anexo I-C;Padrão;Receitas Brutas Realizadas;RO1.7.2.2.01.02.00;1.7.2.2.01.02.00 - Cota-Parte do IPVA;2506871,79;31541
2017;Prefeitura Municipal de Candelária - RS;4304200;RS;DCA-Anexo I-C;Padrão;Deduções - FUNDEB;RO1.7.2.2.01.02.00;1.7.2.2.01.02.00 - Cota-Parte do IPVA;501374,61;31541
2017;Prefeitura Municipal de Candelária - RS;4304200;RS;DCA-Anexo I-C;Padrão;Receitas Brutas Realizadas;RO1.7.2.2.01.04.00;1.7.2.2.01.04.00 - Cota-Parte do IPI - Municípios;243598,28;31541
2017;Prefeitura Municipal de Candelária - RS;4304200;RS;DCA-Anexo I-C;Padrão;Deduções - FUNDEB;RO1.7.2.2.01.04.00;1.7.2.2.01.04.00 - Cota-Parte do IPI - Municípios;48719,68;31541
2017;Prefeitura Municipal de Candelária - RS;4304200;RS;DCA-Anexo I-C;Padrão;Receitas Brutas Realizadas;RO1.7.2.2.01.13.00;1.7.2.2.01.13.00 - Cota-Parte da Contribuição de Intervenção no Domínio Econômico;68065,98;31541
2017;Prefeitura Municipal de Candelária - RS;4304200;RS;DCA-Anexo I-C;Padrão;Receitas Brutas Realizadas;RO1.7.2.2.33.00.00;1.7.2.2.33.00.00 - Transferências de Recursos do Estado para Programas de Saúde - Repasse Fundo a Fundo;4107468,38;31541
2017;Prefeitura Municipal de Candelária - RS;4304200;RS;DCA-Anexo I-C;Padrão;Receitas Brutas Realizadas;RO1.7.2.2.99.00.00;1.7.2.2.99.00.00 - Outras Transferências dos Estados;4520,69;31541
2017;Prefeitura Municipal de Candelária - RS;4304200;RS;DCA-Anexo I-C;Padrão;Receitas Brutas Realizadas;RO1.7.2.4.00.00.00;1.7.2.4.00.00.00 - Transferências Multigovernamentais;9721383,92;31541
2017;Prefeitura Municipal de Candelária - RS;4304200;RS;DCA-Anexo I-C;Padrão;Receitas Brutas Realizadas;RO1.7.2.4.01.00.00;1.7.2.4.01.00.00 - Transferências de Recursos do Fundo de Manutenção e Desenvolvimento do Ensino Fundamental e de Valorização do Magistério - FUNDEB;9721383,92;31541
2017;Prefeitura Municipal de Candelária - RS;4304200;RS;DCA-Anexo I-C;Padrão;Receitas Brutas Realizadas;RO1.7.3.0.00.00.00;1.7.3.0.00.00.00 - Transferências de Instituições Privadas;123454,42;31541
2017;Prefeitura Municipal de Candelária - RS;4304200;RS;DCA-Anexo I-C;Padrão;Receitas Brutas Realizadas;RO1.7.5.0.00.00.00;1.7.5.0.00.00.00 - Transferências de Pessoas;13840,17;31541
2017;Prefeitura Municipal de Candelária - RS;4304200;RS;DCA-Anexo I-C;Padrão;Receitas Brutas Realizadas;RO1.7.6.0.00.00.00;1.7.6.0.00.00.00 - Transferências de Convênios;1949349,88;31541
2017;Prefeitura Municipal de Candelária - RS;4304200;RS;DCA-Anexo I-C;Padrão;Receitas Brutas Realizadas;RO1.7.6.2.00.00.00;1.7.6.2.00.00.00 - Transferências de Convênios dos Estados e do Distrito Federal e de Suas Entidades;1949349,88;31541
2017;Prefeitura Municipal de Candelária - RS;4304200;RS;DCA-Anexo I-C;Padrão;Receitas Brutas Realizadas;RO1.7.6.2.02.00.00;1.7.6.2.02.00.00 - Transferências de Convênios dos Estados Destinadas a Programas de Educação;1944154,64;31541
2017;Prefeitura Municipal de Candelária - RS;4304200;RS;DCA-Anexo I-C;Padrão;Receitas Brutas Realizadas;RO1.7.6.2.99.00.00;1.7.6.2.99.00.00 - Outras Transferências de Convênios dos Estados;5195,24;31541
2017;Prefeitura Municipal de Candelária - RS;4304200;RS;DCA-Anexo I-C;Padrão;Receitas Brutas Realizadas;RO1.9.0.0.00.00.00;1.9.0.0.00.00.00 - Outras Receitas Correntes;1221150,72;31541
2017;Prefeitura Municipal de Candelária - RS;4304200;RS;DCA-Anexo I-C;Padrão;Outras Deduções da Receita;RO1.9.0.0.00.00.00;1.9.0.0.00.00.00 - Outras Receitas Correntes;113,29;31541
2017;Prefeitura Municipal de Candelária - RS;4304200;RS;DCA-Anexo I-C;Padrão;Receitas Brutas Realizadas;RO1.9.1.0.00.00.00;1.9.1.0.00.00.00 - Multas e Juros de Mora;162202,16;31541
2017;Prefeitura Municipal de Candelária - RS;4304200;RS;DCA-Anexo I-C;Padrão;Outras Deduções da Receita;RO1.9.1.0.00.00.00;1.9.1.0.00.00.00 - Multas e Juros de Mora;113,19;31541
2017;Prefeitura Municipal de Candelária - RS;4304200;RS;DCA-Anexo I-C;Padrão;Receitas Brutas Realizadas;RO1.9.1.1.00.00.00;1.9.1.1.00.00.00 - Multas e Juros de Mora dos Tributos;61982,61;31541
2017;Prefeitura Municipal de Candelária - RS;4304200;RS;DCA-Anexo I-C;Padrão;Outras Deduções da Receita;RO1.9.1.1.00.00.00;1.9.1.1.00.00.00 - Multas e Juros de Mora dos Tributos;113,19;31541
2017;Prefeitura Municipal de Candelária - RS;4304200;RS;DCA-Anexo I-C;Padrão;Receitas Brutas Realizadas;RO1.9.1.1.35.00.00;1.9.1.1.35.00.00 - Multas e Juros de Mora da Taxa de Fiscalização e Vigilância Sanitária;128,14;31541
2017;Prefeitura Municipal de Candelária - RS;4304200;RS;DCA-Anexo I-C;Padrão;Receitas Brutas Realizadas;RO1.9.1.1.38.00.00;1.9.1.1.38.00.00 - Multas e Juros de Mora do Imposto sobre a Propriedade Predial e Territorial Urbana ¿ IPTU;5475,48;31541
2017;Prefeitura Municipal de Candelária - RS;4304200;RS;DCA-Anexo I-C;Padrão;Receitas Brutas Realizadas;RO1.9.1.1.40.00.00;1.9.1.1.40.00.00 - Multas e Juros de Mora do Imposto sobre Serviços de Qualquer Natureza ¿ ISS;49331,99;31541
2017;Prefeitura Municipal de Candelária - RS;4304200;RS;DCA-Anexo I-C;Padrão;Outras Deduções da Receita;RO1.9.1.1.40.00.00;1.9.1.1.40.00.00 - Multas e Juros de Mora do Imposto sobre Serviços de Qualquer Natureza ¿ ISS;99,78;31541
2017;Prefeitura Municipal de Candelária - RS;4304200;RS;DCA-Anexo I-C;Padrão;Receitas Brutas Realizadas;RO1.9.1.1.98.00.00;1.9.1.1.98.00.00 - Multas e Juros de Mora das Contribuições de Melhoria;114,99;31541
2017;Prefeitura Municipal de Candelária - RS;4304200;RS;DCA-Anexo I-C;Padrão;Outras Deduções da Receita;RO1.9.1.1.98.00.00;1.9.1.1.98.00.00 - Multas e Juros de Mora das Contribuições de Melhoria;13,41;31541
2017;Prefeitura Municipal de Candelária - RS;4304200;RS;DCA-Anexo I-C;Padrão;Receitas Brutas Realizadas;RO1.9.1.1.99.00.00;1.9.1.1.99.00.00 - Multas e Juros de Mora de Outros Tributos;6932,01;31541
2017;Prefeitura Municipal de Candelária - RS;4304200;RS;DCA-Anexo I-C;Padrão;Receitas Brutas Realizadas;RO1.9.1.3.00.00.00;1.9.1.3.00.00.00 - Multas e Juros de Mora da Dívida Ativa dos Tributos;90327,05;31541
2017;Prefeitura Municipal de Candelária - RS;4304200;RS;DCA-Anexo I-C;Padrão;Receitas Brutas Realizadas;RO1.9.1.3.11.00.00;1.9.1.3.11.00.00 - Multas e Juros de Mora da Dívida Ativa do Imposto sobre a Propriedade Predial e Territorial Urbana ¿ IPTU;43485,08;31541
2017;Prefeitura Municipal de Candelária - RS;4304200;RS;DCA-Anexo I-C;Padrão;Receitas Brutas Realizadas;RO1.9.1.3.13.00.00;1.9.1.3.13.00.00 - Multas e Juros de Mora da Dívida Ativa do Imposto sobre Serviços de Qualquer Natureza ¿ ISS;3989,26;31541
2017;Prefeitura Municipal de Candelária - RS;4304200;RS;DCA-Anexo I-C;Padrão;Receitas Brutas Realizadas;RO1.9.1.3.35.00.00;1.9.1.3.35.00.00 - Multas e Juros de Mora da Dívida Ativa da Taxa de Fiscalização e Vigilância Sanitária;19,38;31541
2017;Prefeitura Municipal de Candelária - RS;4304200;RS;DCA-Anexo I-C;Padrão;Receitas Brutas Realizadas;RO1.9.1.3.98.00.00;1.9.1.3.98.00.00 - Multas e Juros de mora da Dívida Ativa das Contribuições de Melhoria;12485,19;31541
2017;Prefeitura Municipal de Candelária - RS;4304200;RS;DCA-Anexo I-C;Padrão;Receitas Brutas Realizadas;RO1.9.1.3.99.00.00;1.9.1.3.99.00.00 - Multas e Juros de Mora da Dívida Ativa de Outros Tributos;30348,14;31541
2017;Prefeitura Municipal de Candelária - RS;4304200;RS;DCA-Anexo I-C;Padrão;Receitas Brutas Realizadas;RO1.9.1.5.00.00.00;1.9.1.5.00.00.00 - Multas e Juros de Mora da Dívida Ativa de Outras Receitas;1647,59;31541
2017;Prefeitura Municipal de Candelária - RS;4304200;RS;DCA-Anexo I-C;Padrão;Receitas Brutas Realizadas;RO1.9.1.5.99.00.00;1.9.1.5.99.00.00 - Outras Multas e Juros de Mora da Dívida Ativa de Outras Receitas;1647,59;31541
2017;Prefeitura Municipal de Candelária - RS;4304200;RS;DCA-Anexo I-C;Padrão;Receitas Brutas Realizadas;RO1.9.1.8.00.00.00;1.9.1.8.00.00.00 - Multas e Juros de Mora de Outras Receitas;42,10;31541
2017;Prefeitura Municipal de Candelária - RS;4304200;RS;DCA-Anexo I-C;Padrão;Receitas Brutas Realizadas;RO1.9.1.8.01.00.00;1.9.1.8.01.00.00 - Multas e Juros de Mora de Aluguel;2,10;31541
2017;Prefeitura Municipal de Candelária - RS;4304200;RS;DCA-Anexo I-C;Padrão;Receitas Brutas Realizadas;RO1.9.1.8.99.00.00;1.9.1.8.99.00.00 - Outras Multas e Juros de Mora;40,00;31541
2017;Prefeitura Municipal de Candelária - RS;4304200;RS;DCA-Anexo I-C;Padrão;Receitas Brutas Realizadas;RO1.9.1.9.00.00.00;1.9.1.9.00.00.00 - Multas de Outras Origens;8202,81;31541
2017;Prefeitura Municipal de Candelária - RS;4304200;RS;DCA-Anexo I-C;Padrão;Receitas Brutas Realizadas;RO1.9.2.0.00.00.00;1.9.2.0.00.00.00 - Indenizações e Restituições;619059,09;31541
2017;Prefeitura Municipal de Candelária - RS;4304200;RS;DCA-Anexo I-C;Padrão;Receitas Brutas Realizadas;RO1.9.2.2.00.00.00;1.9.2.2.00.00.00 - Restituições;619059,09;31541
2017;Prefeitura Municipal de Candelária - RS;4304200;RS;DCA-Anexo I-C;Padrão;Receitas Brutas Realizadas;RO1.9.2.2.10.00.00;1.9.2.2.10.00.00 - Compensações Financeiras entre o Regime Geral e os Regimes Próprios de Previdência dos Servidores;423214,01;31541
2017;Prefeitura Municipal de Candelária - RS;4304200;RS;DCA-Anexo I-C;Padrão;Receitas Brutas Realizadas;RO1.9.2.2.99.00.00;1.9.2.2.99.00.00 - Outras Restituições;195845,08;31541
2017;Prefeitura Municipal de Candelária - RS;4304200;RS;DCA-Anexo I-C;Padrão;Receitas Brutas Realizadas;RO1.9.3.0.00.00.00;1.9.3.0.00.00.00 - Receita da Dívida Ativa;335591,65;31541
2017;Prefeitura Municipal de Candelária - RS;4304200;RS;DCA-Anexo I-C;Padrão;Receitas Brutas Realizadas;RO1.9.3.1.00.00.00;1.9.3.1.00.00.00 - Receita da Dívida Ativa Tributária;259114,03;31541
2017;Prefeitura Municipal de Candelária - RS;4304200;RS;DCA-Anexo I-C;Padrão;Receitas Brutas Realizadas;RO1.9.3.1.11.00.00;1.9.3.1.11.00.00 - Receita da Dívida Ativa do Imposto sobre a Propriedade Predial e Territorial Urbana ¿ IPTU;149538,09;31541
2017;Prefeitura Municipal de Candelária - RS;4304200;RS;DCA-Anexo I-C;Padrão;Receitas Brutas Realizadas;RO1.9.3.1.13.00.00;1.9.3.1.13.00.00 - Receita da Dívida Ativa do Imposto sobre Serviços de Qualquer Natureza ¿ ISS;41374,15;31541
2017;Prefeitura Municipal de Candelária - RS;4304200;RS;DCA-Anexo I-C;Padrão;Receitas Brutas Realizadas;RO1.9.3.1.35.00.00;1.9.3.1.35.00.00 - Receita da Dívida Ativa da Taxa de Fiscalização e Vigilância Sanitária;214,64;31541
2017;Prefeitura Municipal de Candelária - RS;4304200;RS;DCA-Anexo I-C;Padrão;Receitas Brutas Realizadas;RO1.9.3.1.98.00.00;1.9.3.1.98.00.00 - Receita da Dívida Ativa das Contribuições de Melhoria;31182,90;31541
2017;Prefeitura Municipal de Candelária - RS;4304200;RS;DCA-Anexo I-C;Padrão;Receitas Brutas Realizadas;RO1.9.3.1.99.00.00;1.9.3.1.99.00.00 - Receita da Dívida Ativa de Outros Tributos;36804,25;31541
2017;Prefeitura Municipal de Candelária - RS;4304200;RS;DCA-Anexo I-C;Padrão;Receitas Brutas Realizadas;RO1.9.3.2.00.00.00;1.9.3.2.00.00.00 - Receita da Dívida Ativa Não Tributária;76477,62;31541
2017;Prefeitura Municipal de Candelária - RS;4304200;RS;DCA-Anexo I-C;Padrão;Receitas Brutas Realizadas;RO1.9.3.2.99.00.00;1.9.3.2.99.00.00 - Receita da Dívida Ativa Não Tributária de Outras Receitas;76477,62;31541
2017;Prefeitura Municipal de Candelária - RS;4304200;RS;DCA-Anexo I-C;Padrão;Receitas Brutas Realizadas;RO1.9.9.0.00.00.00;1.9.9.0.00.00.00 - Receitas Diversas;104297,82;31541
2017;Prefeitura Municipal de Candelária - RS;4304200;RS;DCA-Anexo I-C;Padrão;Outras Deduções da Receita;RO1.9.9.0.00.00.00;1.9.9.0.00.00.00 - Receitas Diversas;0,10;31541
2017;Prefeitura Municipal de Candelária - RS;4304200;RS;DCA-Anexo I-C;Padrão;Receitas Brutas Realizadas;RO1.9.9.0.99.00.00;1.9.9.0.99.00.00 - Outras Receitas;104297,82;31541
2017;Prefeitura Municipal de Candelária - RS;4304200;RS;DCA-Anexo I-C;Padrão;Outras Deduções da Receita;RO1.9.9.0.99.00.00;1.9.9.0.99.00.00 - Outras Receitas;0,10;31541
2017;Prefeitura Municipal de Candelária - RS;4304200;RS;DCA-Anexo I-C;Padrão;Receitas Brutas Realizadas;RO2.0.0.0.00.00.00;2.0.0.0.00.00.00 - Receitas de Capital;1675543,13;31541
2017;Prefeitura Municipal de Candelária - RS;4304200;RS;DCA-Anexo I-C;Padrão;Receitas Brutas Realizadas;RO2.1.0.0.00.00.00;2.1.0.0.00.00.00 - Operações de Crédito;598291,04;31541
2017;Prefeitura Municipal de Candelária - RS;4304200;RS;DCA-Anexo I-C;Padrão;Receitas Brutas Realizadas;RO2.1.1.0.00.00.00;2.1.1.0.00.00.00 - Operações de Crédito Internas;598291,04;31541
2017;Prefeitura Municipal de Candelária - RS;4304200;RS;DCA-Anexo I-C;Padrão;Receitas Brutas Realizadas;RO2.4.0.0.00.00.00;2.4.0.0.00.00.00 - Transferências de Capital;1077252,09;31541
2017;Prefeitura Municipal de Candelária - RS;4304200;RS;DCA-Anexo I-C;Padrão;Receitas Brutas Realizadas;RO2.4.2.0.00.00.00;2.4.2.0.00.00.00 - Transferências Intergovernamentais;6000,00;31541
2017;Prefeitura Municipal de Candelária - RS;4304200;RS;DCA-Anexo I-C;Padrão;Receitas Brutas Realizadas;RO2.4.2.1.00.00.00;2.4.2.1.00.00.00 - Transferências da União;6000,00;31541
2017;Prefeitura Municipal de Candelária - RS;4304200;RS;DCA-Anexo I-C;Padrão;Receitas Brutas Realizadas;RO2.4.2.1.99.00.00;2.4.2.1.99.00.00 - Outras Transferências da União;6000,00;31541
2017;Prefeitura Municipal de Candelária - RS;4304200;RS;DCA-Anexo I-C;Padrão;Receitas Brutas Realizadas;RO2.4.7.0.00.00.00;2.4.7.0.00.00.00 - Transferências de Convênios;1071252,09;31541
2017;Prefeitura Municipal de Candelária - RS;4304200;RS;DCA-Anexo I-C;Padrão;Receitas Brutas Realizadas;RO2.4.7.1.00.00.00;2.4.7.1.00.00.00 - Transferências de Convênios da União e de suas Entidades;608042,75;31541
2017;Prefeitura Municipal de Candelária - RS;4304200;RS;DCA-Anexo I-C;Padrão;Receitas Brutas Realizadas;RO2.4.7.1.02.00.00;2.4.7.1.02.00.00 - Transferências de Convênios da União Destinadas a Programas de Educação;91756,34;31541
2017;Prefeitura Municipal de Candelária - RS;4304200;RS;DCA-Anexo I-C;Padrão;Receitas Brutas Realizadas;RO2.4.7.1.99.00.00;2.4.7.1.99.00.00 - Outras Transferências de Convênios da União;516286,41;31541
2017;Prefeitura Municipal de Candelária - RS;4304200;RS;DCA-Anexo I-C;Padrão;Receitas Brutas Realizadas;RO2.4.7.2.00.00.00;2.4.7.2.00.00.00 - Transferências de Convênios dos Estados e do Distrito Federal e de suas Entidades;463209,34;31541
2017;Prefeitura Municipal de Candelária - RS;4304200;RS;DCA-Anexo I-C;Padrão;Receitas Brutas Realizadas;RO2.4.7.2.05.00.00;2.4.7.2.05.00.00 - Transferências de Convênios dos Estados Destinadas a Programas de Infraestrutura em Transporte;461924,70;31541
2017;Prefeitura Municipal de Candelária - RS;4304200;RS;DCA-Anexo I-C;Padrão;Receitas Brutas Realizadas;RO2.4.7.2.99.00.00;2.4.7.2.99.00.00 - Outras Transferências de Convênios dos Estados;1284,64;31541
2017;Prefeitura Municipal de Candelária - RS;4304200;RS;DCA-Anexo I-C;Padrão;Receitas Brutas Realizadas;RI7.0.0.0.00.00.00;7.0.0.0.00.00.00 - Receitas Correntes Intraorçamentárias;5940064,88;31541
2017;Prefeitura Municipal de Candelária - RS;4304200;RS;DCA-Anexo I-C;Padrão;Receitas Brutas Realizadas;RI7.2.0.0.00.00.00;7.2.0.0.00.00.00 - Receitas de Contribuições Intraorçamentárias;5938580,24;31541
2017;Prefeitura Municipal de Candelária - RS;4304200;RS;DCA-Anexo I-C;Padrão;Receitas Brutas Realizadas;RI7.2.1.0.00.00.00;7.2.1.0.00.00.00 - Contribuições Sociais Intraorçamentárias;5938580,24;31541
2017;Prefeitura Municipal de Candelária - RS;4304200;RS;DCA-Anexo I-C;Padrão;Receitas Brutas Realizadas;RI7.2.1.0.29.00.00;7.2.1.0.29.00.00 - Contribuições para o Regime Próprio de Previdência do Servidor Público Intraorçamentárias;5938580,24;31541
2017;Prefeitura Municipal de Candelária - RS;4304200;RS;DCA-Anexo I-C;Padrão;Receitas Brutas Realizadas;RI7.2.1.0.29.01.00;7.2.1.0.29.01.00 - Contribuição Patronal de Servidor Ativo Civil para o Regime Próprio Intraorçamentária;1859478,58;31541
2017;Prefeitura Municipal de Candelária - RS;4304200;RS;DCA-Anexo I-C;Padrão;Receitas Brutas Realizadas;RI7.2.1.0.29.03.00;7.2.1.0.29.03.00 - Contribuição Patronal - Inativo Civil Intraorçamentária;437,83;31541
2017;Prefeitura Municipal de Candelária - RS;4304200;RS;DCA-Anexo I-C;Padrão;Receitas Brutas Realizadas;RI7.2.1.0.29.99.00;7.2.1.0.29.99.00 - Outras Contribuições para o Regime Próprio de Previdência do Servidor Público Intraorçamentárias;4078663,83;31541
2017;Prefeitura Municipal de Candelária - RS;4304200;RS;DCA-Anexo I-C;Padrão;Receitas Brutas Realizadas;RI7.9.0.0.00.00.00;7.9.0.0.00.00.00 - Outras Receitas Correntes Intraorçamentárias;1484,64;31541
2017;Prefeitura Municipal de Candelária - RS;4304200;RS;DCA-Anexo I-C;Padrão;Receitas Brutas Realizadas;RI7.9.9.9.00.00.00;7.9.9.9.00.00.00 - Demais Receitas Correntes Intraorçamentárias;1484,64;31541
2018;Prefeitura Municipal de Candelária - RS;4304200;RS;DCA-Anexo I-C;Padrão;Receitas Brutas Realizadas;TotalReceitas;Total Receitas;100508026,20;31541
2018;Prefeitura Municipal de Candelária - RS;4304200;RS;DCA-Anexo I-C;Padrão;Outras Deduções da Receita;TotalReceitas;Total Receitas;10868633,48;31541
2018;Prefeitura Municipal de Candelária - RS;4304200;RS;DCA-Anexo I-C;Padrão;Receitas Brutas Realizadas;RO1.0.0.0.00.0.0;1.0.0.0.00.0.0 - Receitas Correntes;90725827,27;31541
2018;Prefeitura Municipal de Candelária - RS;4304200;RS;DCA-Anexo I-C;Padrão;Outras Deduções da Receita;RO1.0.0.0.00.0.0;1.0.0.0.00.0.0 - Receitas Correntes;10868633,48;31541
2018;Prefeitura Municipal de Candelária - RS;4304200;RS;DCA-Anexo I-C;Padrão;Receitas Brutas Realizadas;RO1.1.0.0.00.0.0;1.1.0.0.00.0.0 - Impostos, Taxas e Contribuições de Melhoria;7468445,17;31541
2018;Prefeitura Municipal de Candelária - RS;4304200;RS;DCA-Anexo I-C;Padrão;Outras Deduções da Receita;RO1.1.0.0.00.0.0;1.1.0.0.00.0.0 - Impostos, Taxas e Contribuições de Melhoria;128807,07;31541
2018;Prefeitura Municipal de Candelária - RS;4304200;RS;DCA-Anexo I-C;Padrão;Receitas Brutas Realizadas;RO1.1.1.0.00.0.0;1.1.1.0.00.0.0 - Impostos;6510760,13;31541
2018;Prefeitura Municipal de Candelária - RS;4304200;RS;DCA-Anexo I-C;Padrão;Outras Deduções da Receita;RO1.1.1.0.00.0.0;1.1.1.0.00.0.0 - Impostos;101460,74;31541
2018;Prefeitura Municipal de Candelária - RS;4304200;RS;DCA-Anexo I-C;Padrão;Receitas Brutas Realizadas;RO1.1.1.3.00.0.0;1.1.1.3.00.0.0 - Impostos sobre a Renda e Proventos de Qualquer Natureza;2120237,43;31541
2018;Prefeitura Municipal de Candelária - RS;4304200;RS;DCA-Anexo I-C;Padrão;Receitas Brutas Realizadas;RO1.1.1.3.03.0.0;1.1.1.3.03.0.0 - Imposto sobre a Renda - Retido na Fonte;2120237,43;31541
2018;Prefeitura Municipal de Candelária - RS;4304200;RS;DCA-Anexo I-C;Padrão;Receitas Brutas Realizadas;RO1.1.1.3.03.1.0;1.1.1.3.03.1.0 - Imposto sobre a Renda - Retido na Fonte - Trabalho;2015435,68;31541
2018;Prefeitura Municipal de Candelária - RS;4304200;RS;DCA-Anexo I-C;Padrão;Receitas Brutas Realizadas;RO1.1.1.3.03.4.0;1.1.1.3.03.4.0 - Imposto sobre a Renda - Retido na Fonte - Outros Rendimentos;104801,75;31541
2018;Prefeitura Municipal de Candelária - RS;4304200;RS;DCA-Anexo I-C;Padrão;Receitas Brutas Realizadas;RO1.1.1.8.00.0.0;1.1.1.8.00.0.0 Impostos Específicos de Estados, DF e Municípios;4390522,70;31541
2018;Prefeitura Municipal de Candelária - RS;4304200;RS;DCA-Anexo I-C;Padrão;Outras Deduções da Receita;RO1.1.1.8.00.0.0;1.1.1.8.00.0.0 Impostos Específicos de Estados, DF e Municípios;101460,74;31541
2018;Prefeitura Municipal de Candelária - RS;4304200;RS;DCA-Anexo I-C;Padrão;Receitas Brutas Realizadas;RO1.1.1.8.01.0.0;1.1.1.8.01.0.0 Impostos sobre o Patrimônio para Estados/DF/Municípios;2550666,96;31541
2018;Prefeitura Municipal de Candelária - RS;4304200;RS;DCA-Anexo I-C;Padrão;Outras Deduções da Receita;RO1.1.1.8.01.0.0;1.1.1.8.01.0.0 Impostos sobre o Patrimônio para Estados/DF/Municípios;101448,61;31541
2018;Prefeitura Municipal de Candelária - RS;4304200;RS;DCA-Anexo I-C;Padrão;Receitas Brutas Realizadas;RO1.1.1.8.01.1.0;1.1.1.8.01.1.0 Imposto sobre a Propriedade Predial e Territorial Urbana;1782256,60;31541
2018;Prefeitura Municipal de Candelária - RS;4304200;RS;DCA-Anexo I-C;Padrão;Outras Deduções da Receita;RO1.1.1.8.01.1.0;1.1.1.8.01.1.0 Imposto sobre a Propriedade Predial e Territorial Urbana;94448,61;31541
2018;Prefeitura Municipal de Candelária - RS;4304200;RS;DCA-Anexo I-C;Padrão;Receitas Brutas Realizadas;RO1.1.1.8.01.4.0;1.1.1.8.01.4.0 Imposto sobre Transmissão ¿Inter Vivos¿ de Bens Imóveis e de Direitos Reais sobre Imóveis;768410,36;31541
2018;Prefeitura Municipal de Candelária - RS;4304200;RS;DCA-Anexo I-C;Padrão;Outras Deduções da Receita;RO1.1.1.8.01.4.0;1.1.1.8.01.4.0 Imposto sobre Transmissão ¿Inter Vivos¿ de Bens Imóveis e de Direitos Reais sobre Imóveis;7000,00;31541
2018;Prefeitura Municipal de Candelária - RS;4304200;RS;DCA-Anexo I-C;Padrão;Receitas Brutas Realizadas;RO1.1.1.8.02.0.0;1.1.1.8.02.0.0 Impostos sobre a Produção, Circulação de Mercadorias e Serviços;1839855,74;31541
2018;Prefeitura Municipal de Candelária - RS;4304200;RS;DCA-Anexo I-C;Padrão;Outras Deduções da Receita;RO1.1.1.8.02.0.0;1.1.1.8.02.0.0 Impostos sobre a Produção, Circulação de Mercadorias e Serviços;12,13;31541
2018;Prefeitura Municipal de Candelária - RS;4304200;RS;DCA-Anexo I-C;Padrão;Receitas Brutas Realizadas;RO1.1.1.8.02.3.0;1.1.1.8.02.3.0 Imposto sobre Serviços de Qualquer Natureza;1839855,74;31541
2018;Prefeitura Municipal de Candelária - RS;4304200;RS;DCA-Anexo I-C;Padrão;Outras Deduções da Receita;RO1.1.1.8.02.3.0;1.1.1.8.02.3.0 Imposto sobre Serviços de Qualquer Natureza;12,13;31541
2018;Prefeitura Municipal de Candelária - RS;4304200;RS;DCA-Anexo I-C;Padrão;Receitas Brutas Realizadas;RO1.1.2.0.00.0.0;1.1.2.0.00.0.0 - Taxas;847591,11;31541
2018;Prefeitura Municipal de Candelária - RS;4304200;RS;DCA-Anexo I-C;Padrão;Outras Deduções da Receita;RO1.1.2.0.00.0.0;1.1.2.0.00.0.0 - Taxas;21463,20;31541
2018;Prefeitura Municipal de Candelária - RS;4304200;RS;DCA-Anexo I-C;Padrão;Receitas Brutas Realizadas;RO1.1.2.1.00.0.0;1.1.2.1.00.0.0 - Taxas pelo Exercício do Poder de Polícia;355419,65;31541
2018;Prefeitura Municipal de Candelária - RS;4304200;RS;DCA-Anexo I-C;Padrão;Receitas Brutas Realizadas;RO1.1.2.1.01.0.0;1.1.2.1.01.0.0 - Taxas de Inspeção, Controle e Fiscalização;291636,44;31541
2018;Prefeitura Municipal de Candelária - RS;4304200;RS;DCA-Anexo I-C;Padrão;Receitas Brutas Realizadas;RO1.1.2.1.04.0.0;1.1.2.1.04.0.0 - Taxa de Controle e Fiscalização Ambiental;63783,21;31541
2018;Prefeitura Municipal de Candelária - RS;4304200;RS;DCA-Anexo I-C;Padrão;Receitas Brutas Realizadas;RO1.1.2.2.00.0.0;1.1.2.2.00.0.0 - Taxas pela Prestação de Serviços;492171,46;31541
2018;Prefeitura Municipal de Candelária - RS;4304200;RS;DCA-Anexo I-C;Padrão;Outras Deduções da Receita;RO1.1.2.2.00.0.0;1.1.2.2.00.0.0 - Taxas pela Prestação de Serviços;21463,20;31541
2018;Prefeitura Municipal de Candelária - RS;4304200;RS;DCA-Anexo I-C;Padrão;Receitas Brutas Realizadas;RO1.1.2.2.01.0.0;1.1.2.2.01.0.0 - Taxas pela Prestação de Serviços;492171,46;31541
2018;Prefeitura Municipal de Candelária - RS;4304200;RS;DCA-Anexo I-C;Padrão;Outras Deduções da Receita;RO1.1.2.2.01.0.0;1.1.2.2.01.0.0 - Taxas pela Prestação de Serviços;21463,20;31541
2018;Prefeitura Municipal de Candelária - RS;4304200;RS;DCA-Anexo I-C;Padrão;Receitas Brutas Realizadas;RO1.1.3.0.00.0.0;1.1.3.0.00.0.0 - Contribuição de Melhoria;110093,93;31541
2018;Prefeitura Municipal de Candelária - RS;4304200;RS;DCA-Anexo I-C;Padrão;Outras Deduções da Receita;RO1.1.3.0.00.0.0;1.1.3.0.00.0.0 - Contribuição de Melhoria;5883,13;31541
2018;Prefeitura Municipal de Candelária - RS;4304200;RS;DCA-Anexo I-C;Padrão;Receitas Brutas Realizadas;RO1.1.3.8.00.0.0;1.1.3.8.00.0.0 - Contribuição de Melhoria - Específica de Estados, DF e Municípios;110093,93;31541
2018;Prefeitura Municipal de Candelária - RS;4304200;RS;DCA-Anexo I-C;Padrão;Outras Deduções da Receita;RO1.1.3.8.00.0.0;1.1.3.8.00.0.0 - Contribuição de Melhoria - Específica de Estados, DF e Municípios;5883,13;31541
2018;Prefeitura Municipal de Candelária - RS;4304200;RS;DCA-Anexo I-C;Padrão;Receitas Brutas Realizadas;RO1.2.0.0.00.0.0;1.2.0.0.00.0.0 - Contribuições;2856501,60;31541
2018;Prefeitura Municipal de Candelária - RS;4304200;RS;DCA-Anexo I-C;Padrão;Receitas Brutas Realizadas;RO1.2.1.0.00.0.0;1.2.1.0.00.0.0 - Contribuições Sociais;1741872,19;31541
2018;Prefeitura Municipal de Candelária - RS;4304200;RS;DCA-Anexo I-C;Padrão;Receitas Brutas Realizadas;RO1.2.1.0.04.0.0;1.2.1.0.04.0.0 - Contribuição para o Regime Próprio de Previdência Social - RPPS;1741872,19;31541
2018;Prefeitura Municipal de Candelária - RS;4304200;RS;DCA-Anexo I-C;Padrão;Receitas Brutas Realizadas;RO1.2.1.0.04.2.0;1.2.1.0.04.2.0 - Contribuição do Servidor Ativo Civil para o RPPS;1739503,72;31541
2018;Prefeitura Municipal de Candelária - RS;4304200;RS;DCA-Anexo I-C;Padrão;Receitas Brutas Realizadas;RO1.2.1.0.04.3.0;1.2.1.0.04.3.0 - Contribuição do Servidor Inativo para o RPPS;1866,89;31541
2018;Prefeitura Municipal de Candelária - RS;4304200;RS;DCA-Anexo I-C;Padrão;Receitas Brutas Realizadas;RO1.2.1.0.04.6.0;1.2.1.0.04.6.0 - Contribuição do Servidor Ativo ao RPPS Oriunda de Sentenças Judiciais;501,58;31541
2018;Prefeitura Municipal de Candelária - RS;4304200;RS;DCA-Anexo I-C;Padrão;Receitas Brutas Realizadas;RO1.2.4.0.00.0.0;1.2.4.0.00.0.0 - Contribuição para o Custeio do Serviço de Iluminação Pública;1114629,41;31541
2018;Prefeitura Municipal de Candelária - RS;4304200;RS;DCA-Anexo I-C;Padrão;Receitas Brutas Realizadas;RO1.3.0.0.00.0.0;1.3.0.0.00.0.0 - Receita Patrimonial;9316343,52;31541
2018;Prefeitura Municipal de Candelária - RS;4304200;RS;DCA-Anexo I-C;Padrão;Outras Deduções da Receita;RO1.3.0.0.00.0.0;1.3.0.0.00.0.0 - Receita Patrimonial;2494305,44;31541
2018;Prefeitura Municipal de Candelária - RS;4304200;RS;DCA-Anexo I-C;Padrão;Receitas Brutas Realizadas;RO1.3.1.0.00.0.0;1.3.1.0.00.0.0 - Exploração do Patrimônio Imobiliário do Estado;88098,40;31541
2018;Prefeitura Municipal de Candelária - RS;4304200;RS;DCA-Anexo I-C;Padrão;Outras Deduções da Receita;RO1.3.1.0.00.0.0;1.3.1.0.00.0.0 - Exploração do Patrimônio Imobiliário do Estado;0,04;31541
2018;Prefeitura Municipal de Candelária - RS;4304200;RS;DCA-Anexo I-C;Padrão;Receitas Brutas Realizadas;RO1.3.1.0.01.0.0;1.3.1.0.01.0.0 - Aluguéis, Arrendamentos, Foros, Laudêmios, Tarifas de Ocupação;88098,40;31541
2018;Prefeitura Municipal de Candelária - RS;4304200;RS;DCA-Anexo I-C;Padrão;Outras Deduções da Receita;RO1.3.1.0.01.0.0;1.3.1.0.01.0.0 - Aluguéis, Arrendamentos, Foros, Laudêmios, Tarifas de Ocupação;0,04;31541
2018;Prefeitura Municipal de Candelária - RS;4304200;RS;DCA-Anexo I-C;Padrão;Receitas Brutas Realizadas;RO1.3.1.0.01.1.0;1.3.1.0.01.1.0 - Aluguéis e Arrendamentos;88098,40;31541
2018;Prefeitura Municipal de Candelária - RS;4304200;RS;DCA-Anexo I-C;Padrão;Outras Deduções da Receita;RO1.3.1.0.01.1.0;1.3.1.0.01.1.0 - Aluguéis e Arrendamentos;0,04;31541
2018;Prefeitura Municipal de Candelária - RS;4304200;RS;DCA-Anexo I-C;Padrão;Receitas Brutas Realizadas;RO1.3.2.0.00.0.0;1.3.2.0.00.0.0 - Valores Mobiliários;8727245,12;31541
2018;Prefeitura Municipal de Candelária - RS;4304200;RS;DCA-Anexo I-C;Padrão;Outras Deduções da Receita;RO1.3.2.0.00.0.0;1.3.2.0.00.0.0 - Valores Mobiliários;2494305,40;31541
2018;Prefeitura Municipal de Candelária - RS;4304200;RS;DCA-Anexo I-C;Padrão;Receitas Brutas Realizadas;RO1.3.2.1.00.0.0;1.3.2.1.00.0.0 - Juros e Correções Monetárias;8727245,12;31541
2018;Prefeitura Municipal de Candelária - RS;4304200;RS;DCA-Anexo I-C;Padrão;Outras Deduções da Receita;RO1.3.2.1.00.0.0;1.3.2.1.00.0.0 - Juros e Correções Monetárias;2494305,40;31541
2018;Prefeitura Municipal de Candelária - RS;4304200;RS;DCA-Anexo I-C;Padrão;Receitas Brutas Realizadas;RO1.3.2.1.00.1.0;1.3.2.1.00.1.0 - Remuneração de Depósitos Bancários;337554,23;31541
2018;Prefeitura Municipal de Candelária - RS;4304200;RS;DCA-Anexo I-C;Padrão;Outras Deduções da Receita;RO1.3.2.1.00.1.0;1.3.2.1.00.1.0 - Remuneração de Depósitos Bancários;58,74;31541
2018;Prefeitura Municipal de Candelária - RS;4304200;RS;DCA-Anexo I-C;Padrão;Receitas Brutas Realizadas;RO1.3.2.1.00.4.0;1.3.2.1.00.4.0 - Remuneração dos Recursos do Regime Próprio de Previdência Social - RPPS;8389690,89;31541
2018;Prefeitura Municipal de Candelária - RS;4304200;RS;DCA-Anexo I-C;Padrão;Outras Deduções da Receita;RO1.3.2.1.00.4.0;1.3.2.1.00.4.0 - Remuneração dos Recursos do Regime Próprio de Previdência Social - RPPS;2494246,66;31541
2018;Prefeitura Municipal de Candelária - RS;4304200;RS;DCA-Anexo I-C;Padrão;Receitas Brutas Realizadas;RO1.3.6.0.00.0.0;1.3.6.0.00.0.0 - Cessão de Direitos;501000,00;31541
2018;Prefeitura Municipal de Candelária - RS;4304200;RS;DCA-Anexo I-C;Padrão;Receitas Brutas Realizadas;RO1.6.0.0.00.0.0;1.6.0.0.00.0.0 - Receita de Serviços;111309,95;31541
2018;Prefeitura Municipal de Candelária - RS;4304200;RS;DCA-Anexo I-C;Padrão;Receitas Brutas Realizadas;RO1.6.1.0.00.0.0;1.6.1.0.00.0.0 - Serviços Administrativos e Comerciais Gerais;111309,95;31541
2018;Prefeitura Municipal de Candelária - RS;4304200;RS;DCA-Anexo I-C;Padrão;Receitas Brutas Realizadas;RO1.6.1.0.01.0.0;1.6.1.0.01.0.0 - Serviços Administrativos e Comerciais Gerais;103497,46;31541
2018;Prefeitura Municipal de Candelária - RS;4304200;RS;DCA-Anexo I-C;Padrão;Receitas Brutas Realizadas;RO1.6.1.0.02.0.0;1.6.1.0.02.0.0 - Inscrição em Concursos e Processos Seletivos;7812,49;31541
2018;Prefeitura Municipal de Candelária - RS;4304200;RS;DCA-Anexo I-C;Padrão;Receitas Brutas Realizadas;RO1.7.0.0.00.0.0;1.7.0.0.00.0.0 - Transferências Correntes;70043180,69;31541
2018;Prefeitura Municipal de Candelária - RS;4304200;RS;DCA-Anexo I-C;Padrão;Outras Deduções da Receita;RO1.7.0.0.00.0.0;1.7.0.0.00.0.0 - Transferências Correntes;8245520,97;31541
2018;Prefeitura Municipal de Candelária - RS;4304200;RS;DCA-Anexo I-C;Padrão;Receitas Brutas Realizadas;RO1.7.1.0.00.0.0;1.7.1.0.00.0.0 - Transferências da União e de suas Entidades;32600032,39;31541
2018;Prefeitura Municipal de Candelária - RS;4304200;RS;DCA-Anexo I-C;Padrão;Outras Deduções da Receita;RO1.7.1.0.00.0.0;1.7.1.0.00.0.0 - Transferências da União e de suas Entidades;4001166,78;31541
2018;Prefeitura Municipal de Candelária - RS;4304200;RS;DCA-Anexo I-C;Padrão;Receitas Brutas Realizadas;RO1.7.1.8.00.0.0;1.7.1.8.00.0.0 Transferências da União - Específicas de Estados, DF e Municípios;32600032,39;31541
2018;Prefeitura Municipal de Candelária - RS;4304200;RS;DCA-Anexo I-C;Padrão;Outras Deduções da Receita;RO1.7.1.8.00.0.0;1.7.1.8.00.0.0 Transferências da União - Específicas de Estados, DF e Municípios;4001166,78;31541
2018;Prefeitura Municipal de Candelária - RS;4304200;RS;DCA-Anexo I-C;Padrão;Receitas Brutas Realizadas;RO1.7.1.8.01.0.0;1.7.1.8.01.0.0 Participação na Receita da União;21655331,51;31541
2018;Prefeitura Municipal de Candelária - RS;4304200;RS;DCA-Anexo I-C;Padrão;Outras Deduções da Receita;RO1.7.1.8.01.0.0;1.7.1.8.01.0.0 Participação na Receita da União;3984134,88;31541
2018;Prefeitura Municipal de Candelária - RS;4304200;RS;DCA-Anexo I-C;Padrão;Receitas Brutas Realizadas;RO1.7.1.8.01.2.0;1.7.1.8.01.2.0 Cota-Parte do Fundo de Participação dos Municípios - Cota Mensal;19768955,82;31541
2018;Prefeitura Municipal de Candelária - RS;4304200;RS;DCA-Anexo I-C;Padrão;Outras Deduções da Receita;RO1.7.1.8.01.2.0;1.7.1.8.01.2.0 Cota-Parte do Fundo de Participação dos Municípios - Cota Mensal;3953790,86;31541
2018;Prefeitura Municipal de Candelária - RS;4304200;RS;DCA-Anexo I-C;Padrão;Receitas Brutas Realizadas;RO1.7.1.8.01.3.0;1.7.1.8.01.3.0 Cota-Parte do Fundo de Participação do Municípios ¿ 1% Cota entregue no mês de dezembro;878016,21;31541
2018;Prefeitura Municipal de Candelária - RS;4304200;RS;DCA-Anexo I-C;Padrão;Receitas Brutas Realizadas;RO1.7.1.8.01.4.0;1.7.1.8.01.4.0 Cota-Parte do Fundo de Participação dos Municípios - 1% Cota entregue no mês de julho;856638,79;31541
2018;Prefeitura Municipal de Candelária - RS;4304200;RS;DCA-Anexo I-C;Padrão;Receitas Brutas Realizadas;RO1.7.1.8.01.5.0;1.7.1.8.01.5.0 Cota-Parte do Imposto Sobre a Propriedade Territorial Rural;151720,69;31541
2018;Prefeitura Municipal de Candelária - RS;4304200;RS;DCA-Anexo I-C;Padrão;Outras Deduções da Receita;RO1.7.1.8.01.5.0;1.7.1.8.01.5.0 Cota-Parte do Imposto Sobre a Propriedade Territorial Rural;30344,02;31541
2018;Prefeitura Municipal de Candelária - RS;4304200;RS;DCA-Anexo I-C;Padrão;Receitas Brutas Realizadas;RO1.7.1.8.02.0.0;1.7.1.8.02.0.0 Transferência da Compensação Financeira pela Exploração de Recursos Naturais;328825,55;31541
2018;Prefeitura Municipal de Candelária - RS;4304200;RS;DCA-Anexo I-C;Padrão;Receitas Brutas Realizadas;RO1.7.1.8.02.6.0;1.7.1.8.02.6.0 Cota-Parte do Fundo Especial do Petróleo ¿ FEP;328825,55;31541
2018;Prefeitura Municipal de Candelária - RS;4304200;RS;DCA-Anexo I-C;Padrão;Receitas Brutas Realizadas;RO1.7.1.8.03.0.0;1.7.1.8.03.0.0 Transferência de Recursos do Sistema Único de Saúde ¿ SUS ¿ Repasses Fundo a Fundo;8252401,09;31541
2018;Prefeitura Municipal de Candelária - RS;4304200;RS;DCA-Anexo I-C;Padrão;Receitas Brutas Realizadas;RO1.7.1.8.04.0.0;1.7.1.8.04.0.0 Transferências de Recursos do Fundo Nacional de Assistência Social ¿ FNAS;163520,16;31541
2018;Prefeitura Municipal de Candelária - RS;4304200;RS;DCA-Anexo I-C;Padrão;Receitas Brutas Realizadas;RO1.7.1.8.05.0.0;1.7.1.8.05.0.0 Transferências de Recursos do Fundo Nacional do Desenvolvimento da Educação ¿ FNDE;1453377,32;31541
2018;Prefeitura Municipal de Candelária - RS;4304200;RS;DCA-Anexo I-C;Padrão;Receitas Brutas Realizadas;RO1.7.1.8.05.1.0;1.7.1.8.05.1.0 Transferências do Salário-Educação;826475,40;31541
2018;Prefeitura Municipal de Candelária - RS;4304200;RS;DCA-Anexo I-C;Padrão;Receitas Brutas Realizadas;RO1.7.1.8.05.3.0;1.7.1.8.05.3.0 Transferências Diretas do FNDE referentes ao Programa Nacional de Alimentação Escolar ¿ PNAE;198364,00;31541
2018;Prefeitura Municipal de Candelária - RS;4304200;RS;DCA-Anexo I-C;Padrão;Receitas Brutas Realizadas;RO1.7.1.8.05.4.0;1.7.1.8.05.4.0 Transferências Diretas do FNDE referentes ao Programa Nacional de Apoio ao Transporte do Escolar ¿ PNATE;301687,81;31541
2018;Prefeitura Municipal de Candelária - RS;4304200;RS;DCA-Anexo I-C;Padrão;Receitas Brutas Realizadas;RO1.7.1.8.05.9.0;1.7.1.8.05.9.0 Outras Transferências Diretas do Fundo Nacional do Desenvolvimento da Educação ¿ FNDE;126850,11;31541
2018;Prefeitura Municipal de Candelária - RS;4304200;RS;DCA-Anexo I-C;Padrão;Receitas Brutas Realizadas;RO1.7.1.8.06.0.0;1.7.1.8.06.0.0 Transferência Financeira do ICMS ¿ Desoneração ¿ L.C. Nº 87/96;85159,90;31541
2018;Prefeitura Municipal de Candelária - RS;4304200;RS;DCA-Anexo I-C;Padrão;Outras Deduções da Receita;RO1.7.1.8.06.0.0;1.7.1.8.06.0.0 Transferência Financeira do ICMS ¿ Desoneração ¿ L.C. Nº 87/96;17031,90;31541
2018;Prefeitura Municipal de Candelária - RS;4304200;RS;DCA-Anexo I-C;Padrão;Receitas Brutas Realizadas;RO1.7.1.8.06.1.0;1.7.1.8.06.1.0 Transferência Financeira do ICMS ¿ Desoneração ¿ L.C. Nº 87/96;85159,90;31541
2018;Prefeitura Municipal de Candelária - RS;4304200;RS;DCA-Anexo I-C;Padrão;Outras Deduções da Receita;RO1.7.1.8.06.1.0;1.7.1.8.06.1.0 Transferência Financeira do ICMS ¿ Desoneração ¿ L.C. Nº 87/96;17031,90;31541
2018;Prefeitura Municipal de Candelária - RS;4304200;RS;DCA-Anexo I-C;Padrão;Receitas Brutas Realizadas;RO1.7.1.8.08.0.0;1.7.1.8.08.0.0 Transferências Advindas de Emendas Parlamentares Individuais;661416,86;31541
2018;Prefeitura Municipal de Candelária - RS;4304200;RS;DCA-Anexo I-C;Padrão;Receitas Brutas Realizadas;RO1.7.2.0.00.0.0;1.7.2.0.00.0.0 - Transferências dos Estados e do Distrito Federal e de suas Entidades;26944610,81;31541
2018;Prefeitura Municipal de Candelária - RS;4304200;RS;DCA-Anexo I-C;Padrão;Outras Deduções da Receita;RO1.7.2.0.00.0.0;1.7.2.0.00.0.0 - Transferências dos Estados e do Distrito Federal e de suas Entidades;4244354,19;31541
2018;Prefeitura Municipal de Candelária - RS;4304200;RS;DCA-Anexo I-C;Padrão;Receitas Brutas Realizadas;RO1.7.2.8.00.0.0;1.7.2.8.00.0.0 Transferências dos Estados - Específicas de Estados, DF e Municípios;26944610,81;31541
2018;Prefeitura Municipal de Candelária - RS;4304200;RS;DCA-Anexo I-C;Padrão;Outras Deduções da Receita;RO1.7.2.8.00.0.0;1.7.2.8.00.0.0 Transferências dos Estados - Específicas de Estados, DF e Municípios;4244354,19;31541
2018;Prefeitura Municipal de Candelária - RS;4304200;RS;DCA-Anexo I-C;Padrão;Receitas Brutas Realizadas;RO1.7.2.8.01.0.0;1.7.2.8.01.0.0 Participação na Receita dos Estados;21275060,23;31541
2018;Prefeitura Municipal de Candelária - RS;4304200;RS;DCA-Anexo I-C;Padrão;Outras Deduções da Receita;RO1.7.2.8.01.0.0;1.7.2.8.01.0.0 Participação na Receita dos Estados;4244354,19;31541
2018;Prefeitura Municipal de Candelária - RS;4304200;RS;DCA-Anexo I-C;Padrão;Receitas Brutas Realizadas;RO1.7.2.8.01.1.0;1.7.2.8.01.1.0 Cota-Parte do ICMS;18377976,01;31541
2018;Prefeitura Municipal de Candelária - RS;4304200;RS;DCA-Anexo I-C;Padrão;Outras Deduções da Receita;RO1.7.2.8.01.1.0;1.7.2.8.01.1.0 Cota-Parte do ICMS;3675702,23;31541
2018;Prefeitura Municipal de Candelária - RS;4304200;RS;DCA-Anexo I-C;Padrão;Receitas Brutas Realizadas;RO1.7.2.8.01.2.0;1.7.2.8.01.2.0 Cota-Parte do IPVA;2574930,95;31541
2018;Prefeitura Municipal de Candelária - RS;4304200;RS;DCA-Anexo I-C;Padrão;Outras Deduções da Receita;RO1.7.2.8.01.2.0;1.7.2.8.01.2.0 Cota-Parte do IPVA;514986,43;31541
2018;Prefeitura Municipal de Candelária - RS;4304200;RS;DCA-Anexo I-C;Padrão;Receitas Brutas Realizadas;RO1.7.2.8.01.3.0;1.7.2.8.01.3.0 Cota-Parte do IPI - Municípios;268327,49;31541
2018;Prefeitura Municipal de Candelária - RS;4304200;RS;DCA-Anexo I-C;Padrão;Outras Deduções da Receita;RO1.7.2.8.01.3.0;1.7.2.8.01.3.0 Cota-Parte do IPI - Municípios;53665,53;31541
2018;Prefeitura Municipal de Candelária - RS;4304200;RS;DCA-Anexo I-C;Padrão;Receitas Brutas Realizadas;RO1.7.2.8.01.4.0;1.7.2.8.01.4.0 Cota-Parte da Contribuição de Intervenção no Domínio Econômico;53825,78;31541
2018;Prefeitura Municipal de Candelária - RS;4304200;RS;DCA-Anexo I-C;Padrão;Receitas Brutas Realizadas;RO1.7.2.8.03.0.0;1.7.2.8.03.0.0 Transferência de Recursos do Estado para Programas de Saúde ¿ Repasse Fundo a Fundo;3605274,50;31541
2018;Prefeitura Municipal de Candelária - RS;4304200;RS;DCA-Anexo I-C;Padrão;Receitas Brutas Realizadas;RO1.7.2.8.10.0.0;1.7.2.8.10.0.0 Transferência de Convênios dos Estados e do Distrito Federal e de Suas Entidades;2048181,52;31541
2018;Prefeitura Municipal de Candelária - RS;4304200;RS;DCA-Anexo I-C;Padrão;Receitas Brutas Realizadas;RO1.7.2.8.10.2.0;1.7.2.8.10.2.0 Transferências de Convênio dos Estados Destinadas a Programas de Educação;2033353,30;31541
2018;Prefeitura Municipal de Candelária - RS;4304200;RS;DCA-Anexo I-C;Padrão;Receitas Brutas Realizadas;RO1.7.2.8.10.9.0;1.7.2.8.10.9.0 Outras Transferências de Convênio dos Estados;14828,22;31541
2018;Prefeitura Municipal de Candelária - RS;4304200;RS;DCA-Anexo I-C;Padrão;Receitas Brutas Realizadas;RO1.7.2.8.99.0.0;1.7.2.8.99.0.0 Outras Transferências dos Estados;16094,56;31541
2018;Prefeitura Municipal de Candelária - RS;4304200;RS;DCA-Anexo I-C;Padrão;Receitas Brutas Realizadas;RO1.7.4.0.00.0.0;1.7.4.0.00.0.0 - Transferências de Instituições Privadas;103300,00;31541
2018;Prefeitura Municipal de Candelária - RS;4304200;RS;DCA-Anexo I-C;Padrão;Receitas Brutas Realizadas;RO1.7.4.8.00.0.0;1.7.4.8.00.0.0 Transferências de Instituições Privadas - Específicas de Estados, DF e Municípios;103300,00;31541
2018;Prefeitura Municipal de Candelária - RS;4304200;RS;DCA-Anexo I-C;Padrão;Receitas Brutas Realizadas;RO1.7.5.0.00.0.0;1.7.5.0.00.0.0 - Transferências de Outras Instituições Públicas;10353902,32;31541
2018;Prefeitura Municipal de Candelária - RS;4304200;RS;DCA-Anexo I-C;Padrão;Receitas Brutas Realizadas;RO1.7.5.8.00.0.0;1.7.5.8.00.0.0 Transferências de Outras Instituições Públicas - Específicas de Estados, DF e Municípios;10353902,32;31541
2018;Prefeitura Municipal de Candelária - RS;4304200;RS;DCA-Anexo I-C;Padrão;Receitas Brutas Realizadas;RO1.7.5.8.01.0.0;1.7.5.8.01.0.0 Transferências de Recursos do Fundo de Manutenção e Desenvolvimento da Educação Básica e de Valorização dos Profissionais da Educação ¿ FUNDEB;10353902,32;31541
2018;Prefeitura Municipal de Candelária - RS;4304200;RS;DCA-Anexo I-C;Padrão;Receitas Brutas Realizadas;RO1.7.7.0.00.0.0;1.7.7.0.00.0.0 - Transferências de Pessoas Físicas;29247,43;31541
2018;Prefeitura Municipal de Candelária - RS;4304200;RS;DCA-Anexo I-C;Padrão;Receitas Brutas Realizadas;RO1.7.8.0.00.0.0;1.7.8.0.00.0.0 - Transferências Provenientes de Depósitos Não Identificados;12087,74;31541
2018;Prefeitura Municipal de Candelária - RS;4304200;RS;DCA-Anexo I-C;Padrão;Receitas Brutas Realizadas;RO1.9.0.0.00.0.0;1.9.0.0.00.0.0 - Outras Receitas Correntes;930046,34;31541
2018;Prefeitura Municipal de Candelária - RS;4304200;RS;DCA-Anexo I-C;Padrão;Receitas Brutas Realizadas;RO1.9.1.0.00.0.0;1.9.1.0.00.0.0 - Multas Administrativas, Contratuais e Judiciais;14118,73;31541
2018;Prefeitura Municipal de Candelária - RS;4304200;RS;DCA-Anexo I-C;Padrão;Receitas Brutas Realizadas;RO1.9.2.0.00.0.0;1.9.2.0.00.0.0 - Indenizações, Restituições e Ressarcimentos;245937,96;31541
2018;Prefeitura Municipal de Candelária - RS;4304200;RS;DCA-Anexo I-C;Padrão;Receitas Brutas Realizadas;RO1.9.2.2.00.0.0;1.9.2.2.00.0.0 - Restituições;245937,96;31541
2018;Prefeitura Municipal de Candelária - RS;4304200;RS;DCA-Anexo I-C;Padrão;Receitas Brutas Realizadas;RO1.9.2.2.99.0.0;1.9.2.2.99.0.0 - Outras Restituições;245937,96;31541
2018;Prefeitura Municipal de Candelária - RS;4304200;RS;DCA-Anexo I-C;Padrão;Receitas Brutas Realizadas;RO1.9.9.0.00.0.0;1.9.9.0.00.0.0 - Demais Receitas Correntes;669989,65;31541
2018;Prefeitura Municipal de Candelária - RS;4304200;RS;DCA-Anexo I-C;Padrão;Receitas Brutas Realizadas;RO1.9.9.0.03.0.0;1.9.9.0.03.0.0 - Compensações Financeiras entre o Regime Geral e os Regimes Próprios de Previdência dos Servidores;669989,65;31541
2018;Prefeitura Municipal de Candelária - RS;4304200;RS;DCA-Anexo I-C;Padrão;Receitas Brutas Realizadas;RO2.0.0.0.00.0.0;2.0.0.0.00.0.0 - Receitas de Capital;2200450,99;31541
2018;Prefeitura Municipal de Candelária - RS;4304200;RS;DCA-Anexo I-C;Padrão;Receitas Brutas Realizadas;RO2.4.0.0.00.0.0;2.4.0.0.00.0.0 - Transferências de Capital;2200450,99;31541
2018;Prefeitura Municipal de Candelária - RS;4304200;RS;DCA-Anexo I-C;Padrão;Receitas Brutas Realizadas;RO2.4.1.0.00.0.0;2.4.1.0.00.0.0 - Transferências da União e de suas Entidades;1366988,79;31541
2018;Prefeitura Municipal de Candelária - RS;4304200;RS;DCA-Anexo I-C;Padrão;Receitas Brutas Realizadas;RO2.4.1.8.00.0.0;2.4.1.8.00.0.0 Transferências da União - Específicas de Estados, DF e Municípios;1366988,79;31541
2018;Prefeitura Municipal de Candelária - RS;4304200;RS;DCA-Anexo I-C;Padrão;Receitas Brutas Realizadas;RO2.4.1.8.03.0.0;2.4.1.8.03.0.0 Transferências de Recursos do Sistema Único de Saúde ¿ SUS;395454,23;31541
2018;Prefeitura Municipal de Candelária - RS;4304200;RS;DCA-Anexo I-C;Padrão;Receitas Brutas Realizadas;RO2.4.1.8.05.0.0;2.4.1.8.05.0.0 Transferências de Recursos Destinados a Programas de Educação;96204,56;31541
2018;Prefeitura Municipal de Candelária - RS;4304200;RS;DCA-Anexo I-C;Padrão;Receitas Brutas Realizadas;RO2.4.1.8.10.0.0;2.4.1.8.10.0.0 Transferência de Convênios da União e de suas Entidades;875330,00;31541
2018;Prefeitura Municipal de Candelária - RS;4304200;RS;DCA-Anexo I-C;Padrão;Receitas Brutas Realizadas;RO2.4.2.0.00.0.0;2.4.2.0.00.0.0 - Transferências dos Estados e do Distrito Federal e de suas Entidades;833462,20;31541
2018;Prefeitura Municipal de Candelária - RS;4304200;RS;DCA-Anexo I-C;Padrão;Receitas Brutas Realizadas;RO2.4.2.8.00.0.0;2.4.2.8.00.0.0 Transferências dos Estados, Distrito Federal, e de suas Entidades;833462,20;31541
2018;Prefeitura Municipal de Candelária - RS;4304200;RS;DCA-Anexo I-C;Padrão;Receitas Brutas Realizadas;RO2.4.2.8.10.0.0;2.4.2.8.10.0.0 Transferências de Convênios dos Estados e do Distrito Federal e de suas Entidades;833462,20;31541
2018;Prefeitura Municipal de Candelária - RS;4304200;RS;DCA-Anexo I-C;Padrão;Receitas Brutas Realizadas;RO7.0.0.0.00.0.0;7.0.0.0.00.0.0 - Receitas Correntes - Intraorçamentárias;7581747,94;31541
2018;Prefeitura Municipal de Candelária - RS;4304200;RS;DCA-Anexo I-C;Padrão;Receitas Brutas Realizadas;RO7.2.0.0.00.0.0;7.2.0.0.00.0.0 - Contribuições - Intraorçamentárias;7581747,94;31541
2018;Prefeitura Municipal de Candelária - RS;4304200;RS;DCA-Anexo I-C;Padrão;Receitas Brutas Realizadas;RO7.2.1.0.00.0.0;7.2.1.0.00.0.0 - Contribuições Sociais - Intraorçamentárias;7581747,94;31541
2018;Prefeitura Municipal de Candelária - RS;4304200;RS;DCA-Anexo I-C;Padrão;Receitas Brutas Realizadas;RO7.2.1.0.04.0.0;7.2.1.0.04.0.0 - Contribuição para o Regime Próprio de Previdência Social - RPPS - Intraorçamentárias;2349088,56;31541
2018;Prefeitura Municipal de Candelária - RS;4304200;RS;DCA-Anexo I-C;Padrão;Receitas Brutas Realizadas;RO7.2.1.0.04.1.0;7.2.1.0.04.1.0 - Contribuição Patronal de Servidor Ativo Civil para o RPPS - Intraorçamentárias;2349088,56;31541
2018;Prefeitura Municipal de Candelária - RS;4304200;RS;DCA-Anexo I-C;Padrão;Receitas Brutas Realizadas;RO7.2.1.8.00.0.0;7.2.1.8.00.0.0 Contribuições Sociais Específicas de Estados, DF e Municípios;5232659,38;31541
2018;Prefeitura Municipal de Candelária - RS;4304200;RS;DCA-Anexo I-C;Padrão;Receitas Brutas Realizadas;RO7.2.1.8.01.0.0;7.2.1.8.01.0.0 Contribuições para o Regime Próprio de Previdência Social - RPPS de Estados/DF/Municípios;5232659,38;31541
2018;Prefeitura Municipal de Candelária - RS;4304200;RS;DCA-Anexo I-C;Padrão;Receitas Brutas Realizadas;RO7.2.1.8.01.1.0;7.2.1.8.01.1.0 Contribuição Previdenciária para Amortização do Déficit Atuarial;3918963,73;31541
2018;Prefeitura Municipal de Candelária - RS;4304200;RS;DCA-Anexo I-C;Padrão;Receitas Brutas Realizadas;RO7.2.1.8.01.2.0;7.2.1.8.01.2.0 Contribuição Patronal dos Servidores Civis Inativos;1313695,65;31541
2019;Prefeitura Municipal de Candelária - RS;4304200;RS;DCA-Anexo I-C;Padrão;Receitas Brutas Realizadas;ReceitasExcetoIntraOrcamentarias;RECEITAS (EXCETO INTRA-ORÇAMENTÁRIAS) (I);103452069,70;31306
2019;Prefeitura Municipal de Candelária - RS;4304200;RS;DCA-Anexo I-C;Padrão;Deduções - FUNDEB;ReceitasExcetoIntraOrcamentarias;RECEITAS (EXCETO INTRA-ORÇAMENTÁRIAS) (I);4614242,28;31306
2019;Prefeitura Municipal de Candelária - RS;4304200;RS;DCA-Anexo I-C;Padrão;Outras Deduções da Receita;ReceitasExcetoIntraOrcamentarias;RECEITAS (EXCETO INTRA-ORÇAMENTÁRIAS) (I);5532142,25;31306
2019;Prefeitura Municipal de Candelária - RS;4304200;RS;DCA-Anexo I-C;Padrão;Receitas Brutas Realizadas;RO1.0.0.0.00.0.0;1.0.0.0.00.0.0 - Receitas Correntes;100242948,06;31306
2019;Prefeitura Municipal de Candelária - RS;4304200;RS;DCA-Anexo I-C;Padrão;Deduções - FUNDEB;RO1.0.0.0.00.0.0;1.0.0.0.00.0.0 - Receitas Correntes;4614242,28;31306
2019;Prefeitura Municipal de Candelária - RS;4304200;RS;DCA-Anexo I-C;Padrão;Outras Deduções da Receita;RO1.0.0.0.00.0.0;1.0.0.0.00.0.0 - Receitas Correntes;5532142,25;31306
2019;Prefeitura Municipal de Candelária - RS;4304200;RS;DCA-Anexo I-C;Padrão;Receitas Brutas Realizadas;RO1.1.0.0.00.0.0;1.1.0.0.00.0.0 - Impostos, Taxas e Contribuições de Melhoria;8877046,32;31306
2019;Prefeitura Municipal de Candelária - RS;4304200;RS;DCA-Anexo I-C;Padrão;Outras Deduções da Receita;RO1.1.0.0.00.0.0;1.1.0.0.00.0.0 - Impostos, Taxas e Contribuições de Melhoria;125192,12;31306
2019;Prefeitura Municipal de Candelária - RS;4304200;RS;DCA-Anexo I-C;Padrão;Receitas Brutas Realizadas;RO1.1.1.0.00.0.0;1.1.1.0.00.0.0 - Impostos;7895146,34;31306
2019;Prefeitura Municipal de Candelária - RS;4304200;RS;DCA-Anexo I-C;Padrão;Outras Deduções da Receita;RO1.1.1.0.00.0.0;1.1.1.0.00.0.0 - Impostos;102368,50;31306
2019;Prefeitura Municipal de Candelária - RS;4304200;RS;DCA-Anexo I-C;Padrão;Receitas Brutas Realizadas;RO1.1.1.3.00.0.0;1.1.1.3.00.0.0 - Impostos sobre a Renda e Proventos de Qualquer Natureza;2733570,99;31306
2019;Prefeitura Municipal de Candelária - RS;4304200;RS;DCA-Anexo I-C;Padrão;Receitas Brutas Realizadas;RO1.1.1.3.03.0.0;1.1.1.3.03.0.0 - Imposto sobre a Renda - Retido na Fonte;2733570,99;31306
2019;Prefeitura Municipal de Candelária - RS;4304200;RS;DCA-Anexo I-C;Padrão;Receitas Brutas Realizadas;RO1.1.1.3.03.1.0;1.1.1.3.03.1.0 - Imposto sobre a Renda - Retido na Fonte - Trabalho;2243655,60;31306
2019;Prefeitura Municipal de Candelária - RS;4304200;RS;DCA-Anexo I-C;Padrão;Receitas Brutas Realizadas;RO1.1.1.3.03.4.0;1.1.1.3.03.4.0 - Imposto sobre a Renda - Retido na Fonte - Outros Rendimentos;489915,39;31306
2019;Prefeitura Municipal de Candelária - RS;4304200;RS;DCA-Anexo I-C;Padrão;Receitas Brutas Realizadas;RO1.1.1.8.00.0.0;1.1.1.8.00.0.0 Impostos Específicos de Estados, DF e Municípios;5161575,35;31306
2019;Prefeitura Municipal de Candelária - RS;4304200;RS;DCA-Anexo I-C;Padrão;Outras Deduções da Receita;RO1.1.1.8.00.0.0;1.1.1.8.00.0.0 Impostos Específicos de Estados, DF e Municípios;102368,50;31306
2019;Prefeitura Municipal de Candelária - RS;4304200;RS;DCA-Anexo I-C;Padrão;Receitas Brutas Realizadas;RO1.1.1.8.01.0.0;1.1.1.8.01.0.0 Impostos sobre o Patrimônio para Estados/DF/Municípios;2848848,40;31306
2019;Prefeitura Municipal de Candelária - RS;4304200;RS;DCA-Anexo I-C;Padrão;Outras Deduções da Receita;RO1.1.1.8.01.0.0;1.1.1.8.01.0.0 Impostos sobre o Patrimônio para Estados/DF/Municípios;102346,08;31306
2019;Prefeitura Municipal de Candelária - RS;4304200;RS;DCA-Anexo I-C;Padrão;Receitas Brutas Realizadas;RO1.1.1.8.01.1.0;1.1.1.8.01.1.0 Imposto sobre a Propriedade Predial e Territorial Urbana;1984162,33;31306
2019;Prefeitura Municipal de Candelária - RS;4304200;RS;DCA-Anexo I-C;Padrão;Outras Deduções da Receita;RO1.1.1.8.01.1.0;1.1.1.8.01.1.0 Imposto sobre a Propriedade Predial e Territorial Urbana;100346,08;31306
2019;Prefeitura Municipal de Candelária - RS;4304200;RS;DCA-Anexo I-C;Padrão;Receitas Brutas Realizadas;RO1.1.1.8.01.4.0;1.1.1.8.01.4.0 Imposto sobre Transmissão ¿Inter Vivos¿ de Bens Imóveis e de Direitos Reais sobre Imóveis;864686,07;31306
2019;Prefeitura Municipal de Candelária - RS;4304200;RS;DCA-Anexo I-C;Padrão;Outras Deduções da Receita;RO1.1.1.8.01.4.0;1.1.1.8.01.4.0 Imposto sobre Transmissão ¿Inter Vivos¿ de Bens Imóveis e de Direitos Reais sobre Imóveis;2000,00;31306
2019;Prefeitura Municipal de Candelária - RS;4304200;RS;DCA-Anexo I-C;Padrão;Receitas Brutas Realizadas;RO1.1.1.8.02.0.0;1.1.1.8.02.0.0 Impostos sobre a Produção, Circulação de Mercadorias e Serviços;2312726,95;31306
2019;Prefeitura Municipal de Candelária - RS;4304200;RS;DCA-Anexo I-C;Padrão;Outras Deduções da Receita;RO1.1.1.8.02.0.0;1.1.1.8.02.0.0 Impostos sobre a Produção, Circulação de Mercadorias e Serviços;22,42;31306
2019;Prefeitura Municipal de Candelária - RS;4304200;RS;DCA-Anexo I-C;Padrão;Receitas Brutas Realizadas;RO1.1.1.8.02.3.0;1.1.1.8.02.3.0 Imposto sobre Serviços de Qualquer Natureza;2312726,95;31306
2019;Prefeitura Municipal de Candelária - RS;4304200;RS;DCA-Anexo I-C;Padrão;Outras Deduções da Receita;RO1.1.1.8.02.3.0;1.1.1.8.02.3.0 Imposto sobre Serviços de Qualquer Natureza;22,42;31306
2019;Prefeitura Municipal de Candelária - RS;4304200;RS;DCA-Anexo I-C;Padrão;Receitas Brutas Realizadas;RO1.1.2.0.00.0.0;1.1.2.0.00.0.0 - Taxas;916403,84;31306
2019;Prefeitura Municipal de Candelária - RS;4304200;RS;DCA-Anexo I-C;Padrão;Outras Deduções da Receita;RO1.1.2.0.00.0.0;1.1.2.0.00.0.0 - Taxas;22823,62;31306
2019;Prefeitura Municipal de Candelária - RS;4304200;RS;DCA-Anexo I-C;Padrão;Receitas Brutas Realizadas;RO1.1.2.2.00.0.0;1.1.2.2.00.0.0 - Taxas pela Prestação de Serviços;548952,74;31306
2019;Prefeitura Municipal de Candelária - RS;4304200;RS;DCA-Anexo I-C;Padrão;Outras Deduções da Receita;RO1.1.2.2.00.0.0;1.1.2.2.00.0.0 - Taxas pela Prestação de Serviços;22823,62;31306
2019;Prefeitura Municipal de Candelária - RS;4304200;RS;DCA-Anexo I-C;Padrão;Receitas Brutas Realizadas;RO1.1.2.2.01.0.0;1.1.2.2.01.0.0 - Taxas pela Prestação de Serviços;548952,74;31306
2019;Prefeitura Municipal de Candelária - RS;4304200;RS;DCA-Anexo I-C;Padrão;Outras Deduções da Receita;RO1.1.2.2.01.0.0;1.1.2.2.01.0.0 - Taxas pela Prestação de Serviços;22823,62;31306
2019;Prefeitura Municipal de Candelária - RS;4304200;RS;DCA-Anexo I-C;Padrão;Receitas Brutas Realizadas;RO1.1.2.8.00.0.0;1.1.2.8.00.0.0 - Taxas - Específicas de Estados, DF e Municípios;367451,10;31306
2019;Prefeitura Municipal de Candelária - RS;4304200;RS;DCA-Anexo I-C;Padrão;Receitas Brutas Realizadas;RO1.1.2.8.01.0.0;1.1.2.8.01.0.0 - Taxas de Inspeção, Controle e Fiscalização;367451,10;31306
2019;Prefeitura Municipal de Candelária - RS;4304200;RS;DCA-Anexo I-C;Padrão;Receitas Brutas Realizadas;RO1.1.2.8.01.9.0;1.1.2.8.01.9.0 - Taxas de Inspeção, Controle e Fiscalização - Outras;367451,10;31306
2019;Prefeitura Municipal de Candelária - RS;4304200;RS;DCA-Anexo I-C;Padrão;Receitas Brutas Realizadas;RO1.1.3.0.00.0.0;1.1.3.0.00.0.0 - Contribuição de Melhoria;65496,14;31306
2019;Prefeitura Municipal de Candelária - RS;4304200;RS;DCA-Anexo I-C;Padrão;Receitas Brutas Realizadas;RO1.1.3.8.00.0.0;1.1.3.8.00.0.0 - Contribuição de Melhoria - Específica de Estados, DF e Municípios;65496,14;31306
2019;Prefeitura Municipal de Candelária - RS;4304200;RS;DCA-Anexo I-C;Padrão;Receitas Brutas Realizadas;RO1.1.3.8.04.0.0;1.1.3.8.04.0.0 - Contribuição de Melhoria para Pavimentação e Obras Complementares;65496,14;31306
2019;Prefeitura Municipal de Candelária - RS;4304200;RS;DCA-Anexo I-C;Padrão;Receitas Brutas Realizadas;RO1.2.0.0.00.0.0;1.2.0.0.00.0.0 - Contribuições;3002061,29;31306
2019;Prefeitura Municipal de Candelária - RS;4304200;RS;DCA-Anexo I-C;Padrão;Receitas Brutas Realizadas;RO1.2.1.0.00.0.0;1.2.1.0.00.0.0 - Contribuições Sociais;1788147,81;31306
2019;Prefeitura Municipal de Candelária - RS;4304200;RS;DCA-Anexo I-C;Padrão;Receitas Brutas Realizadas;RO1.2.1.8.00.0.0;1.2.1.8.00.0.0 Contribuições Sociais Específicas de Estados, DF e Municípios;1788147,81;31306
2019;Prefeitura Municipal de Candelária - RS;4304200;RS;DCA-Anexo I-C;Padrão;Receitas Brutas Realizadas;RO1.2.1.8.01.0.0;1.2.1.8.01.0.0 - Contribuição do Servidor Civil para o Plano de Seguridade Social - CPSSS - Específico de EST/DF/MUN;1788147,81;31306
2019;Prefeitura Municipal de Candelária - RS;4304200;RS;DCA-Anexo I-C;Padrão;Receitas Brutas Realizadas;RO1.2.1.8.01.1.0;1.2.1.8.01.1.0 - CPSSS do Servidor Civil Ativo;1781005,42;31306
2019;Prefeitura Municipal de Candelária - RS;4304200;RS;DCA-Anexo I-C;Padrão;Receitas Brutas Realizadas;RO1.2.1.8.01.2.0;1.2.1.8.01.2.0 - CPSSS do Servidor Civil Inativo;2158,44;31306
2019;Prefeitura Municipal de Candelária - RS;4304200;RS;DCA-Anexo I-C;Padrão;Receitas Brutas Realizadas;RO1.2.1.8.01.4.0;1.2.1.8.01.4.0 - CPSSS Oriunda de Sentenças Judiciais - Servidor Civil Ativo;4983,95;31306
2019;Prefeitura Municipal de Candelária - RS;4304200;RS;DCA-Anexo I-C;Padrão;Receitas Brutas Realizadas;RO1.2.4.0.00.0.0;1.2.4.0.00.0.0 - Contribuição para o Custeio do Serviço de Iluminação Pública;1213913,48;31306
2019;Prefeitura Municipal de Candelária - RS;4304200;RS;DCA-Anexo I-C;Padrão;Receitas Brutas Realizadas;RO1.3.0.0.00.0.0;1.3.0.0.00.0.0 - Receita Patrimonial;11185398,88;31306
2019;Prefeitura Municipal de Candelária - RS;4304200;RS;DCA-Anexo I-C;Padrão;Outras Deduções da Receita;RO1.3.0.0.00.0.0;1.3.0.0.00.0.0 - Receita Patrimonial;1120479,75;31306
2019;Prefeitura Municipal de Candelária - RS;4304200;RS;DCA-Anexo I-C;Padrão;Receitas Brutas Realizadas;RO1.3.1.0.00.0.0;1.3.1.0.00.0.0 - Exploração do Patrimônio Imobiliário do Estado;82996,40;31306
2019;Prefeitura Municipal de Candelária - RS;4304200;RS;DCA-Anexo I-C;Padrão;Receitas Brutas Realizadas;RO1.3.1.0.01.0.0;1.3.1.0.01.0.0 - Aluguéis, Arrendamentos, Foros, Laudêmios, Tarifas de Ocupação;82996,40;31306
2019;Prefeitura Municipal de Candelária - RS;4304200;RS;DCA-Anexo I-C;Padrão;Receitas Brutas Realizadas;RO1.3.1.0.01.1.0;1.3.1.0.01.1.0 - Aluguéis e Arrendamentos;82996,40;31306
2019;Prefeitura Municipal de Candelária - RS;4304200;RS;DCA-Anexo I-C;Padrão;Receitas Brutas Realizadas;RO1.3.2.0.00.0.0;1.3.2.0.00.0.0 - Valores Mobiliários;11102402,48;31306
2019;Prefeitura Municipal de Candelária - RS;4304200;RS;DCA-Anexo I-C;Padrão;Outras Deduções da Receita;RO1.3.2.0.00.0.0;1.3.2.0.00.0.0 - Valores Mobiliários;1120479,75;31306
2019;Prefeitura Municipal de Candelária - RS;4304200;RS;DCA-Anexo I-C;Padrão;Receitas Brutas Realizadas;RO1.3.2.1.00.0.0;1.3.2.1.00.0.0 - Juros e Correções Monetárias;11096353,85;31306
2019;Prefeitura Municipal de Candelária - RS;4304200;RS;DCA-Anexo I-C;Padrão;Outras Deduções da Receita;RO1.3.2.1.00.0.0;1.3.2.1.00.0.0 - Juros e Correções Monetárias;1120479,75;31306
2019;Prefeitura Municipal de Candelária - RS;4304200;RS;DCA-Anexo I-C;Padrão;Receitas Brutas Realizadas;RO1.3.2.1.00.1.0;1.3.2.1.00.1.0 - Remuneração de Depósitos Bancários;310884,66;31306
2019;Prefeitura Municipal de Candelária - RS;4304200;RS;DCA-Anexo I-C;Padrão;Receitas Brutas Realizadas;RO1.3.2.1.00.4.0;1.3.2.1.00.4.0 - Remuneração dos Recursos do Regime Próprio de Previdência Social - RPPS;10785469,19;31306
2019;Prefeitura Municipal de Candelária - RS;4304200;RS;DCA-Anexo I-C;Padrão;Outras Deduções da Receita;RO1.3.2.1.00.4.0;1.3.2.1.00.4.0 - Remuneração dos Recursos do Regime Próprio de Previdência Social - RPPS;1120479,75;31306
2019;Prefeitura Municipal de Candelária - RS;4304200;RS;DCA-Anexo I-C;Padrão;Receitas Brutas Realizadas;RO1.3.2.9.00.0.0;1.3.2.9.00.0.0 - Outros Valores Mobiliários;6048,63;31306
2019;Prefeitura Municipal de Candelária - RS;4304200;RS;DCA-Anexo I-C;Padrão;Receitas Brutas Realizadas;RO1.6.0.0.00.0.0;1.6.0.0.00.0.0 - Receita de Serviços;139137,77;31306
2019;Prefeitura Municipal de Candelária - RS;4304200;RS;DCA-Anexo I-C;Padrão;Receitas Brutas Realizadas;RO1.6.1.0.00.0.0;1.6.1.0.00.0.0 - Serviços Administrativos e Comerciais Gerais;139137,77;31306
2019;Prefeitura Municipal de Candelária - RS;4304200;RS;DCA-Anexo I-C;Padrão;Receitas Brutas Realizadas;RO1.6.1.0.01.0.0;1.6.1.0.01.0.0 - Serviços Administrativos e Comerciais Gerais;87087,08;31306
2019;Prefeitura Municipal de Candelária - RS;4304200;RS;DCA-Anexo I-C;Padrão;Receitas Brutas Realizadas;RO1.6.1.0.02.0.0;1.6.1.0.02.0.0 - Inscrição em Concursos e Processos Seletivos;52050,69;31306
2019;Prefeitura Municipal de Candelária - RS;4304200;RS;DCA-Anexo I-C;Padrão;Receitas Brutas Realizadas;RO1.7.0.0.00.0.0;1.7.0.0.00.0.0 - Transferências Correntes;76042684,54;31306
2019;Prefeitura Municipal de Candelária - RS;4304200;RS;DCA-Anexo I-C;Padrão;Deduções - FUNDEB;RO1.7.0.0.00.0.0;1.7.0.0.00.0.0 - Transferências Correntes;4614242,28;31306
2019;Prefeitura Municipal de Candelária - RS;4304200;RS;DCA-Anexo I-C;Padrão;Outras Deduções da Receita;RO1.7.0.0.00.0.0;1.7.0.0.00.0.0 - Transferências Correntes;4286470,38;31306
2019;Prefeitura Municipal de Candelária - RS;4304200;RS;DCA-Anexo I-C;Padrão;Receitas Brutas Realizadas;RO1.7.1.0.00.0.0;1.7.1.0.00.0.0 - Transferências da União e de suas Entidades;36743925,48;31306
2019;Prefeitura Municipal de Candelária - RS;4304200;RS;DCA-Anexo I-C;Padrão;Deduções - FUNDEB;RO1.7.1.0.00.0.0;1.7.1.0.00.0.0 - Transferências da União e de suas Entidades;16225,63;31306
2019;Prefeitura Municipal de Candelária - RS;4304200;RS;DCA-Anexo I-C;Padrão;Outras Deduções da Receita;RO1.7.1.0.00.0.0;1.7.1.0.00.0.0 - Transferências da União e de suas Entidades;4286470,38;31306
2019;Prefeitura Municipal de Candelária - RS;4304200;RS;DCA-Anexo I-C;Padrão;Receitas Brutas Realizadas;RO1.7.1.8.00.0.0;1.7.1.8.00.0.0 Transferências da União - Específicas de Estados, DF e Municípios;36743925,48;31306
2019;Prefeitura Municipal de Candelária - RS;4304200;RS;DCA-Anexo I-C;Padrão;Deduções - FUNDEB;RO1.7.1.8.00.0.0;1.7.1.8.00.0.0 Transferências da União - Específicas de Estados, DF e Municípios;16225,63;31306
2019;Prefeitura Municipal de Candelária - RS;4304200;RS;DCA-Anexo I-C;Padrão;Outras Deduções da Receita;RO1.7.1.8.00.0.0;1.7.1.8.00.0.0 Transferências da União - Específicas de Estados, DF e Municípios;4286470,38;31306
2019;Prefeitura Municipal de Candelária - RS;4304200;RS;DCA-Anexo I-C;Padrão;Receitas Brutas Realizadas;RO1.7.1.8.01.0.0;1.7.1.8.01.0.0 Participação na Receita da União;23370236,09;31306
2019;Prefeitura Municipal de Candelária - RS;4304200;RS;DCA-Anexo I-C;Padrão;Deduções - FUNDEB;RO1.7.1.8.01.0.0;1.7.1.8.01.0.0 Participação na Receita da União;16225,63;31306
2019;Prefeitura Municipal de Candelária - RS;4304200;RS;DCA-Anexo I-C;Padrão;Outras Deduções da Receita;RO1.7.1.8.01.0.0;1.7.1.8.01.0.0 Participação na Receita da União;4286470,38;31306
2019;Prefeitura Municipal de Candelária - RS;4304200;RS;DCA-Anexo I-C;Padrão;Receitas Brutas Realizadas;RO1.7.1.8.01.2.0;1.7.1.8.01.2.0 Cota-Parte do Fundo de Participação dos Municípios - Cota Mensal;21432353,37;31306
2019;Prefeitura Municipal de Candelária - RS;4304200;RS;DCA-Anexo I-C;Padrão;Outras Deduções da Receita;RO1.7.1.8.01.2.0;1.7.1.8.01.2.0 Cota-Parte do Fundo de Participação dos Municípios - Cota Mensal;4286470,38;31306
2019;Prefeitura Municipal de Candelária - RS;4304200;RS;DCA-Anexo I-C;Padrão;Receitas Brutas Realizadas;RO1.7.1.8.01.3.0;1.7.1.8.01.3.0 Cota-Parte do Fundo de Participação do Municípios ¿ 1% Cota entregue no mês de dezembro;945849,40;31306
2019;Prefeitura Municipal de Candelária - RS;4304200;RS;DCA-Anexo I-C;Padrão;Receitas Brutas Realizadas;RO1.7.1.8.01.4.0;1.7.1.8.01.4.0 Cota-Parte do Fundo de Participação dos Municípios - 1% Cota entregue no mês de julho;910904,68;31306
2019;Prefeitura Municipal de Candelária - RS;4304200;RS;DCA-Anexo I-C;Padrão;Receitas Brutas Realizadas;RO1.7.1.8.01.5.0;1.7.1.8.01.5.0 Cota-Parte do Imposto Sobre a Propriedade Territorial Rural;81128,64;31306
2019;Prefeitura Municipal de Candelária - RS;4304200;RS;DCA-Anexo I-C;Padrão;Deduções - FUNDEB;RO1.7.1.8.01.5.0;1.7.1.8.01.5.0 Cota-Parte do Imposto Sobre a Propriedade Territorial Rural;16225,63;31306
2019;Prefeitura Municipal de Candelária - RS;4304200;RS;DCA-Anexo I-C;Padrão;Receitas Brutas Realizadas;RO1.7.1.8.02.0.0;1.7.1.8.02.0.0 Transferência da Compensação Financeira pela Exploração de Recursos Naturais;331969,93;31306
2019;Prefeitura Municipal de Candelária - RS;4304200;RS;DCA-Anexo I-C;Padrão;Receitas Brutas Realizadas;RO1.7.1.8.02.2.0;1.7.1.8.02.2.0 Cota-parte da Compensação Financeira de Recursos Minerais - CFEM;1742,32;31306
2019;Prefeitura Municipal de Candelária - RS;4304200;RS;DCA-Anexo I-C;Padrão;Receitas Brutas Realizadas;RO1.7.1.8.02.6.0;1.7.1.8.02.6.0 Cota-Parte do Fundo Especial do Petróleo ¿ FEP;330227,61;31306
2019;Prefeitura Municipal de Candelária - RS;4304200;RS;DCA-Anexo I-C;Padrão;Receitas Brutas Realizadas;RO1.7.1.8.03.0.0;"1.7.1.8.03.0.0 Transferência de Recursos do Sistema Único de Saúde ¿ 
 SUS ¿ Bloco Custeio das Ações e Serviços Públicos de Saúde";8712721,97;31306
2019;Prefeitura Municipal de Candelária - RS;4304200;RS;DCA-Anexo I-C;Padrão;Receitas Brutas Realizadas;RO1.7.1.8.03.1.0;1.7.1.8.03.1.0 - Transferência de Recursos do SUS ¿ Atenção Básica;1877289,36;31306
2019;Prefeitura Municipal de Candelária - RS;4304200;RS;DCA-Anexo I-C;Padrão;Receitas Brutas Realizadas;RO1.7.1.8.03.2.0;1.7.1.8.03.2.0 - Transferência de Recursos do SUS ¿ Atenção de Média e Alta Complexidade Ambulatorial e Hospitalar;6443828,80;31306
2019;Prefeitura Municipal de Candelária - RS;4304200;RS;DCA-Anexo I-C;Padrão;Receitas Brutas Realizadas;RO1.7.1.8.03.3.0;1.7.1.8.03.3.0 - Transferência de Recursos do SUS ¿ Vigilância em Saúde;147017,65;31306
2019;Prefeitura Municipal de Candelária - RS;4304200;RS;DCA-Anexo I-C;Padrão;Receitas Brutas Realizadas;RO1.7.1.8.03.4.0;1.7.1.8.03.4.0 - Transferência de Recursos do SUS ¿ Assistência Farmacêutica;220586,16;31306
2019;Prefeitura Municipal de Candelária - RS;4304200;RS;DCA-Anexo I-C;Padrão;Receitas Brutas Realizadas;RO1.7.1.8.03.5.0;1.7.1.8.03.5.0 - Transferência de Recursos do SUS ¿ Gestão do SUS;24000,00;31306
2019;Prefeitura Municipal de Candelária - RS;4304200;RS;DCA-Anexo I-C;Padrão;Receitas Brutas Realizadas;RO1.7.1.8.05.0.0;1.7.1.8.05.0.0 Transferências de Recursos do Fundo Nacional do Desenvolvimento da Educação ¿ FNDE;1358780,65;31306
2019;Prefeitura Municipal de Candelária - RS;4304200;RS;DCA-Anexo I-C;Padrão;Receitas Brutas Realizadas;RO1.7.1.8.05.1.0;1.7.1.8.05.1.0 Transferências do Salário-Educação;864509,32;31306
2019;Prefeitura Municipal de Candelária - RS;4304200;RS;DCA-Anexo I-C;Padrão;Receitas Brutas Realizadas;RO1.7.1.8.05.3.0;1.7.1.8.05.3.0 Transferências Diretas do FNDE referentes ao Programa Nacional de Alimentação Escolar ¿ PNAE;214058,00;31306
2019;Prefeitura Municipal de Candelária - RS;4304200;RS;DCA-Anexo I-C;Padrão;Receitas Brutas Realizadas;RO1.7.1.8.05.4.0;1.7.1.8.05.4.0 Transferências Diretas do FNDE referentes ao Programa Nacional de Apoio ao Transporte do Escolar ¿ PNATE;280213,33;31306
2019;Prefeitura Municipal de Candelária - RS;4304200;RS;DCA-Anexo I-C;Padrão;Receitas Brutas Realizadas;RO1.7.1.8.08.0.0;1.7.1.8.08.0.0 Transferências Advindas de Emendas Parlamentares Individuais;1500000,00;31306
2019;Prefeitura Municipal de Candelária - RS;4304200;RS;DCA-Anexo I-C;Padrão;Receitas Brutas Realizadas;RO1.7.1.8.12.0.0;1.7.1.8.12.0.0 - Transferências de Recursos do Fundo Nacional de Assistência Social ¿ FNAS;349547,96;31306
2019;Prefeitura Municipal de Candelária - RS;4304200;RS;DCA-Anexo I-C;Padrão;Receitas Brutas Realizadas;RO1.7.1.8.99.0.0;1.7.1.8.99.0.0 Outras Transferências da União;1120668,88;31306
2019;Prefeitura Municipal de Candelária - RS;4304200;RS;DCA-Anexo I-C;Padrão;Receitas Brutas Realizadas;RO1.7.2.0.00.0.0;1.7.2.0.00.0.0 - Transferências dos Estados e do Distrito Federal e de suas Entidades;27988113,58;31306
2019;Prefeitura Municipal de Candelária - RS;4304200;RS;DCA-Anexo I-C;Padrão;Deduções - FUNDEB;RO1.7.2.0.00.0.0;1.7.2.0.00.0.0 - Transferências dos Estados e do Distrito Federal e de suas Entidades;4598016,65;31306
2019;Prefeitura Municipal de Candelária - RS;4304200;RS;DCA-Anexo I-C;Padrão;Receitas Brutas Realizadas;RO1.7.2.8.00.0.0;1.7.2.8.00.0.0 Transferências dos Estados - Específicas de Estados, DF e Municípios;27988113,58;31306
2019;Prefeitura Municipal de Candelária - RS;4304200;RS;DCA-Anexo I-C;Padrão;Deduções - FUNDEB;RO1.7.2.8.00.0.0;1.7.2.8.00.0.0 Transferências dos Estados - Específicas de Estados, DF e Municípios;4598016,65;31306
2019;Prefeitura Municipal de Candelária - RS;4304200;RS;DCA-Anexo I-C;Padrão;Receitas Brutas Realizadas;RO1.7.2.8.01.0.0;1.7.2.8.01.0.0 Participação na Receita dos Estados;23021580,93;31306
2019;Prefeitura Municipal de Candelária - RS;4304200;RS;DCA-Anexo I-C;Padrão;Deduções - FUNDEB;RO1.7.2.8.01.0.0;1.7.2.8.01.0.0 Participação na Receita dos Estados;4598016,65;31306
2019;Prefeitura Municipal de Candelária - RS;4304200;RS;DCA-Anexo I-C;Padrão;Receitas Brutas Realizadas;RO1.7.2.8.01.1.0;1.7.2.8.01.1.0 Cota-Parte do ICMS;20107998,69;31306
2019;Prefeitura Municipal de Candelária - RS;4304200;RS;DCA-Anexo I-C;Padrão;Deduções - FUNDEB;RO1.7.2.8.01.1.0;1.7.2.8.01.1.0 Cota-Parte do ICMS;4021698,71;31306
2019;Prefeitura Municipal de Candelária - RS;4304200;RS;DCA-Anexo I-C;Padrão;Receitas Brutas Realizadas;RO1.7.2.8.01.2.0;1.7.2.8.01.2.0 Cota-Parte do IPVA;2583691,54;31306
2019;Prefeitura Municipal de Candelária - RS;4304200;RS;DCA-Anexo I-C;Padrão;Deduções - FUNDEB;RO1.7.2.8.01.2.0;1.7.2.8.01.2.0 Cota-Parte do IPVA;516738,58;31306
2019;Prefeitura Municipal de Candelária - RS;4304200;RS;DCA-Anexo I-C;Padrão;Receitas Brutas Realizadas;RO1.7.2.8.01.3.0;1.7.2.8.01.3.0 Cota-Parte do IPI - Municípios;297896,70;31306
2019;Prefeitura Municipal de Candelária - RS;4304200;RS;DCA-Anexo I-C;Padrão;Deduções - FUNDEB;RO1.7.2.8.01.3.0;1.7.2.8.01.3.0 Cota-Parte do IPI - Municípios;59579,36;31306
2019;Prefeitura Municipal de Candelária - RS;4304200;RS;DCA-Anexo I-C;Padrão;Receitas Brutas Realizadas;RO1.7.2.8.01.4.0;1.7.2.8.01.4.0 Cota-Parte da Contribuição de Intervenção no Domínio Econômico;31994,00;31306
2019;Prefeitura Municipal de Candelária - RS;4304200;RS;DCA-Anexo I-C;Padrão;Receitas Brutas Realizadas;RO1.7.2.8.03.0.0;1.7.2.8.03.0.0 Transferência de Recursos do Estado para Programas de Saúde ¿ Repasse Fundo a Fundo;2462497,15;31306
2019;Prefeitura Municipal de Candelária - RS;4304200;RS;DCA-Anexo I-C;Padrão;Receitas Brutas Realizadas;RO1.7.2.8.10.0.0;1.7.2.8.10.0.0 Transferência de Convênios dos Estados e do Distrito Federal e de Suas Entidades;2490565,22;31306
2019;Prefeitura Municipal de Candelária - RS;4304200;RS;DCA-Anexo I-C;Padrão;Receitas Brutas Realizadas;RO1.7.2.8.10.2.0;1.7.2.8.10.2.0 Transferências de Convênio dos Estados Destinadas a Programas de Educação;2479809,57;31306
2019;Prefeitura Municipal de Candelária - RS;4304200;RS;DCA-Anexo I-C;Padrão;Receitas Brutas Realizadas;RO1.7.2.8.10.9.0;1.7.2.8.10.9.0 Outras Transferências de Convênio dos Estados;10755,65;31306
2019;Prefeitura Municipal de Candelária - RS;4304200;RS;DCA-Anexo I-C;Padrão;Receitas Brutas Realizadas;RO1.7.2.8.99.0.0;1.7.2.8.99.0.0 Outras Transferências dos Estados;13470,28;31306
2019;Prefeitura Municipal de Candelária - RS;4304200;RS;DCA-Anexo I-C;Padrão;Receitas Brutas Realizadas;RO1.7.4.0.00.0.0;1.7.4.0.00.0.0 - Transferências de Instituições Privadas;58995,04;31306
2019;Prefeitura Municipal de Candelária - RS;4304200;RS;DCA-Anexo I-C;Padrão;Receitas Brutas Realizadas;RO1.7.4.0.00.1.0;1.7.4.0.00.1.0 - Transferências de Instituições Privadas;58995,04;31306
2019;Prefeitura Municipal de Candelária - RS;4304200;RS;DCA-Anexo I-C;Padrão;Receitas Brutas Realizadas;RO1.7.5.0.00.0.0;1.7.5.0.00.0.0 - Transferências de Outras Instituições Públicas;11238276,07;31306
2019;Prefeitura Municipal de Candelária - RS;4304200;RS;DCA-Anexo I-C;Padrão;Receitas Brutas Realizadas;RO1.7.5.8.00.0.0;1.7.5.8.00.0.0 Transferências de Outras Instituições Públicas - Específicas de Estados, DF e Municípios;11238276,07;31306
2019;Prefeitura Municipal de Candelária - RS;4304200;RS;DCA-Anexo I-C;Padrão;Receitas Brutas Realizadas;RO1.7.5.8.01.0.0;1.7.5.8.01.0.0 Transferências de Recursos do Fundo de Manutenção e Desenvolvimento da Educação Básica e de Valorização dos Profissionais da Educação ¿ FUNDEB;11238276,07;31306
2019;Prefeitura Municipal de Candelária - RS;4304200;RS;DCA-Anexo I-C;Padrão;Receitas Brutas Realizadas;RO1.7.7.0.00.0.0;1.7.7.0.00.0.0 - Transferências de Pessoas Físicas;9600,00;31306
2019;Prefeitura Municipal de Candelária - RS;4304200;RS;DCA-Anexo I-C;Padrão;Receitas Brutas Realizadas;RO1.7.7.0.00.1.0;1.7.7.0.00.1.0 - Transferências de Pessoas Físicas;9600,00;31306
2019;Prefeitura Municipal de Candelária - RS;4304200;RS;DCA-Anexo I-C;Padrão;Receitas Brutas Realizadas;RO1.7.8.0.00.0.0;1.7.8.0.00.0.0 - Transferências Provenientes de Depósitos Não Identificados;3774,37;31306
2019;Prefeitura Municipal de Candelária - RS;4304200;RS;DCA-Anexo I-C;Padrão;Receitas Brutas Realizadas;RO1.9.0.0.00.0.0;1.9.0.0.00.0.0 - Outras Receitas Correntes;996619,26;31306
2019;Prefeitura Municipal de Candelária - RS;4304200;RS;DCA-Anexo I-C;Padrão;Receitas Brutas Realizadas;RO1.9.1.0.00.0.0;1.9.1.0.00.0.0 - Multas Administrativas, Contratuais e Judiciais;17486,96;31306
2019;Prefeitura Municipal de Candelária - RS;4304200;RS;DCA-Anexo I-C;Padrão;Receitas Brutas Realizadas;RO1.9.1.0.01.0.0;1.9.1.0.01.0.0 - Multas Previstas em Legislação Específica;15886,96;31306
2019;Prefeitura Municipal de Candelária - RS;4304200;RS;DCA-Anexo I-C;Padrão;Receitas Brutas Realizadas;RO1.9.1.0.06.0.0;1.9.1.0.06.0.0 - Multas por Danos Ambientais;1600,00;31306
2019;Prefeitura Municipal de Candelária - RS;4304200;RS;DCA-Anexo I-C;Padrão;Receitas Brutas Realizadas;RO1.9.1.0.06.2.0;1.9.1.0.06.2.0 - Multas Judiciais por Danos Ambientais;1600,00;31306
2019;Prefeitura Municipal de Candelária - RS;4304200;RS;DCA-Anexo I-C;Padrão;Receitas Brutas Realizadas;RO1.9.2.0.00.0.0;1.9.2.0.00.0.0 - Indenizações, Restituições e Ressarcimentos;244257,39;31306
2019;Prefeitura Municipal de Candelária - RS;4304200;RS;DCA-Anexo I-C;Padrão;Receitas Brutas Realizadas;RO1.9.2.8.00.0.0;1.9.2.8.00.0.0 - Indenizações, Restituições e Ressarcimentos - Específicas para Estados/DF/Municípios;244257,39;31306
2019;Prefeitura Municipal de Candelária - RS;4304200;RS;DCA-Anexo I-C;Padrão;Receitas Brutas Realizadas;RO1.9.2.8.02.0.0;1.9.2.8.02.0.0 - Restituições - Específicas para Estados/DF/Municípios;244257,39;31306
2019;Prefeitura Municipal de Candelária - RS;4304200;RS;DCA-Anexo I-C;Padrão;Receitas Brutas Realizadas;RO1.9.2.8.02.9.0;1.9.2.8.02.9.0 - Outras Restituições - Específicas para Estados/DF/Municípios - Não Especificadas Anteriormente;244257,39;31306
2019;Prefeitura Municipal de Candelária - RS;4304200;RS;DCA-Anexo I-C;Padrão;Receitas Brutas Realizadas;RO1.9.9.0.00.0.0;1.9.9.0.00.0.0 - Demais Receitas Correntes;734874,91;31306
2019;Prefeitura Municipal de Candelária - RS;4304200;RS;DCA-Anexo I-C;Padrão;Receitas Brutas Realizadas;RO1.9.9.0.03.0.0;1.9.9.0.03.0.0 - Compensações Financeiras entre o Regime Geral e os Regimes Próprios de Previdência dos Servidores;733320,92;31306
2019;Prefeitura Municipal de Candelária - RS;4304200;RS;DCA-Anexo I-C;Padrão;Receitas Brutas Realizadas;RO1.9.9.0.99.0.0;1.9.9.0.99.0.0 - Outras Receitas;1553,99;31306
2019;Prefeitura Municipal de Candelária - RS;4304200;RS;DCA-Anexo I-C;Padrão;Receitas Brutas Realizadas;RO1.9.9.0.99.1.0;1.9.9.0.99.1.0 - Outras Receitas - Primárias;1553,99;31306
2019;Prefeitura Municipal de Candelária - RS;4304200;RS;DCA-Anexo I-C;Padrão;Receitas Brutas Realizadas;RO2.0.0.0.00.0.0;2.0.0.0.00.0.0 - Receitas de Capital;3209121,64;31306
2019;Prefeitura Municipal de Candelária - RS;4304200;RS;DCA-Anexo I-C;Padrão;Receitas Brutas Realizadas;RO2.1.0.0.00.0.0;2.1.0.0.00.0.0 - Operações de Crédito;1383126,91;31306
2019;Prefeitura Municipal de Candelária - RS;4304200;RS;DCA-Anexo I-C;Padrão;Receitas Brutas Realizadas;RO2.1.1.0.00.0.0;2.1.1.0.00.0.0 - Operações de Crédito - Mercado Interno;1383126,91;31306
2019;Prefeitura Municipal de Candelária - RS;4304200;RS;DCA-Anexo I-C;Padrão;Receitas Brutas Realizadas;RO2.1.1.9.00.0.0;2.1.1.9.00.0.0 Outras Operações de Crédito - Mercado Interno;1383126,91;31306
2019;Prefeitura Municipal de Candelária - RS;4304200;RS;DCA-Anexo I-C;Padrão;Receitas Brutas Realizadas;RO2.2.0.0.00.0.0;2.2.0.0.00.0.0 - Alienação de Bens;180326,20;31306
2019;Prefeitura Municipal de Candelária - RS;4304200;RS;DCA-Anexo I-C;Padrão;Receitas Brutas Realizadas;RO2.2.1.0.00.0.0;2.2.1.0.00.0.0 - Alienação de Bens Móveis;180326,20;31306
2019;Prefeitura Municipal de Candelária - RS;4304200;RS;DCA-Anexo I-C;Padrão;Receitas Brutas Realizadas;RO2.2.1.3.00.0.0;2.2.1.3.00.0.0 Alienação de Bens Móveis e Semoventes;180326,20;31306
2019;Prefeitura Municipal de Candelária - RS;4304200;RS;DCA-Anexo I-C;Padrão;Receitas Brutas Realizadas;RO2.4.0.0.00.0.0;2.4.0.0.00.0.0 - Transferências de Capital;1645668,53;31306
2019;Prefeitura Municipal de Candelária - RS;4304200;RS;DCA-Anexo I-C;Padrão;Receitas Brutas Realizadas;RO2.4.1.0.00.0.0;2.4.1.0.00.0.0 - Transferências da União e de suas Entidades;1645668,53;31306
2019;Prefeitura Municipal de Candelária - RS;4304200;RS;DCA-Anexo I-C;Padrão;Receitas Brutas Realizadas;RO2.4.1.8.00.0.0;2.4.1.8.00.0.0 Transferências da União - Específicas de Estados, DF e Municípios;1645668,53;31306
2019;Prefeitura Municipal de Candelária - RS;4304200;RS;DCA-Anexo I-C;Padrão;Receitas Brutas Realizadas;RO2.4.1.8.05.0.0;2.4.1.8.05.0.0 Transferências de Recursos Destinados a Programas de Educação;279924,76;31306
2019;Prefeitura Municipal de Candelária - RS;4304200;RS;DCA-Anexo I-C;Padrão;Receitas Brutas Realizadas;RO2.4.1.8.10.0.0;2.4.1.8.10.0.0 Transferência de Convênios da União e de suas Entidades;1365743,77;31306
2019;Prefeitura Municipal de Candelária - RS;4304200;RS;DCA-Anexo I-C;Padrão;Receitas Brutas Realizadas;RO2.4.1.8.10.7.0;2.4.1.8.10.7.0 - Transferências de Convênios da União destinadas a Programas de Infraestrutura em Transporte;656368,77;31306
2019;Prefeitura Municipal de Candelária - RS;4304200;RS;DCA-Anexo I-C;Padrão;Receitas Brutas Realizadas;RO2.4.1.8.10.9.0;2.4.1.8.10.9.0 - Outras Transferências de Convênios da União;709375,00;31306
2019;Prefeitura Municipal de Candelária - RS;4304200;RS;DCA-Anexo I-C;Padrão;Receitas Brutas Realizadas;ReceitasIntraOrcamentarias;RECEITAS (INTRA-ORÇAMENTÁRIAS) (II);6364753,30;31306
2019;Prefeitura Municipal de Candelária - RS;4304200;RS;DCA-Anexo I-C;Padrão;Receitas Brutas Realizadas;RO7.0.0.0.00.0.0;7.0.0.0.00.0.0 - Receitas Correntes;6364753,30;31306
2019;Prefeitura Municipal de Candelária - RS;4304200;RS;DCA-Anexo I-C;Padrão;Receitas Brutas Realizadas;RO7.2.0.0.00.0.0;7.2.0.0.00.0.0 - Contribuições;6364753,30;31306
2019;Prefeitura Municipal de Candelária - RS;4304200;RS;DCA-Anexo I-C;Padrão;Receitas Brutas Realizadas;RO7.2.1.0.00.0.0;7.2.1.0.00.0.0 - Contribuições Sociais;6364753,30;31306
2019;Prefeitura Municipal de Candelária - RS;4304200;RS;DCA-Anexo I-C;Padrão;Receitas Brutas Realizadas;RO7.2.1.8.00.0.0;"7.2.1.8.00.0.0 Contribuições Sociais Específicas de Estados, DF e 
 Municípios";6364753,30;31306
2019;Prefeitura Municipal de Candelária - RS;4304200;RS;DCA-Anexo I-C;Padrão;Receitas Brutas Realizadas;RO7.2.1.8.03.0.0;7.2.1.8.03.0.0 - CPSSS Patronal - Servidor Civil - Específico de EST/DF/MUN;5101199,14;31306
2019;Prefeitura Municipal de Candelária - RS;4304200;RS;DCA-Anexo I-C;Padrão;Receitas Brutas Realizadas;RO7.2.1.8.03.1.0;7.2.1.8.03.1.0 - CPSSS Patronal - Servidor Civil Ativo;1893466,88;31306
2019;Prefeitura Municipal de Candelária - RS;4304200;RS;DCA-Anexo I-C;Padrão;Receitas Brutas Realizadas;RO7.2.1.8.03.2.0;7.2.1.8.03.2.0 - CPSSS Patronal - Servidor Civil Inativo;2162,10;31306
2019;Prefeitura Municipal de Candelária - RS;4304200;RS;DCA-Anexo I-C;Padrão;Receitas Brutas Realizadas;RO7.2.1.8.03.6.0;7.2.1.8.03.6.0 - CPSSS Patronal - Oriunda de Sentenças Judiciais - Servidor Civil - Pensionistas;3205570,16;31306
2019;Prefeitura Municipal de Candelária - RS;4304200;RS;DCA-Anexo I-C;Padrão;Receitas Brutas Realizadas;RO7.2.1.8.04.0.0;7.2.1.8.04.0.0 - CPSSS Patronal - Parcelamentos - Específico de EST/DF/MUN;1263554,16;31306
2019;Prefeitura Municipal de Candelária - RS;4304200;RS;DCA-Anexo I-C;Padrão;Receitas Brutas Realizadas;RO7.2.1.8.04.1.0;7.2.1.8.04.1.0 - CPSSS Patronal - Parcelamentos - Servidor Civil Ativo;1263554,16;31306
2019;Prefeitura Municipal de Candelária - RS;4304200;RS;DCA-Anexo I-C;Padrão;Receitas Brutas Realizadas;TotalReceitas;TOTAL DAS RECEITAS (III) = (I + II);109816823,00;31306
2019;Prefeitura Municipal de Candelária - RS;4304200;RS;DCA-Anexo I-C;Padrão;Deduções - FUNDEB;TotalReceitas;TOTAL DAS RECEITAS (III) = (I + II);4614242,28;31306
2019;Prefeitura Municipal de Candelária - RS;4304200;RS;DCA-Anexo I-C;Padrão;Outras Deduções da Receita;TotalReceitas;TOTAL DAS RECEITAS (III) = (I + II);5532142,25;31306
2020;Prefeitura Municipal de Candelária - RS;4304200;RS;DCA-Anexo I-C;Padrão;Receitas Brutas Realizadas;ReceitasExcetoIntraOrcamentarias;RECEITAS (EXCETO INTRA-ORÇAMENTÁRIAS) (I);117383175,57;31365
2020;Prefeitura Municipal de Candelária - RS;4304200;RS;DCA-Anexo I-C;Padrão;Deduções - FUNDEB;ReceitasExcetoIntraOrcamentarias;RECEITAS (EXCETO INTRA-ORÇAMENTÁRIAS) (I);4842143,11;31365
2020;Prefeitura Municipal de Candelária - RS;4304200;RS;DCA-Anexo I-C;Padrão;Outras Deduções da Receita;ReceitasExcetoIntraOrcamentarias;RECEITAS (EXCETO INTRA-ORÇAMENTÁRIAS) (I);8379122,85;31365
2020;Prefeitura Municipal de Candelária - RS;4304200;RS;DCA-Anexo I-C;Padrão;Receitas Brutas Realizadas;RO1.0.0.0.00.0.0;1.0.0.0.00.0.0 - Receitas Correntes;109679876,88;31365
2020;Prefeitura Municipal de Candelária - RS;4304200;RS;DCA-Anexo I-C;Padrão;Deduções - FUNDEB;RO1.0.0.0.00.0.0;1.0.0.0.00.0.0 - Receitas Correntes;4842143,11;31365
2020;Prefeitura Municipal de Candelária - RS;4304200;RS;DCA-Anexo I-C;Padrão;Outras Deduções da Receita;RO1.0.0.0.00.0.0;1.0.0.0.00.0.0 - Receitas Correntes;8379122,85;31365
2020;Prefeitura Municipal de Candelária - RS;4304200;RS;DCA-Anexo I-C;Padrão;Receitas Brutas Realizadas;RO1.1.0.0.00.0.0;1.1.0.0.00.0.0 - Impostos, Taxas e Contribuições de Melhoria;8788794,38;31365
2020;Prefeitura Municipal de Candelária - RS;4304200;RS;DCA-Anexo I-C;Padrão;Outras Deduções da Receita;RO1.1.0.0.00.0.0;1.1.0.0.00.0.0 - Impostos, Taxas e Contribuições de Melhoria;137789,97;31365
2020;Prefeitura Municipal de Candelária - RS;4304200;RS;DCA-Anexo I-C;Padrão;Receitas Brutas Realizadas;RO1.1.1.0.00.0.0;1.1.1.0.00.0.0 - Impostos;7891489,35;31365
2020;Prefeitura Municipal de Candelária - RS;4304200;RS;DCA-Anexo I-C;Padrão;Outras Deduções da Receita;RO1.1.1.0.00.0.0;1.1.1.0.00.0.0 - Impostos;112703,30;31365
2020;Prefeitura Municipal de Candelária - RS;4304200;RS;DCA-Anexo I-C;Padrão;Receitas Brutas Realizadas;RO1.1.1.3.00.0.0;1.1.1.3.00.0.0 - Impostos sobre a Renda e Proventos de Qualquer Natureza;3076493,52;31365
2020;Prefeitura Municipal de Candelária - RS;4304200;RS;DCA-Anexo I-C;Padrão;Receitas Brutas Realizadas;RO1.1.1.3.03.0.0;1.1.1.3.03.0.0 - Imposto sobre a Renda - Retido na Fonte;3076493,52;31365
2020;Prefeitura Municipal de Candelária - RS;4304200;RS;DCA-Anexo I-C;Padrão;Receitas Brutas Realizadas;RO1.1.1.3.03.1.0;1.1.1.3.03.1.0 - Imposto sobre a Renda - Retido na Fonte - Trabalho;2807116,82;31365
2020;Prefeitura Municipal de Candelária - RS;4304200;RS;DCA-Anexo I-C;Padrão;Receitas Brutas Realizadas;RO1.1.1.3.03.4.0;1.1.1.3.03.4.0 - Imposto sobre a Renda - Retido na Fonte - Outros Rendimentos;269376,70;31365
2020;Prefeitura Municipal de Candelária - RS;4304200;RS;DCA-Anexo I-C;Padrão;Receitas Brutas Realizadas;RO1.1.1.8.00.0.0;1.1.1.8.00.0.0 Impostos Específicos de Estados, DF e Municípios;4814995,83;31365
2020;Prefeitura Municipal de Candelária - RS;4304200;RS;DCA-Anexo I-C;Padrão;Outras Deduções da Receita;RO1.1.1.8.00.0.0;1.1.1.8.00.0.0 Impostos Específicos de Estados, DF e Municípios;112703,30;31365
2020;Prefeitura Municipal de Candelária - RS;4304200;RS;DCA-Anexo I-C;Padrão;Receitas Brutas Realizadas;RO1.1.1.8.01.0.0;1.1.1.8.01.0.0 Impostos sobre o Patrimônio para Estados/DF/Municípios;2897019,62;31365
2020;Prefeitura Municipal de Candelária - RS;4304200;RS;DCA-Anexo I-C;Padrão;Outras Deduções da Receita;RO1.1.1.8.01.0.0;1.1.1.8.01.0.0 Impostos sobre o Patrimônio para Estados/DF/Municípios;112703,29;31365
2020;Prefeitura Municipal de Candelária - RS;4304200;RS;DCA-Anexo I-C;Padrão;Receitas Brutas Realizadas;RO1.1.1.8.01.1.0;1.1.1.8.01.1.0 Imposto sobre a Propriedade Predial e Territorial Urbana;1924277,86;31365
2020;Prefeitura Municipal de Candelária - RS;4304200;RS;DCA-Anexo I-C;Padrão;Outras Deduções da Receita;RO1.1.1.8.01.1.0;1.1.1.8.01.1.0 Imposto sobre a Propriedade Predial e Territorial Urbana;112703,29;31365
2020;Prefeitura Municipal de Candelária - RS;4304200;RS;DCA-Anexo I-C;Padrão;Receitas Brutas Realizadas;RO1.1.1.8.01.4.0;1.1.1.8.01.4.0 Imposto sobre Transmissão ¿Inter Vivos¿ de Bens Imóveis e de Direitos Reais sobre Imóveis;972741,76;31365
2020;Prefeitura Municipal de Candelária - RS;4304200;RS;DCA-Anexo I-C;Padrão;Receitas Brutas Realizadas;RO1.1.1.8.02.0.0;1.1.1.8.02.0.0 Impostos sobre a Produção, Circulação de Mercadorias e Serviços;1917976,21;31365
2020;Prefeitura Municipal de Candelária - RS;4304200;RS;DCA-Anexo I-C;Padrão;Outras Deduções da Receita;RO1.1.1.8.02.0.0;1.1.1.8.02.0.0 Impostos sobre a Produção, Circulação de Mercadorias e Serviços;0,01;31365
2020;Prefeitura Municipal de Candelária - RS;4304200;RS;DCA-Anexo I-C;Padrão;Receitas Brutas Realizadas;RO1.1.1.8.02.3.0;1.1.1.8.02.3.0 Imposto sobre Serviços de Qualquer Natureza;1917976,21;31365
2020;Prefeitura Municipal de Candelária - RS;4304200;RS;DCA-Anexo I-C;Padrão;Outras Deduções da Receita;RO1.1.1.8.02.3.0;1.1.1.8.02.3.0 Imposto sobre Serviços de Qualquer Natureza;0,01;31365
2020;Prefeitura Municipal de Candelária - RS;4304200;RS;DCA-Anexo I-C;Padrão;Receitas Brutas Realizadas;RO1.1.2.0.00.0.0;1.1.2.0.00.0.0 - Taxas;840993,79;31365
2020;Prefeitura Municipal de Candelária - RS;4304200;RS;DCA-Anexo I-C;Padrão;Outras Deduções da Receita;RO1.1.2.0.00.0.0;1.1.2.0.00.0.0 - Taxas;25085,21;31365
2020;Prefeitura Municipal de Candelária - RS;4304200;RS;DCA-Anexo I-C;Padrão;Receitas Brutas Realizadas;RO1.1.2.8.00.0.0;1.1.2.8.00.0.0 - Taxas - Específicas de Estados, DF e Municípios;840993,79;31365
2020;Prefeitura Municipal de Candelária - RS;4304200;RS;DCA-Anexo I-C;Padrão;Outras Deduções da Receita;RO1.1.2.8.00.0.0;1.1.2.8.00.0.0 - Taxas - Específicas de Estados, DF e Municípios;25085,21;31365
2020;Prefeitura Municipal de Candelária - RS;4304200;RS;DCA-Anexo I-C;Padrão;Receitas Brutas Realizadas;RO1.1.2.8.01.0.0;1.1.2.8.01.0.0 - Taxas de Inspeção, Controle e Fiscalização;343914,10;31365
2020;Prefeitura Municipal de Candelária - RS;4304200;RS;DCA-Anexo I-C;Padrão;Receitas Brutas Realizadas;RO1.1.2.8.01.9.0;1.1.2.8.01.9.0 - Taxas de Inspeção, Controle e Fiscalização - Outras;343914,10;31365
2020;Prefeitura Municipal de Candelária - RS;4304200;RS;DCA-Anexo I-C;Padrão;Receitas Brutas Realizadas;RO1.1.2.8.02.0.0;1.1.2.8.02.0.0 - Taxas pela Prestação de Serviços;497079,69;31365
2020;Prefeitura Municipal de Candelária - RS;4304200;RS;DCA-Anexo I-C;Padrão;Outras Deduções da Receita;RO1.1.2.8.02.0.0;1.1.2.8.02.0.0 - Taxas pela Prestação de Serviços;25085,21;31365
2020;Prefeitura Municipal de Candelária - RS;4304200;RS;DCA-Anexo I-C;Padrão;Receitas Brutas Realizadas;RO1.1.2.8.02.9.0;1.1.2.8.02.9.0 - Taxas pela Prestação de Serviços - Outras;497079,69;31365
2020;Prefeitura Municipal de Candelária - RS;4304200;RS;DCA-Anexo I-C;Padrão;Outras Deduções da Receita;RO1.1.2.8.02.9.0;1.1.2.8.02.9.0 - Taxas pela Prestação de Serviços - Outras;25085,21;31365
2020;Prefeitura Municipal de Candelária - RS;4304200;RS;DCA-Anexo I-C;Padrão;Receitas Brutas Realizadas;RO1.1.3.0.00.0.0;1.1.3.0.00.0.0 - Contribuição de Melhoria;56311,24;31365
2020;Prefeitura Municipal de Candelária - RS;4304200;RS;DCA-Anexo I-C;Padrão;Outras Deduções da Receita;RO1.1.3.0.00.0.0;1.1.3.0.00.0.0 - Contribuição de Melhoria;1,46;31365
2020;Prefeitura Municipal de Candelária - RS;4304200;RS;DCA-Anexo I-C;Padrão;Receitas Brutas Realizadas;RO1.1.3.8.00.0.0;1.1.3.8.00.0.0 - Contribuição de Melhoria - Específica de Estados, DF e Municípios;56311,24;31365
2020;Prefeitura Municipal de Candelária - RS;4304200;RS;DCA-Anexo I-C;Padrão;Outras Deduções da Receita;RO1.1.3.8.00.0.0;1.1.3.8.00.0.0 - Contribuição de Melhoria - Específica de Estados, DF e Municípios;1,46;31365
2020;Prefeitura Municipal de Candelária - RS;4304200;RS;DCA-Anexo I-C;Padrão;Receitas Brutas Realizadas;RO1.1.3.8.04.0.0;1.1.3.8.04.0.0 - Contribuição de Melhoria para Pavimentação e Obras Complementares;56311,24;31365
2020;Prefeitura Municipal de Candelária - RS;4304200;RS;DCA-Anexo I-C;Padrão;Outras Deduções da Receita;RO1.1.3.8.04.0.0;1.1.3.8.04.0.0 - Contribuição de Melhoria para Pavimentação e Obras Complementares;1,46;31365
2020;Prefeitura Municipal de Candelária - RS;4304200;RS;DCA-Anexo I-C;Padrão;Receitas Brutas Realizadas;RO1.2.0.0.00.0.0;1.2.0.0.00.0.0 - Contribuições;3522360,15;31365
2020;Prefeitura Municipal de Candelária - RS;4304200;RS;DCA-Anexo I-C;Padrão;Receitas Brutas Realizadas;RO1.2.1.0.00.0.0;1.2.1.0.00.0.0 - Contribuições Sociais;2268305,93;31365
2020;Prefeitura Municipal de Candelária - RS;4304200;RS;DCA-Anexo I-C;Padrão;Receitas Brutas Realizadas;RO1.2.1.8.00.0.0;1.2.1.8.00.0.0 Contribuições Sociais Específicas de Estados, DF e Municípios;2268305,93;31365
2020;Prefeitura Municipal de Candelária - RS;4304200;RS;DCA-Anexo I-C;Padrão;Receitas Brutas Realizadas;RO1.2.1.8.01.0.0;1.2.1.8.01.0.0 - Contribuição do Servidor Civil para o Plano de Seguridade Social - CPSSS - Específico de EST/DF/MUN;2268305,93;31365
2020;Prefeitura Municipal de Candelária - RS;4304200;RS;DCA-Anexo I-C;Padrão;Receitas Brutas Realizadas;RO1.2.1.8.01.1.0;1.2.1.8.01.1.0 - CPSSS do Servidor Civil Ativo;2057115,02;31365
2020;Prefeitura Municipal de Candelária - RS;4304200;RS;DCA-Anexo I-C;Padrão;Receitas Brutas Realizadas;RO1.2.1.8.01.2.0;1.2.1.8.01.2.0 - CPSSS do Servidor Civil Inativo;6436,82;31365
2020;Prefeitura Municipal de Candelária - RS;4304200;RS;DCA-Anexo I-C;Padrão;Receitas Brutas Realizadas;RO1.2.1.8.01.4.0;1.2.1.8.01.4.0 - CPSSS Oriunda de Sentenças Judiciais - Servidor Civil Ativo;204754,09;31365
2020;Prefeitura Municipal de Candelária - RS;4304200;RS;DCA-Anexo I-C;Padrão;Receitas Brutas Realizadas;RO1.2.4.0.00.0.0;1.2.4.0.00.0.0 - Contribuição para o Custeio do Serviço de Iluminação Pública;1254054,22;31365
2020;Prefeitura Municipal de Candelária - RS;4304200;RS;DCA-Anexo I-C;Padrão;Receitas Brutas Realizadas;RO1.3.0.0.00.0.0;1.3.0.0.00.0.0 - Receita Patrimonial;8812313,74;31365
2020;Prefeitura Municipal de Candelária - RS;4304200;RS;DCA-Anexo I-C;Padrão;Outras Deduções da Receita;RO1.3.0.0.00.0.0;1.3.0.0.00.0.0 - Receita Patrimonial;4152830,14;31365
2020;Prefeitura Municipal de Candelária - RS;4304200;RS;DCA-Anexo I-C;Padrão;Receitas Brutas Realizadas;RO1.3.1.0.00.0.0;1.3.1.0.00.0.0 - Exploração do Patrimônio Imobiliário do Estado;53687,88;31365
2020;Prefeitura Municipal de Candelária - RS;4304200;RS;DCA-Anexo I-C;Padrão;Receitas Brutas Realizadas;RO1.3.1.0.01.0.0;1.3.1.0.01.0.0 - Aluguéis, Arrendamentos, Foros, Laudêmios, Tarifas de Ocupação;53687,88;31365
2020;Prefeitura Municipal de Candelária - RS;4304200;RS;DCA-Anexo I-C;Padrão;Receitas Brutas Realizadas;RO1.3.1.0.01.1.0;1.3.1.0.01.1.0 - Aluguéis e Arrendamentos;53687,88;31365
2020;Prefeitura Municipal de Candelária - RS;4304200;RS;DCA-Anexo I-C;Padrão;Receitas Brutas Realizadas;RO1.3.2.0.00.0.0;1.3.2.0.00.0.0 - Valores Mobiliários;8758625,86;31365
2020;Prefeitura Municipal de Candelária - RS;4304200;RS;DCA-Anexo I-C;Padrão;Outras Deduções da Receita;RO1.3.2.0.00.0.0;1.3.2.0.00.0.0 - Valores Mobiliários;4152830,14;31365
2020;Prefeitura Municipal de Candelária - RS;4304200;RS;DCA-Anexo I-C;Padrão;Receitas Brutas Realizadas;RO1.3.2.1.00.0.0;1.3.2.1.00.0.0 - Juros e Correções Monetárias;8758625,86;31365
2020;Prefeitura Municipal de Candelária - RS;4304200;RS;DCA-Anexo I-C;Padrão;Outras Deduções da Receita;RO1.3.2.1.00.0.0;1.3.2.1.00.0.0 - Juros e Correções Monetárias;4152830,14;31365
2020;Prefeitura Municipal de Candelária - RS;4304200;RS;DCA-Anexo I-C;Padrão;Receitas Brutas Realizadas;RO1.3.2.1.00.1.0;1.3.2.1.00.1.0 - Remuneração de Depósitos Bancários;145413,80;31365
2020;Prefeitura Municipal de Candelária - RS;4304200;RS;DCA-Anexo I-C;Padrão;Outras Deduções da Receita;RO1.3.2.1.00.1.0;1.3.2.1.00.1.0 - Remuneração de Depósitos Bancários;505,57;31365
2020;Prefeitura Municipal de Candelária - RS;4304200;RS;DCA-Anexo I-C;Padrão;Receitas Brutas Realizadas;RO1.3.2.1.00.4.0;1.3.2.1.00.4.0 - Remuneração dos Recursos do Regime Próprio de Previdência Social - RPPS;8613212,06;31365
2020;Prefeitura Municipal de Candelária - RS;4304200;RS;DCA-Anexo I-C;Padrão;Outras Deduções da Receita;RO1.3.2.1.00.4.0;1.3.2.1.00.4.0 - Remuneração dos Recursos do Regime Próprio de Previdência Social - RPPS;4152324,57;31365
2020;Prefeitura Municipal de Candelária - RS;4304200;RS;DCA-Anexo I-C;Padrão;Receitas Brutas Realizadas;RO1.6.0.0.00.0.0;1.6.0.0.00.0.0 - Receita de Serviços;114216,80;31365
2020;Prefeitura Municipal de Candelária - RS;4304200;RS;DCA-Anexo I-C;Padrão;Receitas Brutas Realizadas;RO1.6.1.0.00.0.0;1.6.1.0.00.0.0 - Serviços Administrativos e Comerciais Gerais;114216,80;31365
2020;Prefeitura Municipal de Candelária - RS;4304200;RS;DCA-Anexo I-C;Padrão;Receitas Brutas Realizadas;RO1.6.1.0.01.0.0;1.6.1.0.01.0.0 - Serviços Administrativos e Comerciais Gerais;114216,80;31365
2020;Prefeitura Municipal de Candelária - RS;4304200;RS;DCA-Anexo I-C;Padrão;Receitas Brutas Realizadas;RO1.7.0.0.00.0.0;1.7.0.0.00.0.0 - Transferências Correntes;87850680,68;31365
2020;Prefeitura Municipal de Candelária - RS;4304200;RS;DCA-Anexo I-C;Padrão;Deduções - FUNDEB;RO1.7.0.0.00.0.0;1.7.0.0.00.0.0 - Transferências Correntes;4842143,11;31365
2020;Prefeitura Municipal de Candelária - RS;4304200;RS;DCA-Anexo I-C;Padrão;Outras Deduções da Receita;RO1.7.0.0.00.0.0;1.7.0.0.00.0.0 - Transferências Correntes;4088502,74;31365
2020;Prefeitura Municipal de Candelária - RS;4304200;RS;DCA-Anexo I-C;Padrão;Receitas Brutas Realizadas;RO1.7.1.0.00.0.0;1.7.1.0.00.0.0 - Transferências da União e de suas Entidades;46435263,76;31365
2020;Prefeitura Municipal de Candelária - RS;4304200;RS;DCA-Anexo I-C;Padrão;Deduções - FUNDEB;RO1.7.1.0.00.0.0;1.7.1.0.00.0.0 - Transferências da União e de suas Entidades;16994,53;31365
2020;Prefeitura Municipal de Candelária - RS;4304200;RS;DCA-Anexo I-C;Padrão;Outras Deduções da Receita;RO1.7.1.0.00.0.0;1.7.1.0.00.0.0 - Transferências da União e de suas Entidades;4083871,03;31365
2020;Prefeitura Municipal de Candelária - RS;4304200;RS;DCA-Anexo I-C;Padrão;Receitas Brutas Realizadas;RO1.7.1.8.00.0.0;1.7.1.8.00.0.0 Transferências da União - Específicas de Estados, DF e Municípios;46435263,76;31365
2020;Prefeitura Municipal de Candelária - RS;4304200;RS;DCA-Anexo I-C;Padrão;Deduções - FUNDEB;RO1.7.1.8.00.0.0;1.7.1.8.00.0.0 Transferências da União - Específicas de Estados, DF e Municípios;16994,53;31365
2020;Prefeitura Municipal de Candelária - RS;4304200;RS;DCA-Anexo I-C;Padrão;Outras Deduções da Receita;RO1.7.1.8.00.0.0;1.7.1.8.00.0.0 Transferências da União - Específicas de Estados, DF e Municípios;4083871,03;31365
2020;Prefeitura Municipal de Candelária - RS;4304200;RS;DCA-Anexo I-C;Padrão;Receitas Brutas Realizadas;RO1.7.1.8.01.0.0;1.7.1.8.01.0.0 Participação na Receita da União;22343328,90;31365
2020;Prefeitura Municipal de Candelária - RS;4304200;RS;DCA-Anexo I-C;Padrão;Deduções - FUNDEB;RO1.7.1.8.01.0.0;1.7.1.8.01.0.0 Participação na Receita da União;16994,53;31365
2020;Prefeitura Municipal de Candelária - RS;4304200;RS;DCA-Anexo I-C;Padrão;Outras Deduções da Receita;RO1.7.1.8.01.0.0;1.7.1.8.01.0.0 Participação na Receita da União;4083871,03;31365
2020;Prefeitura Municipal de Candelária - RS;4304200;RS;DCA-Anexo I-C;Padrão;Receitas Brutas Realizadas;RO1.7.1.8.01.2.0;1.7.1.8.01.2.0 Cota-Parte do Fundo de Participação dos Municípios - Cota Mensal;20419356,65;31365
2020;Prefeitura Municipal de Candelária - RS;4304200;RS;DCA-Anexo I-C;Padrão;Outras Deduções da Receita;RO1.7.1.8.01.2.0;1.7.1.8.01.2.0 Cota-Parte do Fundo de Participação dos Municípios - Cota Mensal;4083871,03;31365
2020;Prefeitura Municipal de Candelária - RS;4304200;RS;DCA-Anexo I-C;Padrão;Receitas Brutas Realizadas;RO1.7.1.8.01.3.0;1.7.1.8.01.3.0 Cota-Parte do Fundo de Participação do Municípios ¿ 1% Cota entregue no mês de dezembro;918520,38;31365
2020;Prefeitura Municipal de Candelária - RS;4304200;RS;DCA-Anexo I-C;Padrão;Receitas Brutas Realizadas;RO1.7.1.8.01.4.0;1.7.1.8.01.4.0 Cota-Parte do Fundo de Participação dos Municípios - 1% Cota entregue no mês de julho;920478,67;31365
2020;Prefeitura Municipal de Candelária - RS;4304200;RS;DCA-Anexo I-C;Padrão;Receitas Brutas Realizadas;RO1.7.1.8.01.5.0;1.7.1.8.01.5.0 Cota-Parte do Imposto Sobre a Propriedade Territorial Rural;84973,20;31365
2020;Prefeitura Municipal de Candelária - RS;4304200;RS;DCA-Anexo I-C;Padrão;Deduções - FUNDEB;RO1.7.1.8.01.5.0;1.7.1.8.01.5.0 Cota-Parte do Imposto Sobre a Propriedade Territorial Rural;16994,53;31365
2020;Prefeitura Municipal de Candelária - RS;4304200;RS;DCA-Anexo I-C;Padrão;Receitas Brutas Realizadas;RO1.7.1.8.02.0.0;1.7.1.8.02.0.0 Transferência da Compensação Financeira pela Exploração de Recursos Naturais;332147,12;31365
2020;Prefeitura Municipal de Candelária - RS;4304200;RS;DCA-Anexo I-C;Padrão;Receitas Brutas Realizadas;RO1.7.1.8.02.2.0;1.7.1.8.02.2.0 Cota-parte da Compensação Financeira de Recursos Minerais - CFEM;3750,16;31365
2020;Prefeitura Municipal de Candelária - RS;4304200;RS;DCA-Anexo I-C;Padrão;Receitas Brutas Realizadas;RO1.7.1.8.02.6.0;1.7.1.8.02.6.0 Cota-Parte do Fundo Especial do Petróleo ¿ FEP;328396,96;31365
2020;Prefeitura Municipal de Candelária - RS;4304200;RS;DCA-Anexo I-C;Padrão;Receitas Brutas Realizadas;RO1.7.1.8.03.0.0;"1.7.1.8.03.0.0 Transferência de Recursos do Sistema Único de Saúde ¿ 
 SUS ¿ Bloco Custeio das Ações e Serviços Públicos de Saúde";15726572,92;31365
2020;Prefeitura Municipal de Candelária - RS;4304200;RS;DCA-Anexo I-C;Padrão;Receitas Brutas Realizadas;RO1.7.1.8.03.1.0;1.7.1.8.03.1.0 - Transferência de Recursos do SUS ¿ Atenção Básica;2629788,35;31365
2020;Prefeitura Municipal de Candelária - RS;4304200;RS;DCA-Anexo I-C;Padrão;Receitas Brutas Realizadas;RO1.7.1.8.03.2.0;1.7.1.8.03.2.0 - Transferência de Recursos do SUS ¿ Atenção de Média e Alta Complexidade Ambulatorial e Hospitalar;7067425,96;31365
2020;Prefeitura Municipal de Candelária - RS;4304200;RS;DCA-Anexo I-C;Padrão;Receitas Brutas Realizadas;RO1.7.1.8.03.3.0;1.7.1.8.03.3.0 - Transferência de Recursos do SUS ¿ Vigilância em Saúde;111171,00;31365
2020;Prefeitura Municipal de Candelária - RS;4304200;RS;DCA-Anexo I-C;Padrão;Receitas Brutas Realizadas;RO1.7.1.8.03.4.0;1.7.1.8.03.4.0 - Transferência de Recursos do SUS ¿ Assistência Farmacêutica;206465,64;31365
2020;Prefeitura Municipal de Candelária - RS;4304200;RS;DCA-Anexo I-C;Padrão;Receitas Brutas Realizadas;RO1.7.1.8.03.5.0;1.7.1.8.03.5.0 - Transferência de Recursos do SUS ¿ Gestão do SUS;12000,00;31365
2020;Prefeitura Municipal de Candelária - RS;4304200;RS;DCA-Anexo I-C;Padrão;Receitas Brutas Realizadas;RO1.7.1.8.03.9.0;1.7.1.8.03.9.0 - Transferência de Recursos do SUS ¿ Outros Programas Financiados por Transferências Fundo a Fundo;5699721,97;31365
2020;Prefeitura Municipal de Candelária - RS;4304200;RS;DCA-Anexo I-C;Padrão;Receitas Brutas Realizadas;RO1.7.1.8.05.0.0;1.7.1.8.05.0.0 Transferências de Recursos do Fundo Nacional do Desenvolvimento da Educação ¿ FNDE;1328473,68;31365
2020;Prefeitura Municipal de Candelária - RS;4304200;RS;DCA-Anexo I-C;Padrão;Receitas Brutas Realizadas;RO1.7.1.8.05.1.0;1.7.1.8.05.1.0 Transferências do Salário-Educação;808818,01;31365
2020;Prefeitura Municipal de Candelária - RS;4304200;RS;DCA-Anexo I-C;Padrão;Receitas Brutas Realizadas;RO1.7.1.8.05.3.0;1.7.1.8.05.3.0 Transferências Diretas do FNDE referentes ao Programa Nacional de Alimentação Escolar ¿ PNAE;240072,80;31365
2020;Prefeitura Municipal de Candelária - RS;4304200;RS;DCA-Anexo I-C;Padrão;Receitas Brutas Realizadas;RO1.7.1.8.05.4.0;1.7.1.8.05.4.0 Transferências Diretas do FNDE referentes ao Programa Nacional de Apoio ao Transporte do Escolar ¿ PNATE;279582,87;31365
2020;Prefeitura Municipal de Candelária - RS;4304200;RS;DCA-Anexo I-C;Padrão;Receitas Brutas Realizadas;RO1.7.1.8.12.0.0;1.7.1.8.12.0.0 - Transferências de Recursos do Fundo Nacional de Assistência Social ¿ FNAS;521064,87;31365
2020;Prefeitura Municipal de Candelária - RS;4304200;RS;DCA-Anexo I-C;Padrão;Receitas Brutas Realizadas;RO1.7.1.8.99.0.0;1.7.1.8.99.0.0 Outras Transferências da União;6183676,27;31365
2020;Prefeitura Municipal de Candelária - RS;4304200;RS;DCA-Anexo I-C;Padrão;Receitas Brutas Realizadas;RO1.7.2.0.00.0.0;1.7.2.0.00.0.0 - Transferências dos Estados e do Distrito Federal e de suas Entidades;29904900,83;31365
2020;Prefeitura Municipal de Candelária - RS;4304200;RS;DCA-Anexo I-C;Padrão;Deduções - FUNDEB;RO1.7.2.0.00.0.0;1.7.2.0.00.0.0 - Transferências dos Estados e do Distrito Federal e de suas Entidades;4825148,58;31365
2020;Prefeitura Municipal de Candelária - RS;4304200;RS;DCA-Anexo I-C;Padrão;Outras Deduções da Receita;RO1.7.2.0.00.0.0;1.7.2.0.00.0.0 - Transferências dos Estados e do Distrito Federal e de suas Entidades;4631,71;31365
2020;Prefeitura Municipal de Candelária - RS;4304200;RS;DCA-Anexo I-C;Padrão;Receitas Brutas Realizadas;RO1.7.2.8.00.0.0;1.7.2.8.00.0.0 Transferências dos Estados - Específicas de Estados, DF e Municípios;29904900,83;31365
2020;Prefeitura Municipal de Candelária - RS;4304200;RS;DCA-Anexo I-C;Padrão;Deduções - FUNDEB;RO1.7.2.8.00.0.0;1.7.2.8.00.0.0 Transferências dos Estados - Específicas de Estados, DF e Municípios;4825148,58;31365
2020;Prefeitura Municipal de Candelária - RS;4304200;RS;DCA-Anexo I-C;Padrão;Outras Deduções da Receita;RO1.7.2.8.00.0.0;1.7.2.8.00.0.0 Transferências dos Estados - Específicas de Estados, DF e Municípios;4631,71;31365
2020;Prefeitura Municipal de Candelária - RS;4304200;RS;DCA-Anexo I-C;Padrão;Receitas Brutas Realizadas;RO1.7.2.8.01.0.0;1.7.2.8.01.0.0 Participação na Receita dos Estados;24152828,29;31365
2020;Prefeitura Municipal de Candelária - RS;4304200;RS;DCA-Anexo I-C;Padrão;Deduções - FUNDEB;RO1.7.2.8.01.0.0;1.7.2.8.01.0.0 Participação na Receita dos Estados;4825148,58;31365
2020;Prefeitura Municipal de Candelária - RS;4304200;RS;DCA-Anexo I-C;Padrão;Receitas Brutas Realizadas;RO1.7.2.8.01.1.0;1.7.2.8.01.1.0 Cota-Parte do ICMS;21041255,14;31365
2020;Prefeitura Municipal de Candelária - RS;4304200;RS;DCA-Anexo I-C;Padrão;Deduções - FUNDEB;RO1.7.2.8.01.1.0;1.7.2.8.01.1.0 Cota-Parte do ICMS;4208251,01;31365
2020;Prefeitura Municipal de Candelária - RS;4304200;RS;DCA-Anexo I-C;Padrão;Receitas Brutas Realizadas;RO1.7.2.8.01.2.0;1.7.2.8.01.2.0 Cota-Parte do IPVA;2792742,90;31365
2020;Prefeitura Municipal de Candelária - RS;4304200;RS;DCA-Anexo I-C;Padrão;Deduções - FUNDEB;RO1.7.2.8.01.2.0;1.7.2.8.01.2.0 Cota-Parte do IPVA;558548,45;31365
2020;Prefeitura Municipal de Candelária - RS;4304200;RS;DCA-Anexo I-C;Padrão;Receitas Brutas Realizadas;RO1.7.2.8.01.3.0;1.7.2.8.01.3.0 Cota-Parte do IPI - Municípios;291745,56;31365
2020;Prefeitura Municipal de Candelária - RS;4304200;RS;DCA-Anexo I-C;Padrão;Deduções - FUNDEB;RO1.7.2.8.01.3.0;1.7.2.8.01.3.0 Cota-Parte do IPI - Municípios;58349,12;31365
2020;Prefeitura Municipal de Candelária - RS;4304200;RS;DCA-Anexo I-C;Padrão;Receitas Brutas Realizadas;RO1.7.2.8.01.4.0;1.7.2.8.01.4.0 Cota-Parte da Contribuição de Intervenção no Domínio Econômico;27084,69;31365
2020;Prefeitura Municipal de Candelária - RS;4304200;RS;DCA-Anexo I-C;Padrão;Receitas Brutas Realizadas;RO1.7.2.8.03.0.0;1.7.2.8.03.0.0 Transferência de Recursos do Estado para Programas de Saúde ¿ Repasse Fundo a Fundo;4639756,27;31365
2020;Prefeitura Municipal de Candelária - RS;4304200;RS;DCA-Anexo I-C;Padrão;Receitas Brutas Realizadas;RO1.7.2.8.10.0.0;1.7.2.8.10.0.0 Transferência de Convênios dos Estados e do Distrito Federal e de Suas Entidades;1099049,77;31365
2020;Prefeitura Municipal de Candelária - RS;4304200;RS;DCA-Anexo I-C;Padrão;Outras Deduções da Receita;RO1.7.2.8.10.0.0;1.7.2.8.10.0.0 Transferência de Convênios dos Estados e do Distrito Federal e de Suas Entidades;4631,71;31365
2020;Prefeitura Municipal de Candelária - RS;4304200;RS;DCA-Anexo I-C;Padrão;Receitas Brutas Realizadas;RO1.7.2.8.10.2.0;1.7.2.8.10.2.0 Transferências de Convênio dos Estados Destinadas a Programas de Educação;1086367,35;31365
2020;Prefeitura Municipal de Candelária - RS;4304200;RS;DCA-Anexo I-C;Padrão;Outras Deduções da Receita;RO1.7.2.8.10.2.0;1.7.2.8.10.2.0 Transferências de Convênio dos Estados Destinadas a Programas de Educação;4631,71;31365
2020;Prefeitura Municipal de Candelária - RS;4304200;RS;DCA-Anexo I-C;Padrão;Receitas Brutas Realizadas;RO1.7.2.8.10.9.0;1.7.2.8.10.9.0 Outras Transferências de Convênio dos Estados;12682,42;31365
2020;Prefeitura Municipal de Candelária - RS;4304200;RS;DCA-Anexo I-C;Padrão;Receitas Brutas Realizadas;RO1.7.2.8.99.0.0;1.7.2.8.99.0.0 Outras Transferências dos Estados;13266,50;31365
2020;Prefeitura Municipal de Candelária - RS;4304200;RS;DCA-Anexo I-C;Padrão;Receitas Brutas Realizadas;RO1.7.4.0.00.0.0;1.7.4.0.00.0.0 - Transferências de Instituições Privadas;81015,89;31365
2020;Prefeitura Municipal de Candelária - RS;4304200;RS;DCA-Anexo I-C;Padrão;Receitas Brutas Realizadas;RO1.7.4.8.00.0.0;1.7.4.8.00.0.0 Transferências de Instituições Privadas - Específicas de Estados, DF e Municípios;81015,89;31365
2020;Prefeitura Municipal de Candelária - RS;4304200;RS;DCA-Anexo I-C;Padrão;Receitas Brutas Realizadas;RO1.7.4.8.10.0.0;1.7.4.8.10.0.0 - Outras Transferência de Instituições Privadas para EST/DF/MUN - Não Especificadas Anteriormente;81015,89;31365
2020;Prefeitura Municipal de Candelária - RS;4304200;RS;DCA-Anexo I-C;Padrão;Receitas Brutas Realizadas;RO1.7.5.0.00.0.0;1.7.5.0.00.0.0 - Transferências de Outras Instituições Públicas;11399175,01;31365
2020;Prefeitura Municipal de Candelária - RS;4304200;RS;DCA-Anexo I-C;Padrão;Receitas Brutas Realizadas;RO1.7.5.8.00.0.0;1.7.5.8.00.0.0 Transferências de Outras Instituições Públicas - Específicas de Estados, DF e Municípios;11399175,01;31365
2020;Prefeitura Municipal de Candelária - RS;4304200;RS;DCA-Anexo I-C;Padrão;Receitas Brutas Realizadas;RO1.7.5.8.01.0.0;1.7.5.8.01.0.0 Transferências de Recursos do Fundo de Manutenção e Desenvolvimento da Educação Básica e de Valorização dos Profissionais da Educação ¿ FUNDEB;11399175,01;31365
2020;Prefeitura Municipal de Candelária - RS;4304200;RS;DCA-Anexo I-C;Padrão;Receitas Brutas Realizadas;RO1.7.7.0.00.0.0;1.7.7.0.00.0.0 - Transferências de Pessoas Físicas;7241,00;31365
2020;Prefeitura Municipal de Candelária - RS;4304200;RS;DCA-Anexo I-C;Padrão;Receitas Brutas Realizadas;RO1.7.7.8.00.0.0;1.7.7.8.00.0.0 - Transferências de Pessoas Físicas - Específicas de Estados, DF e Municípios;7241,00;31365
2020;Prefeitura Municipal de Candelária - RS;4304200;RS;DCA-Anexo I-C;Padrão;Receitas Brutas Realizadas;RO1.7.7.8.01.0.0;1.7.7.8.01.0.0 - Transferências de Pessoas Físicas - Específicas de E/DF/M;7241,00;31365
2020;Prefeitura Municipal de Candelária - RS;4304200;RS;DCA-Anexo I-C;Padrão;Receitas Brutas Realizadas;RO1.7.7.8.01.9.0;1.7.7.8.01.9.0 - Outras Transferência de Pessoas Físicas- Específicas de E/DF/M - Não Especificadas Anteriormente;7241,00;31365
2020;Prefeitura Municipal de Candelária - RS;4304200;RS;DCA-Anexo I-C;Padrão;Receitas Brutas Realizadas;RO1.7.8.0.00.0.0;1.7.8.0.00.0.0 - Transferências Provenientes de Depósitos Não Identificados;23084,19;31365
2020;Prefeitura Municipal de Candelária - RS;4304200;RS;DCA-Anexo I-C;Padrão;Receitas Brutas Realizadas;RO1.9.0.0.00.0.0;1.9.0.0.00.0.0 - Outras Receitas Correntes;591511,13;31365
2020;Prefeitura Municipal de Candelária - RS;4304200;RS;DCA-Anexo I-C;Padrão;Receitas Brutas Realizadas;RO1.9.1.0.00.0.0;1.9.1.0.00.0.0 - Multas Administrativas, Contratuais e Judiciais;11088,65;31365
2020;Prefeitura Municipal de Candelária - RS;4304200;RS;DCA-Anexo I-C;Padrão;Receitas Brutas Realizadas;RO1.9.1.0.01.0.0;1.9.1.0.01.0.0 - Multas Previstas em Legislação Específica;9188,65;31365
2020;Prefeitura Municipal de Candelária - RS;4304200;RS;DCA-Anexo I-C;Padrão;Receitas Brutas Realizadas;RO1.9.1.0.06.0.0;1.9.1.0.06.0.0 - Multas por Danos Ambientais;1900,00;31365
2020;Prefeitura Municipal de Candelária - RS;4304200;RS;DCA-Anexo I-C;Padrão;Receitas Brutas Realizadas;RO1.9.1.0.06.2.0;1.9.1.0.06.2.0 - Multas Judiciais por Danos Ambientais;1900,00;31365
2020;Prefeitura Municipal de Candelária - RS;4304200;RS;DCA-Anexo I-C;Padrão;Receitas Brutas Realizadas;RO1.9.2.0.00.0.0;1.9.2.0.00.0.0 - Indenizações, Restituições e Ressarcimentos;166230,13;31365
2020;Prefeitura Municipal de Candelária - RS;4304200;RS;DCA-Anexo I-C;Padrão;Receitas Brutas Realizadas;RO1.9.2.8.00.0.0;1.9.2.8.00.0.0 - Indenizações, Restituições e Ressarcimentos - Específicas para Estados/DF/Municípios;166230,13;31365
2020;Prefeitura Municipal de Candelária - RS;4304200;RS;DCA-Anexo I-C;Padrão;Receitas Brutas Realizadas;RO1.9.2.8.02.0.0;1.9.2.8.02.0.0 - Restituições - Específicas para Estados/DF/Municípios;166230,13;31365
2020;Prefeitura Municipal de Candelária - RS;4304200;RS;DCA-Anexo I-C;Padrão;Receitas Brutas Realizadas;RO1.9.2.8.02.9.0;1.9.2.8.02.9.0 - Outras Restituições - Específicas para Estados/DF/Municípios - Não Especificadas Anteriormente;166230,13;31365
2020;Prefeitura Municipal de Candelária - RS;4304200;RS;DCA-Anexo I-C;Padrão;Receitas Brutas Realizadas;RO1.9.9.0.00.0.0;1.9.9.0.00.0.0 - Demais Receitas Correntes;414192,35;31365
2020;Prefeitura Municipal de Candelária - RS;4304200;RS;DCA-Anexo I-C;Padrão;Receitas Brutas Realizadas;RO1.9.9.0.03.0.0;1.9.9.0.03.0.0 - Compensações Financeiras entre o Regime Geral e os Regimes Próprios de Previdência dos Servidores;412336,16;31365
2020;Prefeitura Municipal de Candelária - RS;4304200;RS;DCA-Anexo I-C;Padrão;Receitas Brutas Realizadas;RO1.9.9.0.99.0.0;1.9.9.0.99.0.0 - Outras Receitas;1856,19;31365
2020;Prefeitura Municipal de Candelária - RS;4304200;RS;DCA-Anexo I-C;Padrão;Receitas Brutas Realizadas;RO1.9.9.0.99.1.0;1.9.9.0.99.1.0 - Outras Receitas - Primárias;1856,19;31365
2020;Prefeitura Municipal de Candelária - RS;4304200;RS;DCA-Anexo I-C;Padrão;Receitas Brutas Realizadas;RO2.0.0.0.00.0.0;2.0.0.0.00.0.0 - Receitas de Capital;7703298,69;31365
2020;Prefeitura Municipal de Candelária - RS;4304200;RS;DCA-Anexo I-C;Padrão;Receitas Brutas Realizadas;RO2.1.0.0.00.0.0;2.1.0.0.00.0.0 - Operações de Crédito;4582249,76;31365
2020;Prefeitura Municipal de Candelária - RS;4304200;RS;DCA-Anexo I-C;Padrão;Receitas Brutas Realizadas;RO2.1.1.0.00.0.0;2.1.1.0.00.0.0 - Operações de Crédito - Mercado Interno;4582249,76;31365
2020;Prefeitura Municipal de Candelária - RS;4304200;RS;DCA-Anexo I-C;Padrão;Receitas Brutas Realizadas;RO2.1.1.8.00.0.0;2.1.1.8.00.0.0 Operações de Crédito - Mercado Interno - Estados/DF/Municípios;322000,00;31365
2020;Prefeitura Municipal de Candelária - RS;4304200;RS;DCA-Anexo I-C;Padrão;Receitas Brutas Realizadas;RO2.1.1.8.01.0.0;2.1.1.8.01.0.0 - Operações de Crédito Internas de Estados/DF/Municípios;322000,00;31365
2020;Prefeitura Municipal de Candelária - RS;4304200;RS;DCA-Anexo I-C;Padrão;Receitas Brutas Realizadas;RO2.1.1.8.01.2.0;2.1.1.8.01.2.0 - Operações de Crédito Internas para Programas de Saúde;322000,00;31365
2020;Prefeitura Municipal de Candelária - RS;4304200;RS;DCA-Anexo I-C;Padrão;Receitas Brutas Realizadas;RO2.1.1.9.00.0.0;2.1.1.9.00.0.0 Outras Operações de Crédito - Mercado Interno;4260249,76;31365
2020;Prefeitura Municipal de Candelária - RS;4304200;RS;DCA-Anexo I-C;Padrão;Receitas Brutas Realizadas;RO2.2.0.0.00.0.0;2.2.0.0.00.0.0 - Alienação de Bens;13000,00;31365
2020;Prefeitura Municipal de Candelária - RS;4304200;RS;DCA-Anexo I-C;Padrão;Receitas Brutas Realizadas;RO2.2.1.0.00.0.0;2.2.1.0.00.0.0 - Alienação de Bens Móveis;13000,00;31365
2020;Prefeitura Municipal de Candelária - RS;4304200;RS;DCA-Anexo I-C;Padrão;Receitas Brutas Realizadas;RO2.2.1.3.00.0.0;2.2.1.3.00.0.0 Alienação de Bens Móveis e Semoventes;13000,00;31365
2020;Prefeitura Municipal de Candelária - RS;4304200;RS;DCA-Anexo I-C;Padrão;Receitas Brutas Realizadas;RO2.4.0.0.00.0.0;2.4.0.0.00.0.0 - Transferências de Capital;3108048,93;31365
2020;Prefeitura Municipal de Candelária - RS;4304200;RS;DCA-Anexo I-C;Padrão;Receitas Brutas Realizadas;RO2.4.1.0.00.0.0;2.4.1.0.00.0.0 - Transferências da União e de suas Entidades;2734973,19;31365
2020;Prefeitura Municipal de Candelária - RS;4304200;RS;DCA-Anexo I-C;Padrão;Receitas Brutas Realizadas;RO2.4.1.8.00.0.0;2.4.1.8.00.0.0 Transferências da União - Específicas de Estados, DF e Municípios;2734973,19;31365
2020;Prefeitura Municipal de Candelária - RS;4304200;RS;DCA-Anexo I-C;Padrão;Receitas Brutas Realizadas;RO2.4.1.8.03.0.0;2.4.1.8.03.0.0 Transferências de Recursos do Sistema Único de Saúde ¿ SUS;10425,00;31365
2020;Prefeitura Municipal de Candelária - RS;4304200;RS;DCA-Anexo I-C;Padrão;Receitas Brutas Realizadas;RO2.4.1.8.03.9.0;2.4.1.8.03.9.0 - Transferência de Recursos do SUS ¿ Outros Programas Financiados por Transferências Fundo a Fundo;10425,00;31365
2020;Prefeitura Municipal de Candelária - RS;4304200;RS;DCA-Anexo I-C;Padrão;Receitas Brutas Realizadas;RO2.4.1.8.10.0.0;2.4.1.8.10.0.0 Transferência de Convênios da União e de suas Entidades;2724548,19;31365
2020;Prefeitura Municipal de Candelária - RS;4304200;RS;DCA-Anexo I-C;Padrão;Receitas Brutas Realizadas;RO2.4.1.8.10.7.0;2.4.1.8.10.7.0 - Transferências de Convênios da União destinadas a Programas de Infraestrutura em Transporte;1489548,19;31365
2020;Prefeitura Municipal de Candelária - RS;4304200;RS;DCA-Anexo I-C;Padrão;Receitas Brutas Realizadas;RO2.4.1.8.10.9.0;2.4.1.8.10.9.0 - Outras Transferências de Convênios da União;1235000,00;31365
2020;Prefeitura Municipal de Candelária - RS;4304200;RS;DCA-Anexo I-C;Padrão;Receitas Brutas Realizadas;RO2.4.2.0.00.0.0;2.4.2.0.00.0.0 - Transferências dos Estados e do Distrito Federal e de suas Entidades;373075,74;31365
2020;Prefeitura Municipal de Candelária - RS;4304200;RS;DCA-Anexo I-C;Padrão;Receitas Brutas Realizadas;RO2.4.2.8.00.0.0;2.4.2.8.00.0.0 Transferências dos Estados, Distrito Federal, e de suas Entidades;373075,74;31365
2020;Prefeitura Municipal de Candelária - RS;4304200;RS;DCA-Anexo I-C;Padrão;Receitas Brutas Realizadas;RO2.4.2.8.03.0.0;2.4.2.8.03.0.0 Transferências de Recursos do Sistema Único de Saúde ¿ SUS;250000,00;31365
2020;Prefeitura Municipal de Candelária - RS;4304200;RS;DCA-Anexo I-C;Padrão;Receitas Brutas Realizadas;RO2.4.2.8.10.0.0;2.4.2.8.10.0.0 Transferências de Convênios dos Estados e do Distrito Federal e de suas Entidades;123075,74;31365
2020;Prefeitura Municipal de Candelária - RS;4304200;RS;DCA-Anexo I-C;Padrão;Receitas Brutas Realizadas;RO2.4.2.8.10.1.0;2.4.2.8.10.1.0 - Transferências de Convênios dos Estados para o Sistema Único de Saúde ¿ SUS;45065,00;31365
2020;Prefeitura Municipal de Candelária - RS;4304200;RS;DCA-Anexo I-C;Padrão;Receitas Brutas Realizadas;RO2.4.2.8.10.9.0;2.4.2.8.10.9.0 - Outras Transferências de Convênio dos Estados;78010,74;31365
2020;Prefeitura Municipal de Candelária - RS;4304200;RS;DCA-Anexo I-C;Padrão;Receitas Brutas Realizadas;ReceitasIntraOrcamentarias;RECEITAS (INTRA-ORÇAMENTÁRIAS) (II);8545440,00;31365
2020;Prefeitura Municipal de Candelária - RS;4304200;RS;DCA-Anexo I-C;Padrão;Receitas Brutas Realizadas;RI7.0.0.0.00.0.0;7.0.0.0.00.0.0 - Receitas Correntes;8545440,00;31365
2020;Prefeitura Municipal de Candelária - RS;4304200;RS;DCA-Anexo I-C;Padrão;Receitas Brutas Realizadas;RI7.2.0.0.00.0.0;7.2.0.0.00.0.0 - Contribuições;8545440,00;31365
2020;Prefeitura Municipal de Candelária - RS;4304200;RS;DCA-Anexo I-C;Padrão;Receitas Brutas Realizadas;RI7.2.1.0.00.0.0;7.2.1.0.00.0.0 - Contribuições Sociais;8545440,00;31365
2020;Prefeitura Municipal de Candelária - RS;4304200;RS;DCA-Anexo I-C;Padrão;Receitas Brutas Realizadas;RI7.2.1.8.00.0.0;"7.2.1.8.00.0.0 Contribuições Sociais Específicas de Estados, DF e 
 Municípios";8545440,00;31365
2020;Prefeitura Municipal de Candelária - RS;4304200;RS;DCA-Anexo I-C;Padrão;Receitas Brutas Realizadas;RI7.2.1.8.03.0.0;7.2.1.8.03.0.0 - CPSSS Patronal - Servidor Civil - Específico de EST/DF/MUN;7293532,71;31365
2020;Prefeitura Municipal de Candelária - RS;4304200;RS;DCA-Anexo I-C;Padrão;Receitas Brutas Realizadas;RI7.2.1.8.03.1.0;7.2.1.8.03.1.0 - CPSSS Patronal - Servidor Civil Ativo;7273045,95;31365
2020;Prefeitura Municipal de Candelária - RS;4304200;RS;DCA-Anexo I-C;Padrão;Receitas Brutas Realizadas;RI7.2.1.8.03.2.0;7.2.1.8.03.2.0 - CPSSS Patronal - Servidor Civil Inativo;6777,52;31365
2020;Prefeitura Municipal de Candelária - RS;4304200;RS;DCA-Anexo I-C;Padrão;Receitas Brutas Realizadas;RI7.2.1.8.03.4.0;7.2.1.8.03.4.0 - CPSSS Patronal - Oriunda de Sentenças Judiciais - Servidor Civil Ativo;13709,24;31365
2020;Prefeitura Municipal de Candelária - RS;4304200;RS;DCA-Anexo I-C;Padrão;Receitas Brutas Realizadas;RI7.2.1.8.04.0.0;7.2.1.8.04.0.0 - CPSSS Patronal - Parcelamentos - Específico de EST/DF/MUN;1251907,29;31365
2020;Prefeitura Municipal de Candelária - RS;4304200;RS;DCA-Anexo I-C;Padrão;Receitas Brutas Realizadas;RI7.2.1.8.04.1.0;7.2.1.8.04.1.0 - CPSSS Patronal - Parcelamentos - Servidor Civil Ativo;1251907,29;31365
2020;Prefeitura Municipal de Candelária - RS;4304200;RS;DCA-Anexo I-C;Padrão;Receitas Brutas Realizadas;TotalReceitas;TOTAL DAS RECEITAS (III) = (I + II);125928615,57;31365
2020;Prefeitura Municipal de Candelária - RS;4304200;RS;DCA-Anexo I-C;Padrão;Deduções - FUNDEB;TotalReceitas;TOTAL DAS RECEITAS (III) = (I + II);4842143,11;31365
2020;Prefeitura Municipal de Candelária - RS;4304200;RS;DCA-Anexo I-C;Padrão;Outras Deduções da Receita;TotalReceitas;TOTAL DAS RECEITAS (III) = (I + II);8379122,85;31365
2021;Prefeitura Municipal de Candelária - RS;4304200;RS;DCA-Anexo I-C;Padrão;Receitas Brutas Realizadas;ReceitasExcetoIntraOrcamentarias;RECEITAS (EXCETO INTRA-ORÇAMENTÁRIAS) (I);124983063,13;31421
2021;Prefeitura Municipal de Candelária - RS;4304200;RS;DCA-Anexo I-C;Padrão;Deduções - FUNDEB;ReceitasExcetoIntraOrcamentarias;RECEITAS (EXCETO INTRA-ORÇAMENTÁRIAS) (I);11726528,10;31421
2021;Prefeitura Municipal de Candelária - RS;4304200;RS;DCA-Anexo I-C;Padrão;Outras Deduções da Receita;ReceitasExcetoIntraOrcamentarias;RECEITAS (EXCETO INTRA-ORÇAMENTÁRIAS) (I);4148029,58;31421
2021;Prefeitura Municipal de Candelária - RS;4304200;RS;DCA-Anexo I-C;Padrão;Receitas Brutas Realizadas;RO1.0.0.0.00.0.0;1.0.0.0.00.0.0 - Receitas Correntes;120547261,73;31421
2021;Prefeitura Municipal de Candelária - RS;4304200;RS;DCA-Anexo I-C;Padrão;Deduções - FUNDEB;RO1.0.0.0.00.0.0;1.0.0.0.00.0.0 - Receitas Correntes;11726528,10;31421
2021;Prefeitura Municipal de Candelária - RS;4304200;RS;DCA-Anexo I-C;Padrão;Outras Deduções da Receita;RO1.0.0.0.00.0.0;1.0.0.0.00.0.0 - Receitas Correntes;4148029,58;31421
2021;Prefeitura Municipal de Candelária - RS;4304200;RS;DCA-Anexo I-C;Padrão;Receitas Brutas Realizadas;RO1.1.0.0.00.0.0;1.1.0.0.00.0.0 - Impostos, Taxas e Contribuições de Melhoria;11577208,95;31421
2021;Prefeitura Municipal de Candelária - RS;4304200;RS;DCA-Anexo I-C;Padrão;Outras Deduções da Receita;RO1.1.0.0.00.0.0;1.1.0.0.00.0.0 - Impostos, Taxas e Contribuições de Melhoria;164927,66;31421
2021;Prefeitura Municipal de Candelária - RS;4304200;RS;DCA-Anexo I-C;Padrão;Receitas Brutas Realizadas;RO1.1.1.0.00.0.0;1.1.1.0.00.0.0 - Impostos;10188080,73;31421
2021;Prefeitura Municipal de Candelária - RS;4304200;RS;DCA-Anexo I-C;Padrão;Outras Deduções da Receita;RO1.1.1.0.00.0.0;1.1.1.0.00.0.0 - Impostos;132325,04;31421
2021;Prefeitura Municipal de Candelária - RS;4304200;RS;DCA-Anexo I-C;Padrão;Receitas Brutas Realizadas;RO1.1.1.3.00.0.0;1.1.1.3.00.0.0 - Impostos sobre a Renda e Proventos de Qualquer Natureza;3683305,48;31421
2021;Prefeitura Municipal de Candelária - RS;4304200;RS;DCA-Anexo I-C;Padrão;Receitas Brutas Realizadas;RO1.1.1.3.03.0.0;1.1.1.3.03.0.0 - Imposto sobre a Renda - Retido na Fonte;3683305,48;31421
2021;Prefeitura Municipal de Candelária - RS;4304200;RS;DCA-Anexo I-C;Padrão;Receitas Brutas Realizadas;RO1.1.1.3.03.1.0;1.1.1.3.03.1.0 - Imposto sobre a Renda - Retido na Fonte - Trabalho;3552621,98;31421
2021;Prefeitura Municipal de Candelária - RS;4304200;RS;DCA-Anexo I-C;Padrão;Receitas Brutas Realizadas;RO1.1.1.3.03.4.0;1.1.1.3.03.4.0 - Imposto sobre a Renda - Retido na Fonte - Outros Rendimentos;130683,50;31421
2021;Prefeitura Municipal de Candelária - RS;4304200;RS;DCA-Anexo I-C;Padrão;Receitas Brutas Realizadas;RO1.1.1.8.00.0.0;1.1.1.8.00.0.0 - Impostos Específicos de Estados, DF e Municípios;6504775,25;31421
2021;Prefeitura Municipal de Candelária - RS;4304200;RS;DCA-Anexo I-C;Padrão;Outras Deduções da Receita;RO1.1.1.8.00.0.0;1.1.1.8.00.0.0 - Impostos Específicos de Estados, DF e Municípios;132325,04;31421
2021;Prefeitura Municipal de Candelária - RS;4304200;RS;DCA-Anexo I-C;Padrão;Receitas Brutas Realizadas;RO1.1.1.8.01.0.0;1.1.1.8.01.0.0 - Impostos sobre o Patrimônio para Estados/DF/Municípios;4127458,75;31421
2021;Prefeitura Municipal de Candelária - RS;4304200;RS;DCA-Anexo I-C;Padrão;Outras Deduções da Receita;RO1.1.1.8.01.0.0;1.1.1.8.01.0.0 - Impostos sobre o Patrimônio para Estados/DF/Municípios;132157,91;31421
2021;Prefeitura Municipal de Candelária - RS;4304200;RS;DCA-Anexo I-C;Padrão;Receitas Brutas Realizadas;RO1.1.1.8.01.1.0;1.1.1.8.01.1.0 - Imposto sobre a Propriedade Predial e Territorial Urbana;2490283,55;31421
2021;Prefeitura Municipal de Candelária - RS;4304200;RS;DCA-Anexo I-C;Padrão;Outras Deduções da Receita;RO1.1.1.8.01.1.0;1.1.1.8.01.1.0 - Imposto sobre a Propriedade Predial e Territorial Urbana;132157,91;31421
2021;Prefeitura Municipal de Candelária - RS;4304200;RS;DCA-Anexo I-C;Padrão;Receitas Brutas Realizadas;RO1.1.1.8.01.4.0;1.1.1.8.01.4.0 - Imposto sobre Transmissão ¿Inter Vivos¿ de Bens Imóveis e de Direitos Reais sobre Imóveis;1637175,20;31421
2021;Prefeitura Municipal de Candelária - RS;4304200;RS;DCA-Anexo I-C;Padrão;Receitas Brutas Realizadas;RO1.1.1.8.02.0.0;1.1.1.8.02.0.0 - Impostos sobre a Produção, Circulação de Mercadorias e Serviços;2377316,50;31421
2021;Prefeitura Municipal de Candelária - RS;4304200;RS;DCA-Anexo I-C;Padrão;Outras Deduções da Receita;RO1.1.1.8.02.0.0;1.1.1.8.02.0.0 - Impostos sobre a Produção, Circulação de Mercadorias e Serviços;167,13;31421
2021;Prefeitura Municipal de Candelária - RS;4304200;RS;DCA-Anexo I-C;Padrão;Receitas Brutas Realizadas;RO1.1.1.8.02.3.0;1.1.1.8.02.3.0 - Imposto sobre Serviços de Qualquer Natureza;2377316,50;31421
2021;Prefeitura Municipal de Candelária - RS;4304200;RS;DCA-Anexo I-C;Padrão;Outras Deduções da Receita;RO1.1.1.8.02.3.0;1.1.1.8.02.3.0 - Imposto sobre Serviços de Qualquer Natureza;167,13;31421
2021;Prefeitura Municipal de Candelária - RS;4304200;RS;DCA-Anexo I-C;Padrão;Receitas Brutas Realizadas;RO1.1.2.0.00.0.0;1.1.2.0.00.0.0 - Taxas;1264339,88;31421
2021;Prefeitura Municipal de Candelária - RS;4304200;RS;DCA-Anexo I-C;Padrão;Outras Deduções da Receita;RO1.1.2.0.00.0.0;1.1.2.0.00.0.0 - Taxas;31051,80;31421
2021;Prefeitura Municipal de Candelária - RS;4304200;RS;DCA-Anexo I-C;Padrão;Receitas Brutas Realizadas;RO1.1.2.8.00.0.0;1.1.2.8.00.0.0 - Taxas - Específicas de Estados, DF e Municípios;1264339,88;31421
2021;Prefeitura Municipal de Candelária - RS;4304200;RS;DCA-Anexo I-C;Padrão;Outras Deduções da Receita;RO1.1.2.8.00.0.0;1.1.2.8.00.0.0 - Taxas - Específicas de Estados, DF e Municípios;31051,80;31421
2021;Prefeitura Municipal de Candelária - RS;4304200;RS;DCA-Anexo I-C;Padrão;Receitas Brutas Realizadas;RO1.1.2.8.01.0.0;1.1.2.8.01.0.0 - Taxas de Inspeção, Controle e Fiscalização;514129,61;31421
2021;Prefeitura Municipal de Candelária - RS;4304200;RS;DCA-Anexo I-C;Padrão;Receitas Brutas Realizadas;RO1.1.2.8.01.9.0;1.1.2.8.01.9.0 - Taxas de Inspeção, Controle e Fiscalização - Outras;514129,61;31421
2021;Prefeitura Municipal de Candelária - RS;4304200;RS;DCA-Anexo I-C;Padrão;Receitas Brutas Realizadas;RO1.1.2.8.02.0.0;1.1.2.8.02.0.0 - Taxas pela Prestação de Serviços;750210,27;31421
2021;Prefeitura Municipal de Candelária - RS;4304200;RS;DCA-Anexo I-C;Padrão;Outras Deduções da Receita;RO1.1.2.8.02.0.0;1.1.2.8.02.0.0 - Taxas pela Prestação de Serviços;31051,80;31421
2021;Prefeitura Municipal de Candelária - RS;4304200;RS;DCA-Anexo I-C;Padrão;Receitas Brutas Realizadas;RO1.1.2.8.02.9.0;1.1.2.8.02.9.0 - Taxas pela Prestação de Serviços - Outras;750210,27;31421
2021;Prefeitura Municipal de Candelária - RS;4304200;RS;DCA-Anexo I-C;Padrão;Outras Deduções da Receita;RO1.1.2.8.02.9.0;1.1.2.8.02.9.0 - Taxas pela Prestação de Serviços - Outras;31051,80;31421
2021;Prefeitura Municipal de Candelária - RS;4304200;RS;DCA-Anexo I-C;Padrão;Receitas Brutas Realizadas;RO1.1.3.0.00.0.0;1.1.3.0.00.0.0 - Contribuição de Melhoria;124788,34;31421
2021;Prefeitura Municipal de Candelária - RS;4304200;RS;DCA-Anexo I-C;Padrão;Outras Deduções da Receita;RO1.1.3.0.00.0.0;1.1.3.0.00.0.0 - Contribuição de Melhoria;1550,82;31421
2021;Prefeitura Municipal de Candelária - RS;4304200;RS;DCA-Anexo I-C;Padrão;Receitas Brutas Realizadas;RO1.1.3.8.00.0.0;1.1.3.8.00.0.0 - Contribuição de Melhoria - Específica de Estados, DF e Municípios;124788,34;31421
2021;Prefeitura Municipal de Candelária - RS;4304200;RS;DCA-Anexo I-C;Padrão;Outras Deduções da Receita;RO1.1.3.8.00.0.0;1.1.3.8.00.0.0 - Contribuição de Melhoria - Específica de Estados, DF e Municípios;1550,82;31421
2021;Prefeitura Municipal de Candelária - RS;4304200;RS;DCA-Anexo I-C;Padrão;Receitas Brutas Realizadas;RO1.1.3.8.04.0.0;1.1.3.8.04.0.0 - Contribuição de Melhoria para Pavimentação e Obras Complementares;124788,34;31421
2021;Prefeitura Municipal de Candelária - RS;4304200;RS;DCA-Anexo I-C;Padrão;Outras Deduções da Receita;RO1.1.3.8.04.0.0;1.1.3.8.04.0.0 - Contribuição de Melhoria para Pavimentação e Obras Complementares;1550,82;31421
2021;Prefeitura Municipal de Candelária - RS;4304200;RS;DCA-Anexo I-C;Padrão;Receitas Brutas Realizadas;RO1.2.0.0.00.0.0;1.2.0.0.00.0.0 - Contribuições;4095271,58;31421
2021;Prefeitura Municipal de Candelária - RS;4304200;RS;DCA-Anexo I-C;Padrão;Receitas Brutas Realizadas;RO1.2.1.0.00.0.0;1.2.1.0.00.0.0 - Contribuições Sociais;2567291,23;31421
2021;Prefeitura Municipal de Candelária - RS;4304200;RS;DCA-Anexo I-C;Padrão;Receitas Brutas Realizadas;RO1.2.1.8.00.0.0;1.2.1.8.00.0.0 - Contribuições Sociais Específicas de Estados, DF e Municípios;2567291,23;31421
2021;Prefeitura Municipal de Candelária - RS;4304200;RS;DCA-Anexo I-C;Padrão;Receitas Brutas Realizadas;RO1.2.1.8.01.0.0;1.2.1.8.01.0.0 - Contribuição do Servidor Civil para o Plano de Seguridade Social - CPSSS - Específico de EST/DF/MUN;2567291,23;31421
2021;Prefeitura Municipal de Candelária - RS;4304200;RS;DCA-Anexo I-C;Padrão;Receitas Brutas Realizadas;RO1.2.1.8.01.1.0;1.2.1.8.01.1.0 - CPSSS do Servidor Civil Ativo;2412602,59;31421
2021;Prefeitura Municipal de Candelária - RS;4304200;RS;DCA-Anexo I-C;Padrão;Receitas Brutas Realizadas;RO1.2.1.8.01.2.0;1.2.1.8.01.2.0 - CPSSS do Servidor Civil Inativo;5790,64;31421
2021;Prefeitura Municipal de Candelária - RS;4304200;RS;DCA-Anexo I-C;Padrão;Receitas Brutas Realizadas;RO1.2.1.8.01.4.0;1.2.1.8.01.4.0 - CPSSS Oriunda de Sentenças Judiciais - Servidor Civil Ativo;148898,00;31421
2021;Prefeitura Municipal de Candelária - RS;4304200;RS;DCA-Anexo I-C;Padrão;Receitas Brutas Realizadas;RO1.2.4.0.00.0.0;1.2.4.0.00.0.0 - Contribuição para o Custeio do Serviço de Iluminação Pública;1527980,35;31421
2021;Prefeitura Municipal de Candelária - RS;4304200;RS;DCA-Anexo I-C;Padrão;Receitas Brutas Realizadas;RO1.3.0.0.00.0.0;1.3.0.0.00.0.0 - Receita Patrimonial;5505920,26;31421
2021;Prefeitura Municipal de Candelária - RS;4304200;RS;DCA-Anexo I-C;Padrão;Outras Deduções da Receita;RO1.3.0.0.00.0.0;1.3.0.0.00.0.0 - Receita Patrimonial;3983042,20;31421
2021;Prefeitura Municipal de Candelária - RS;4304200;RS;DCA-Anexo I-C;Padrão;Receitas Brutas Realizadas;RO1.3.1.0.00.0.0;1.3.1.0.00.0.0 - Exploração do Patrimônio Imobiliário do Estado;89801,10;31421
2021;Prefeitura Municipal de Candelária - RS;4304200;RS;DCA-Anexo I-C;Padrão;Receitas Brutas Realizadas;RO1.3.1.0.01.0.0;1.3.1.0.01.0.0 - Aluguéis, Arrendamentos, Foros, Laudêmios, Tarifas de Ocupação;89801,10;31421
2021;Prefeitura Municipal de Candelária - RS;4304200;RS;DCA-Anexo I-C;Padrão;Receitas Brutas Realizadas;RO1.3.1.0.01.1.0;1.3.1.0.01.1.0 - Aluguéis e Arrendamentos;89801,10;31421
2021;Prefeitura Municipal de Candelária - RS;4304200;RS;DCA-Anexo I-C;Padrão;Receitas Brutas Realizadas;RO1.3.2.0.00.0.0;1.3.2.0.00.0.0 - Valores Mobiliários;5416119,16;31421
2021;Prefeitura Municipal de Candelária - RS;4304200;RS;DCA-Anexo I-C;Padrão;Outras Deduções da Receita;RO1.3.2.0.00.0.0;1.3.2.0.00.0.0 - Valores Mobiliários;3983042,20;31421
2021;Prefeitura Municipal de Candelária - RS;4304200;RS;DCA-Anexo I-C;Padrão;Receitas Brutas Realizadas;RO1.3.2.1.00.0.0;1.3.2.1.00.0.0 - Juros e Correções Monetárias;5416119,16;31421
2021;Prefeitura Municipal de Candelária - RS;4304200;RS;DCA-Anexo I-C;Padrão;Outras Deduções da Receita;RO1.3.2.1.00.0.0;1.3.2.1.00.0.0 - Juros e Correções Monetárias;3983042,20;31421
2021;Prefeitura Municipal de Candelária - RS;4304200;RS;DCA-Anexo I-C;Padrão;Receitas Brutas Realizadas;RO1.3.2.1.00.1.0;1.3.2.1.00.1.0 - Remuneração de Depósitos Bancários;643359,19;31421
2021;Prefeitura Municipal de Candelária - RS;4304200;RS;DCA-Anexo I-C;Padrão;Outras Deduções da Receita;RO1.3.2.1.00.1.0;1.3.2.1.00.1.0 - Remuneração de Depósitos Bancários;277,93;31421
2021;Prefeitura Municipal de Candelária - RS;4304200;RS;DCA-Anexo I-C;Padrão;Receitas Brutas Realizadas;RO1.3.2.1.00.4.0;1.3.2.1.00.4.0 - Remuneração dos Recursos do Regime Próprio de Previdência Social - RPPS;4772759,97;31421
2021;Prefeitura Municipal de Candelária - RS;4304200;RS;DCA-Anexo I-C;Padrão;Outras Deduções da Receita;RO1.3.2.1.00.4.0;1.3.2.1.00.4.0 - Remuneração dos Recursos do Regime Próprio de Previdência Social - RPPS;3982764,27;31421
2021;Prefeitura Municipal de Candelária - RS;4304200;RS;DCA-Anexo I-C;Padrão;Receitas Brutas Realizadas;RO1.6.0.0.00.0.0;1.6.0.0.00.0.0 - Receita de Serviços;919926,15;31421
2021;Prefeitura Municipal de Candelária - RS;4304200;RS;DCA-Anexo I-C;Padrão;Receitas Brutas Realizadas;RO1.6.1.0.00.0.0;1.6.1.0.00.0.0 - Serviços Administrativos e Comerciais Gerais;919926,15;31421
2021;Prefeitura Municipal de Candelária - RS;4304200;RS;DCA-Anexo I-C;Padrão;Receitas Brutas Realizadas;RO1.6.1.0.01.0.0;1.6.1.0.01.0.0 - Serviços Administrativos e Comerciais Gerais;158934,43;31421
2021;Prefeitura Municipal de Candelária - RS;4304200;RS;DCA-Anexo I-C;Padrão;Receitas Brutas Realizadas;RO1.6.1.0.02.0.0;1.6.1.0.02.0.0 - Inscrição em Concursos e Processos Seletivos;760991,72;31421
2021;Prefeitura Municipal de Candelária - RS;4304200;RS;DCA-Anexo I-C;Padrão;Receitas Brutas Realizadas;RO1.7.0.0.00.0.0;1.7.0.0.00.0.0 - Transferências Correntes;97539970,67;31421
2021;Prefeitura Municipal de Candelária - RS;4304200;RS;DCA-Anexo I-C;Padrão;Deduções - FUNDEB;RO1.7.0.0.00.0.0;1.7.0.0.00.0.0 - Transferências Correntes;11726528,10;31421
2021;Prefeitura Municipal de Candelária - RS;4304200;RS;DCA-Anexo I-C;Padrão;Outras Deduções da Receita;RO1.7.0.0.00.0.0;1.7.0.0.00.0.0 - Transferências Correntes;59,72;31421
2021;Prefeitura Municipal de Candelária - RS;4304200;RS;DCA-Anexo I-C;Padrão;Receitas Brutas Realizadas;RO1.7.1.0.00.0.0;1.7.1.0.00.0.0 - Transferências da União e de suas Entidades;43971488,82;31421
2021;Prefeitura Municipal de Candelária - RS;4304200;RS;DCA-Anexo I-C;Padrão;Deduções - FUNDEB;RO1.7.1.0.00.0.0;1.7.1.0.00.0.0 - Transferências da União e de suas Entidades;5523795,70;31421
2021;Prefeitura Municipal de Candelária - RS;4304200;RS;DCA-Anexo I-C;Padrão;Receitas Brutas Realizadas;RO1.7.1.8.00.0.0;1.7.1.8.00.0.0 - Transferências da União - Específicas de Estados, DF e Municípios;43971488,82;31421
2021;Prefeitura Municipal de Candelária - RS;4304200;RS;DCA-Anexo I-C;Padrão;Deduções - FUNDEB;RO1.7.1.8.00.0.0;1.7.1.8.00.0.0 - Transferências da União - Específicas de Estados, DF e Municípios;5523795,70;31421
2021;Prefeitura Municipal de Candelária - RS;4304200;RS;DCA-Anexo I-C;Padrão;Receitas Brutas Realizadas;RO1.7.1.8.01.0.0;1.7.1.8.01.0.0 - Participação na Receita da União;29890739,27;31421
2021;Prefeitura Municipal de Candelária - RS;4304200;RS;DCA-Anexo I-C;Padrão;Deduções - FUNDEB;RO1.7.1.8.01.0.0;1.7.1.8.01.0.0 - Participação na Receita da União;5523795,70;31421
2021;Prefeitura Municipal de Candelária - RS;4304200;RS;DCA-Anexo I-C;Padrão;Receitas Brutas Realizadas;RO1.7.1.8.01.2.0;1.7.1.8.01.2.0 - Cota-Parte do Fundo de Participação dos Municípios - Cota Mensal;27519983,01;31421
2021;Prefeitura Municipal de Candelária - RS;4304200;RS;DCA-Anexo I-C;Padrão;Deduções - FUNDEB;RO1.7.1.8.01.2.0;1.7.1.8.01.2.0 - Cota-Parte do Fundo de Participação dos Municípios - Cota Mensal;5503996,33;31421
2021;Prefeitura Municipal de Candelária - RS;4304200;RS;DCA-Anexo I-C;Padrão;Receitas Brutas Realizadas;RO1.7.1.8.01.3.0;1.7.1.8.01.3.0 - Cota-Parte do Fundo de Participação do Municípios ¿ 1% Cota entregue no mês de dezembro;1206234,45;31421
2021;Prefeitura Municipal de Candelária - RS;4304200;RS;DCA-Anexo I-C;Padrão;Receitas Brutas Realizadas;RO1.7.1.8.01.4.0;1.7.1.8.01.4.0 - Cota-Parte do Fundo de Participação dos Municípios - 1% Cota entregue no mês de julho;1065524,25;31421
2021;Prefeitura Municipal de Candelária - RS;4304200;RS;DCA-Anexo I-C;Padrão;Receitas Brutas Realizadas;RO1.7.1.8.01.5.0;1.7.1.8.01.5.0 - Cota-Parte do Imposto Sobre a Propriedade Territorial Rural;98997,56;31421
2021;Prefeitura Municipal de Candelária - RS;4304200;RS;DCA-Anexo I-C;Padrão;Deduções - FUNDEB;RO1.7.1.8.01.5.0;1.7.1.8.01.5.0 - Cota-Parte do Imposto Sobre a Propriedade Territorial Rural;19799,37;31421
2021;Prefeitura Municipal de Candelária - RS;4304200;RS;DCA-Anexo I-C;Padrão;Receitas Brutas Realizadas;RO1.7.1.8.02.0.0;1.7.1.8.02.0.0 - Transferência da Compensação Financeira pela Exploração de Recursos Naturais;540056,28;31421
2021;Prefeitura Municipal de Candelária - RS;4304200;RS;DCA-Anexo I-C;Padrão;Receitas Brutas Realizadas;RO1.7.1.8.02.2.0;1.7.1.8.02.2.0 - Cota-parte da Compensação Financeira de Recursos Minerais - CFEM;8080,57;31421
2021;Prefeitura Municipal de Candelária - RS;4304200;RS;DCA-Anexo I-C;Padrão;Receitas Brutas Realizadas;RO1.7.1.8.02.6.0;1.7.1.8.02.6.0 - Cota-Parte do Fundo Especial do Petróleo ¿ FEP;531975,71;31421
2021;Prefeitura Municipal de Candelária - RS;4304200;RS;DCA-Anexo I-C;Padrão;Receitas Brutas Realizadas;RO1.7.1.8.03.0.0;1.7.1.8.03.0.0 - Transferência de Recursos do Sistema Único de Saúde ¿ SUS ¿ Repasses Fundo a Fundo - Bloco de Manutenção das Ações e Serviços Públicos de Saúde;11540277,93;31421
2021;Prefeitura Municipal de Candelária - RS;4304200;RS;DCA-Anexo I-C;Padrão;Receitas Brutas Realizadas;RO1.7.1.8.03.1.0;1.7.1.8.03.1.0 - Transferência de Recursos do SUS ¿ Atenção Primária;2538365,81;31421
2021;Prefeitura Municipal de Candelária - RS;4304200;RS;DCA-Anexo I-C;Padrão;Receitas Brutas Realizadas;RO1.7.1.8.03.2.0;1.7.1.8.03.2.0 - Transferência de Recursos do SUS ¿ Atenção Especializada;7831344,14;31421
2021;Prefeitura Municipal de Candelária - RS;4304200;RS;DCA-Anexo I-C;Padrão;Receitas Brutas Realizadas;RO1.7.1.8.03.3.0;1.7.1.8.03.3.0 - Transferência de Recursos do SUS ¿ Vigilância em Saúde;102933,64;31421
2021;Prefeitura Municipal de Candelária - RS;4304200;RS;DCA-Anexo I-C;Padrão;Receitas Brutas Realizadas;RO1.7.1.8.03.4.0;1.7.1.8.03.4.0 - Transferência de Recursos do SUS ¿ Assistência Farmacêutica;211951,47;31421
2021;Prefeitura Municipal de Candelária - RS;4304200;RS;DCA-Anexo I-C;Padrão;Receitas Brutas Realizadas;RO1.7.1.8.03.5.0;1.7.1.8.03.5.0 - Transferência de Recursos do SUS ¿ Gestão do SUS;12000,00;31421
2021;Prefeitura Municipal de Candelária - RS;4304200;RS;DCA-Anexo I-C;Padrão;Receitas Brutas Realizadas;RO1.7.1.8.03.9.0;1.7.1.8.03.9.0 - Transferência de Recursos do SUS ¿ Outros Programas Financiados por Transferências Fundo a Fundo;843682,87;31421
2021;Prefeitura Municipal de Candelária - RS;4304200;RS;DCA-Anexo I-C;Padrão;Receitas Brutas Realizadas;RO1.7.1.8.05.0.0;1.7.1.8.05.0.0 - Transferências de Recursos do Fundo Nacional do Desenvolvimento da Educação ¿ FNDE;1473497,76;31421
2021;Prefeitura Municipal de Candelária - RS;4304200;RS;DCA-Anexo I-C;Padrão;Receitas Brutas Realizadas;RO1.7.1.8.05.1.0;1.7.1.8.05.1.0 - Transferências do Salário-Educação;948183,70;31421
2021;Prefeitura Municipal de Candelária - RS;4304200;RS;DCA-Anexo I-C;Padrão;Receitas Brutas Realizadas;RO1.7.1.8.05.3.0;1.7.1.8.05.3.0 - Transferências Diretas do FNDE referentes ao Programa Nacional de Alimentação Escolar ¿ PNAE;246294,40;31421
2021;Prefeitura Municipal de Candelária - RS;4304200;RS;DCA-Anexo I-C;Padrão;Receitas Brutas Realizadas;RO1.7.1.8.05.4.0;1.7.1.8.05.4.0 - Transferências Diretas do FNDE referentes ao Programa Nacional de Apoio ao Transporte do Escolar ¿ PNATE;279019,66;31421
2021;Prefeitura Municipal de Candelária - RS;4304200;RS;DCA-Anexo I-C;Padrão;Receitas Brutas Realizadas;RO1.7.1.8.12.0.0;1.7.1.8.12.0.0 - Transferências de Recursos do Fundo Nacional de Assistência Social ¿ FNAS;321013,30;31421
2021;Prefeitura Municipal de Candelária - RS;4304200;RS;DCA-Anexo I-C;Padrão;Receitas Brutas Realizadas;RO1.7.1.8.99.0.0;1.7.1.8.99.0.0 - Outras Transferências da União;205904,28;31421
2021;Prefeitura Municipal de Candelária - RS;4304200;RS;DCA-Anexo I-C;Padrão;Receitas Brutas Realizadas;RO1.7.2.0.00.0.0;1.7.2.0.00.0.0 - Transferências dos Estados e do Distrito Federal e de suas Entidades;37701362,45;31421
2021;Prefeitura Municipal de Candelária - RS;4304200;RS;DCA-Anexo I-C;Padrão;Deduções - FUNDEB;RO1.7.2.0.00.0.0;1.7.2.0.00.0.0 - Transferências dos Estados e do Distrito Federal e de suas Entidades;6202732,40;31421
2021;Prefeitura Municipal de Candelária - RS;4304200;RS;DCA-Anexo I-C;Padrão;Outras Deduções da Receita;RO1.7.2.0.00.0.0;1.7.2.0.00.0.0 - Transferências dos Estados e do Distrito Federal e de suas Entidades;59,72;31421
2021;Prefeitura Municipal de Candelária - RS;4304200;RS;DCA-Anexo I-C;Padrão;Receitas Brutas Realizadas;RO1.7.2.8.00.0.0;1.7.2.8.00.0.0 - Transferências dos Estados - Específicas de Estados, DF e Municípios;37701362,45;31421
2021;Prefeitura Municipal de Candelária - RS;4304200;RS;DCA-Anexo I-C;Padrão;Deduções - FUNDEB;RO1.7.2.8.00.0.0;1.7.2.8.00.0.0 - Transferências dos Estados - Específicas de Estados, DF e Municípios;6202732,40;31421
2021;Prefeitura Municipal de Candelária - RS;4304200;RS;DCA-Anexo I-C;Padrão;Outras Deduções da Receita;RO1.7.2.8.00.0.0;1.7.2.8.00.0.0 - Transferências dos Estados - Específicas de Estados, DF e Municípios;59,72;31421
2021;Prefeitura Municipal de Candelária - RS;4304200;RS;DCA-Anexo I-C;Padrão;Receitas Brutas Realizadas;RO1.7.2.8.01.0.0;1.7.2.8.01.0.0 - Participação na Receita dos Estados;31031074,05;31421
2021;Prefeitura Municipal de Candelária - RS;4304200;RS;DCA-Anexo I-C;Padrão;Deduções - FUNDEB;RO1.7.2.8.01.0.0;1.7.2.8.01.0.0 - Participação na Receita dos Estados;6202732,40;31421
2021;Prefeitura Municipal de Candelária - RS;4304200;RS;DCA-Anexo I-C;Padrão;Outras Deduções da Receita;RO1.7.2.8.01.0.0;1.7.2.8.01.0.0 - Participação na Receita dos Estados;59,72;31421
2021;Prefeitura Municipal de Candelária - RS;4304200;RS;DCA-Anexo I-C;Padrão;Receitas Brutas Realizadas;RO1.7.2.8.01.1.0;1.7.2.8.01.1.0 - Cota-Parte do ICMS;27292508,83;31421
2021;Prefeitura Municipal de Candelária - RS;4304200;RS;DCA-Anexo I-C;Padrão;Deduções - FUNDEB;RO1.7.2.8.01.1.0;1.7.2.8.01.1.0 - Cota-Parte do ICMS;5457775,79;31421
2021;Prefeitura Municipal de Candelária - RS;4304200;RS;DCA-Anexo I-C;Padrão;Outras Deduções da Receita;RO1.7.2.8.01.1.0;1.7.2.8.01.1.0 - Cota-Parte do ICMS;59,72;31421
2021;Prefeitura Municipal de Candelária - RS;4304200;RS;DCA-Anexo I-C;Padrão;Receitas Brutas Realizadas;RO1.7.2.8.01.2.0;1.7.2.8.01.2.0 - Cota-Parte do IPVA;3436604,12;31421
2021;Prefeitura Municipal de Candelária - RS;4304200;RS;DCA-Anexo I-C;Padrão;Deduções - FUNDEB;RO1.7.2.8.01.2.0;1.7.2.8.01.2.0 - Cota-Parte do IPVA;687320,99;31421
2021;Prefeitura Municipal de Candelária - RS;4304200;RS;DCA-Anexo I-C;Padrão;Receitas Brutas Realizadas;RO1.7.2.8.01.3.0;1.7.2.8.01.3.0 - Cota-Parte do IPI - Municípios;284548,09;31421
2021;Prefeitura Municipal de Candelária - RS;4304200;RS;DCA-Anexo I-C;Padrão;Deduções - FUNDEB;RO1.7.2.8.01.3.0;1.7.2.8.01.3.0 - Cota-Parte do IPI - Municípios;57635,62;31421
2021;Prefeitura Municipal de Candelária - RS;4304200;RS;DCA-Anexo I-C;Padrão;Receitas Brutas Realizadas;RO1.7.2.8.01.4.0;1.7.2.8.01.4.0 - Cota-Parte da Contribuição de Intervenção no Domínio Econômico;17413,01;31421
2021;Prefeitura Municipal de Candelária - RS;4304200;RS;DCA-Anexo I-C;Padrão;Receitas Brutas Realizadas;RO1.7.2.8.03.0.0;1.7.2.8.03.0.0 - Transferência de Recursos do Estado para Programas de Saúde ¿ Repasse Fundo a Fundo;5469418,21;31421
2021;Prefeitura Municipal de Candelária - RS;4304200;RS;DCA-Anexo I-C;Padrão;Receitas Brutas Realizadas;RO1.7.2.8.10.0.0;1.7.2.8.10.0.0 - Transferência de Convênios dos Estados e do Distrito Federal e de Suas Entidades;1188543,52;31421
2021;Prefeitura Municipal de Candelária - RS;4304200;RS;DCA-Anexo I-C;Padrão;Receitas Brutas Realizadas;RO1.7.2.8.10.2.0;1.7.2.8.10.2.0 - Transferências de Convênio dos Estados Destinadas a Programas de Educação;1061408,23;31421
2021;Prefeitura Municipal de Candelária - RS;4304200;RS;DCA-Anexo I-C;Padrão;Receitas Brutas Realizadas;RO1.7.2.8.10.9.0;1.7.2.8.10.9.0 - Outras Transferências de Convênio dos Estados;127135,29;31421
2021;Prefeitura Municipal de Candelária - RS;4304200;RS;DCA-Anexo I-C;Padrão;Receitas Brutas Realizadas;RO1.7.2.8.99.0.0;1.7.2.8.99.0.0 - Outras Transferências dos Estados;12326,67;31421
2021;Prefeitura Municipal de Candelária - RS;4304200;RS;DCA-Anexo I-C;Padrão;Receitas Brutas Realizadas;RO1.7.4.0.00.0.0;1.7.4.0.00.0.0 - Transferências de Instituições Privadas;43678,17;31421
2021;Prefeitura Municipal de Candelária - RS;4304200;RS;DCA-Anexo I-C;Padrão;Receitas Brutas Realizadas;RO1.7.4.8.00.0.0;1.7.4.8.00.0.0 - Transferências de Instituições Privadas - Específicas de Estados, DF e Municípios;43678,17;31421
2021;Prefeitura Municipal de Candelária - RS;4304200;RS;DCA-Anexo I-C;Padrão;Receitas Brutas Realizadas;RO1.7.4.8.10.0.0;1.7.4.8.10.0.0 - Outras Transferência de Instituições Privadas para EST/DF/MUN - Não Especificadas Anteriormente;43678,17;31421
2021;Prefeitura Municipal de Candelária - RS;4304200;RS;DCA-Anexo I-C;Padrão;Receitas Brutas Realizadas;RO1.7.5.0.00.0.0;1.7.5.0.00.0.0 - Transferências de Outras Instituições Públicas;15607431,18;31421
2021;Prefeitura Municipal de Candelária - RS;4304200;RS;DCA-Anexo I-C;Padrão;Receitas Brutas Realizadas;RO1.7.5.8.00.0.0;1.7.5.8.00.0.0 - Transferências de Outras Instituições Públicas - Específicas de Estados, DF e Municípios;15607431,18;31421
2021;Prefeitura Municipal de Candelária - RS;4304200;RS;DCA-Anexo I-C;Padrão;Receitas Brutas Realizadas;RO1.7.5.8.01.0.0;1.7.5.8.01.0.0 - Transferências de Recursos do Fundo de Manutenção e Desenvolvimento da Educação Básica e de Valorização dos Profissionais da Educação ¿ FUNDEB;15607431,18;31421
2021;Prefeitura Municipal de Candelária - RS;4304200;RS;DCA-Anexo I-C;Padrão;Receitas Brutas Realizadas;RO1.7.8.0.00.0.0;1.7.8.0.00.0.0 - Transferências Provenientes de Depósitos Não Identificados;216010,05;31421
2021;Prefeitura Municipal de Candelária - RS;4304200;RS;DCA-Anexo I-C;Padrão;Receitas Brutas Realizadas;RO1.9.0.0.00.0.0;1.9.0.0.00.0.0 - Outras Receitas Correntes;908964,12;31421
2021;Prefeitura Municipal de Candelária - RS;4304200;RS;DCA-Anexo I-C;Padrão;Receitas Brutas Realizadas;RO1.9.1.0.00.0.0;1.9.1.0.00.0.0 - Multas Administrativas, Contratuais e Judiciais;42271,73;31421
2021;Prefeitura Municipal de Candelária - RS;4304200;RS;DCA-Anexo I-C;Padrão;Receitas Brutas Realizadas;RO1.9.1.0.01.0.0;1.9.1.0.01.0.0 - Multas Previstas em Legislação Específica;23505,43;31421
2021;Prefeitura Municipal de Candelária - RS;4304200;RS;DCA-Anexo I-C;Padrão;Receitas Brutas Realizadas;RO1.9.1.0.06.0.0;1.9.1.0.06.0.0 - Multas por Danos Ambientais;18766,30;31421
2021;Prefeitura Municipal de Candelária - RS;4304200;RS;DCA-Anexo I-C;Padrão;Receitas Brutas Realizadas;RO1.9.1.0.06.1.0;1.9.1.0.06.1.0 - Multas Administrativas por Danos Ambientais;18766,30;31421
2021;Prefeitura Municipal de Candelária - RS;4304200;RS;DCA-Anexo I-C;Padrão;Receitas Brutas Realizadas;RO1.9.2.0.00.0.0;1.9.2.0.00.0.0 - Indenizações, Restituições e Ressarcimentos;260548,77;31421
2021;Prefeitura Municipal de Candelária - RS;4304200;RS;DCA-Anexo I-C;Padrão;Receitas Brutas Realizadas;RO1.9.2.2.00.0.0;1.9.2.2.00.0.0 - Restituições;4714,31;31421
2021;Prefeitura Municipal de Candelária - RS;4304200;RS;DCA-Anexo I-C;Padrão;Receitas Brutas Realizadas;RO1.9.2.2.99.0.0;1.9.2.2.99.0.0 - Outras Restituições;4714,31;31421
2021;Prefeitura Municipal de Candelária - RS;4304200;RS;DCA-Anexo I-C;Padrão;Receitas Brutas Realizadas;RO1.9.2.8.00.0.0;1.9.2.8.00.0.0 - Indenizações, Restituições e Ressarcimentos - Específicas para Estados/DF/Municípios;255834,46;31421
2021;Prefeitura Municipal de Candelária - RS;4304200;RS;DCA-Anexo I-C;Padrão;Receitas Brutas Realizadas;RO1.9.2.8.02.0.0;1.9.2.8.02.0.0 - Restituições - Específicas para Estados/DF/Municípios;255834,46;31421
2021;Prefeitura Municipal de Candelária - RS;4304200;RS;DCA-Anexo I-C;Padrão;Receitas Brutas Realizadas;RO1.9.2.8.02.9.0;1.9.2.8.02.9.0 - Outras Restituições - Específicas para Estados/DF/Municípios - Não Especificadas Anteriormente;255834,46;31421
2021;Prefeitura Municipal de Candelária - RS;4304200;RS;DCA-Anexo I-C;Padrão;Receitas Brutas Realizadas;RO1.9.9.0.00.0.0;1.9.9.0.00.0.0 - Demais Receitas Correntes;606143,62;31421
2021;Prefeitura Municipal de Candelária - RS;4304200;RS;DCA-Anexo I-C;Padrão;Receitas Brutas Realizadas;RO1.9.9.0.03.0.0;1.9.9.0.03.0.0 - Compensações Financeiras entre o Regime Geral e os Regimes Próprios de Previdência dos Servidores;580023,26;31421
2021;Prefeitura Municipal de Candelária - RS;4304200;RS;DCA-Anexo I-C;Padrão;Receitas Brutas Realizadas;RO1.9.9.0.99.0.0;1.9.9.0.99.0.0 - Outras Receitas;26120,36;31421
2021;Prefeitura Municipal de Candelária - RS;4304200;RS;DCA-Anexo I-C;Padrão;Receitas Brutas Realizadas;RO1.9.9.0.99.1.0;1.9.9.0.99.1.0 - Outras Receitas - Primárias;26120,36;31421
2021;Prefeitura Municipal de Candelária - RS;4304200;RS;DCA-Anexo I-C;Padrão;Receitas Brutas Realizadas;RO2.0.0.0.00.0.0;2.0.0.0.00.0.0 - Receitas de Capital;4435801,40;31421
2021;Prefeitura Municipal de Candelária - RS;4304200;RS;DCA-Anexo I-C;Padrão;Receitas Brutas Realizadas;RO2.1.0.0.00.0.0;2.1.0.0.00.0.0 - Operações de Crédito;3631241,02;31421
2021;Prefeitura Municipal de Candelária - RS;4304200;RS;DCA-Anexo I-C;Padrão;Receitas Brutas Realizadas;RO2.1.1.0.00.0.0;2.1.1.0.00.0.0 - Operações de Crédito - Mercado Interno;3631241,02;31421
2021;Prefeitura Municipal de Candelária - RS;4304200;RS;DCA-Anexo I-C;Padrão;Receitas Brutas Realizadas;RO2.1.1.9.00.0.0;2.1.1.9.00.0.0 - Outras Operações de Crédito - Mercado Interno;3631241,02;31421
2021;Prefeitura Municipal de Candelária - RS;4304200;RS;DCA-Anexo I-C;Padrão;Receitas Brutas Realizadas;RO2.2.0.0.00.0.0;2.2.0.0.00.0.0 - Alienação de Bens;488400,00;31421
2021;Prefeitura Municipal de Candelária - RS;4304200;RS;DCA-Anexo I-C;Padrão;Receitas Brutas Realizadas;RO2.2.1.0.00.0.0;2.2.1.0.00.0.0 - Alienação de Bens Móveis;488400,00;31421
2021;Prefeitura Municipal de Candelária - RS;4304200;RS;DCA-Anexo I-C;Padrão;Receitas Brutas Realizadas;RO2.2.1.3.00.0.0;2.2.1.3.00.0.0 - Alienação de Bens Móveis e Semoventes;488400,00;31421
2021;Prefeitura Municipal de Candelária - RS;4304200;RS;DCA-Anexo I-C;Padrão;Receitas Brutas Realizadas;RO2.4.0.0.00.0.0;2.4.0.0.00.0.0 - Transferências de Capital;316160,38;31421
2021;Prefeitura Municipal de Candelária - RS;4304200;RS;DCA-Anexo I-C;Padrão;Receitas Brutas Realizadas;RO2.4.1.0.00.0.0;2.4.1.0.00.0.0 - Transferências da União e de suas Entidades;246160,38;31421
2021;Prefeitura Municipal de Candelária - RS;4304200;RS;DCA-Anexo I-C;Padrão;Receitas Brutas Realizadas;RO2.4.1.8.00.0.0;2.4.1.8.00.0.0 - Transferências da União - Específicas de Estados, DF e Municípios;246160,38;31421
2021;Prefeitura Municipal de Candelária - RS;4304200;RS;DCA-Anexo I-C;Padrão;Receitas Brutas Realizadas;RO2.4.1.8.10.0.0;2.4.1.8.10.0.0 - Transferência de Convênios da União e de suas Entidades;246160,38;31421
2021;Prefeitura Municipal de Candelária - RS;4304200;RS;DCA-Anexo I-C;Padrão;Receitas Brutas Realizadas;RO2.4.1.8.10.7.0;2.4.1.8.10.7.0 - Transferências de Convênios da União destinadas a Programas de Infraestrutura em Transporte;44571,43;31421
2021;Prefeitura Municipal de Candelária - RS;4304200;RS;DCA-Anexo I-C;Padrão;Receitas Brutas Realizadas;RO2.4.1.8.10.9.0;2.4.1.8.10.9.0 - Outras Transferências de Convênios da União;201588,95;31421
2021;Prefeitura Municipal de Candelária - RS;4304200;RS;DCA-Anexo I-C;Padrão;Receitas Brutas Realizadas;RO2.4.2.0.00.0.0;2.4.2.0.00.0.0 - Transferências dos Estados e do Distrito Federal e de suas Entidades;70000,00;31421
2021;Prefeitura Municipal de Candelária - RS;4304200;RS;DCA-Anexo I-C;Padrão;Receitas Brutas Realizadas;RO2.4.2.8.00.0.0;2.4.2.8.00.0.0 - Transferências dos Estados, Distrito Federal, e de suas Entidades;70000,00;31421
2021;Prefeitura Municipal de Candelária - RS;4304200;RS;DCA-Anexo I-C;Padrão;Receitas Brutas Realizadas;RO2.4.2.8.10.0.0;2.4.2.8.10.0.0 - Transferências de Convênios dos Estados e do Distrito Federal e de suas Entidades;70000,00;31421
2021;Prefeitura Municipal de Candelária - RS;4304200;RS;DCA-Anexo I-C;Padrão;Receitas Brutas Realizadas;RO2.4.2.8.10.9.0;2.4.2.8.10.9.0 - Outras Transferências de Convênio dos Estados;70000,00;31421
2021;Prefeitura Municipal de Candelária - RS;4304200;RS;DCA-Anexo I-C;Padrão;Receitas Brutas Realizadas;ReceitasIntraOrcamentarias;RECEITAS (INTRA-ORÇAMENTÁRIAS) (II);8276799,72;31421
2021;Prefeitura Municipal de Candelária - RS;4304200;RS;DCA-Anexo I-C;Padrão;Receitas Brutas Realizadas;RI7.0.0.0.00.0.0;7.0.0.0.00.0.0 - Receitas Correntes;8276799,72;31421
2021;Prefeitura Municipal de Candelária - RS;4304200;RS;DCA-Anexo I-C;Padrão;Receitas Brutas Realizadas;RI7.2.0.0.00.0.0;7.2.0.0.00.0.0 - Contribuições;8276799,72;31421
2021;Prefeitura Municipal de Candelária - RS;4304200;RS;DCA-Anexo I-C;Padrão;Receitas Brutas Realizadas;RI7.2.1.0.00.0.0;7.2.1.0.00.0.0 - Contribuições Sociais;8276799,72;31421
2021;Prefeitura Municipal de Candelária - RS;4304200;RS;DCA-Anexo I-C;Padrão;Receitas Brutas Realizadas;RI7.2.1.8.00.0.0;7.2.1.8.00.0.0 - Contribuições Sociais Específicas de Estados, DF e   Municípios;8276799,72;31421
2021;Prefeitura Municipal de Candelária - RS;4304200;RS;DCA-Anexo I-C;Padrão;Receitas Brutas Realizadas;RI7.2.1.8.03.0.0;7.2.1.8.03.0.0 - CPSSS Patronal - Servidor Civil - Específico de EST/DF/MUN;7482585,43;31421
2021;Prefeitura Municipal de Candelária - RS;4304200;RS;DCA-Anexo I-C;Padrão;Receitas Brutas Realizadas;RI7.2.1.8.03.1.0;7.2.1.8.03.1.0 - CPSSS Patronal - Servidor Civil Ativo;7466673,95;31421
2021;Prefeitura Municipal de Candelária - RS;4304200;RS;DCA-Anexo I-C;Padrão;Receitas Brutas Realizadas;RI7.2.1.8.03.2.0;7.2.1.8.03.2.0 - CPSSS Patronal - Servidor Civil Inativo;6608,22;31421
2021;Prefeitura Municipal de Candelária - RS;4304200;RS;DCA-Anexo I-C;Padrão;Receitas Brutas Realizadas;RI7.2.1.8.03.4.0;7.2.1.8.03.4.0 - CPSSS Patronal - Oriunda de Sentenças Judiciais - Servidor Civil Ativo;9303,26;31421
2021;Prefeitura Municipal de Candelária - RS;4304200;RS;DCA-Anexo I-C;Padrão;Receitas Brutas Realizadas;RI7.2.1.8.04.0.0;7.2.1.8.04.0.0 - CPSSS Patronal - Parcelamentos - Específico de EST/DF/MUN;794214,29;31421
2021;Prefeitura Municipal de Candelária - RS;4304200;RS;DCA-Anexo I-C;Padrão;Receitas Brutas Realizadas;RI7.2.1.8.04.1.0;7.2.1.8.04.1.0 - CPSSS Patronal - Parcelamentos - Servidor Civil Ativo;794214,29;31421
2021;Prefeitura Municipal de Candelária - RS;4304200;RS;DCA-Anexo I-C;Padrão;Receitas Brutas Realizadas;TotalReceitas;TOTAL DAS RECEITAS (III) = (I + II);133259862,85;31421
2021;Prefeitura Municipal de Candelária - RS;4304200;RS;DCA-Anexo I-C;Padrão;Deduções - FUNDEB;TotalReceitas;TOTAL DAS RECEITAS (III) = (I + II);11726528,10;31421
2021;Prefeitura Municipal de Candelária - RS;4304200;RS;DCA-Anexo I-C;Padrão;Outras Deduções da Receita;TotalReceitas;TOTAL DAS RECEITAS (III) = (I + II);4148029,58;31421
2022;Prefeitura Municipal de Candelária - RS;4304200;RS;DCA-Anexo I-C;Padrão;Receitas Brutas Realizadas;ReceitasExcetoIntraOrcamentarias;RECEITAS (EXCETO INTRA-ORÇAMENTÁRIAS) (I);143306789,40;31475
2022;Prefeitura Municipal de Candelária - RS;4304200;RS;DCA-Anexo I-C;Padrão;Deduções - FUNDEB;ReceitasExcetoIntraOrcamentarias;RECEITAS (EXCETO INTRA-ORÇAMENTÁRIAS) (I);12580813,32;31475
2022;Prefeitura Municipal de Candelária - RS;4304200;RS;DCA-Anexo I-C;Padrão;Outras Deduções da Receita;ReceitasExcetoIntraOrcamentarias;RECEITAS (EXCETO INTRA-ORÇAMENTÁRIAS) (I);2714450,27;31475
2022;Prefeitura Municipal de Candelária - RS;4304200;RS;DCA-Anexo I-C;Padrão;Receitas Brutas Realizadas;RO1.0.0.0.00.0.0;1.0.0.0.00.0.0 - Receitas Correntes;139821951,06;31475
2022;Prefeitura Municipal de Candelária - RS;4304200;RS;DCA-Anexo I-C;Padrão;Deduções - FUNDEB;RO1.0.0.0.00.0.0;1.0.0.0.00.0.0 - Receitas Correntes;12580813,32;31475
2022;Prefeitura Municipal de Candelária - RS;4304200;RS;DCA-Anexo I-C;Padrão;Outras Deduções da Receita;RO1.0.0.0.00.0.0;1.0.0.0.00.0.0 - Receitas Correntes;2714450,27;31475
2022;Prefeitura Municipal de Candelária - RS;4304200;RS;DCA-Anexo I-C;Padrão;Receitas Brutas Realizadas;RO1.1.0.0.00.0.0;1.1.0.0.00.0.0 - Impostos, Taxas e Contribuições de Melhoria;15095451,82;31475
2022;Prefeitura Municipal de Candelária - RS;4304200;RS;DCA-Anexo I-C;Padrão;Outras Deduções da Receita;RO1.1.0.0.00.0.0;1.1.0.0.00.0.0 - Impostos, Taxas e Contribuições de Melhoria;355993,48;31475
2022;Prefeitura Municipal de Candelária - RS;4304200;RS;DCA-Anexo I-C;Padrão;Receitas Brutas Realizadas;RO1.1.1.0.00.0.0;1.1.1.0.00.0.0 - Impostos;11943433,38;31475
2022;Prefeitura Municipal de Candelária - RS;4304200;RS;DCA-Anexo I-C;Padrão;Outras Deduções da Receita;RO1.1.1.0.00.0.0;1.1.1.0.00.0.0 - Impostos;322885,99;31475
2022;Prefeitura Municipal de Candelária - RS;4304200;RS;DCA-Anexo I-C;Padrão;Receitas Brutas Realizadas;RO1.1.1.2.00.0.0;1.1.1.2.00.0.0 - Impostos sobre o Patrimônio;4353771,39;31475
2022;Prefeitura Municipal de Candelária - RS;4304200;RS;DCA-Anexo I-C;Padrão;Outras Deduções da Receita;RO1.1.1.2.00.0.0;1.1.1.2.00.0.0 - Impostos sobre o Patrimônio;134538,72;31475
2022;Prefeitura Municipal de Candelária - RS;4304200;RS;DCA-Anexo I-C;Padrão;Receitas Brutas Realizadas;RO1.1.1.2.50.0.0;1.1.1.2.50.0.0 - Imposto sobre a Propriedade Predial e Territorial Urbana;2733361,90;31475
2022;Prefeitura Municipal de Candelária - RS;4304200;RS;DCA-Anexo I-C;Padrão;Outras Deduções da Receita;RO1.1.1.2.50.0.0;1.1.1.2.50.0.0 - Imposto sobre a Propriedade Predial e Territorial Urbana;134538,72;31475
2022;Prefeitura Municipal de Candelária - RS;4304200;RS;DCA-Anexo I-C;Padrão;Receitas Brutas Realizadas;RO1.1.1.2.53.0.0;"1.1.1.2.53.0.0 - Impostos sobre Transmissão ""Inter Vivos"" de Bens Imóveis e de Direitos Reais sobre Imóveis";1620409,49;31475
2022;Prefeitura Municipal de Candelária - RS;4304200;RS;DCA-Anexo I-C;Padrão;Receitas Brutas Realizadas;RO1.1.1.3.00.0.0;1.1.1.3.00.0.0 - Impostos sobre a Renda e Proventos de Qualquer Natureza;4295442,32;31475
2022;Prefeitura Municipal de Candelária - RS;4304200;RS;DCA-Anexo I-C;Padrão;Receitas Brutas Realizadas;RO1.1.1.3.03.0.0;1.1.1.3.03.0.0 - Imposto sobre a Renda - Retido na Fonte;4295442,32;31475
2022;Prefeitura Municipal de Candelária - RS;4304200;RS;DCA-Anexo I-C;Padrão;Receitas Brutas Realizadas;RO1.1.1.3.03.1.0;1.1.1.3.03.1.0 - Imposto sobre a Renda - Retido na Fonte - Trabalho;4222474,83;31475
2022;Prefeitura Municipal de Candelária - RS;4304200;RS;DCA-Anexo I-C;Padrão;Receitas Brutas Realizadas;RO1.1.1.3.03.4.0;1.1.1.3.03.4.0 - Imposto sobre a Renda - Retido na Fonte - Outros Rendimentos;72967,49;31475
2022;Prefeitura Municipal de Candelária - RS;4304200;RS;DCA-Anexo I-C;Padrão;Receitas Brutas Realizadas;RO1.1.1.4.00.0.0;1.1.1.4.00.0.0 - Impostos sobre a Produção e Circulação de Mercadorias e Serviços;3294219,67;31475
2022;Prefeitura Municipal de Candelária - RS;4304200;RS;DCA-Anexo I-C;Padrão;Outras Deduções da Receita;RO1.1.1.4.00.0.0;1.1.1.4.00.0.0 - Impostos sobre a Produção e Circulação de Mercadorias e Serviços;188347,27;31475
2022;Prefeitura Municipal de Candelária - RS;4304200;RS;DCA-Anexo I-C;Padrão;Receitas Brutas Realizadas;RO1.1.1.4.51.0.0;1.1.1.4.51.0.0 - Impostos sobre Serviços;3294219,67;31475
2022;Prefeitura Municipal de Candelária - RS;4304200;RS;DCA-Anexo I-C;Padrão;Outras Deduções da Receita;RO1.1.1.4.51.0.0;1.1.1.4.51.0.0 - Impostos sobre Serviços;188347,27;31475
2022;Prefeitura Municipal de Candelária - RS;4304200;RS;DCA-Anexo I-C;Padrão;Receitas Brutas Realizadas;RO1.1.1.4.51.1.0;1.1.1.4.51.1.0 - Imposto sobre Serviços de Qualquer Natureza - ISSQN;3294219,67;31475
2022;Prefeitura Municipal de Candelária - RS;4304200;RS;DCA-Anexo I-C;Padrão;Outras Deduções da Receita;RO1.1.1.4.51.1.0;1.1.1.4.51.1.0 - Imposto sobre Serviços de Qualquer Natureza - ISSQN;188347,27;31475
2022;Prefeitura Municipal de Candelária - RS;4304200;RS;DCA-Anexo I-C;Padrão;Receitas Brutas Realizadas;RO1.1.2.0.00.0.0;1.1.2.0.00.0.0 - Taxas;1340824,36;31475
2022;Prefeitura Municipal de Candelária - RS;4304200;RS;DCA-Anexo I-C;Padrão;Outras Deduções da Receita;RO1.1.2.0.00.0.0;1.1.2.0.00.0.0 - Taxas;33107,49;31475
2022;Prefeitura Municipal de Candelária - RS;4304200;RS;DCA-Anexo I-C;Padrão;Receitas Brutas Realizadas;RO1.1.2.1.00.0.0;1.1.2.1.00.0.0 - Taxas pelo Exercício do Poder de Polícia;584059,96;31475
2022;Prefeitura Municipal de Candelária - RS;4304200;RS;DCA-Anexo I-C;Padrão;Outras Deduções da Receita;RO1.1.2.1.00.0.0;1.1.2.1.00.0.0 - Taxas pelo Exercício do Poder de Polícia;349,85;31475
2022;Prefeitura Municipal de Candelária - RS;4304200;RS;DCA-Anexo I-C;Padrão;Receitas Brutas Realizadas;RO1.1.2.1.01.0.0;1.1.2.1.01.0.0 - Taxas de Inspeção, Controle e Fiscalização;523925,61;31475
2022;Prefeitura Municipal de Candelária - RS;4304200;RS;DCA-Anexo I-C;Padrão;Outras Deduções da Receita;RO1.1.2.1.01.0.0;1.1.2.1.01.0.0 - Taxas de Inspeção, Controle e Fiscalização;349,85;31475
2022;Prefeitura Municipal de Candelária - RS;4304200;RS;DCA-Anexo I-C;Padrão;Receitas Brutas Realizadas;RO1.1.2.1.04.0.0;1.1.2.1.04.0.0 - Taxa de Controle e Fiscalização Ambiental;60134,35;31475
2022;Prefeitura Municipal de Candelária - RS;4304200;RS;DCA-Anexo I-C;Padrão;Receitas Brutas Realizadas;RO1.1.2.2.00.0.0;1.1.2.2.00.0.0 - Taxas pela Prestação de Serviços;756764,40;31475
2022;Prefeitura Municipal de Candelária - RS;4304200;RS;DCA-Anexo I-C;Padrão;Outras Deduções da Receita;RO1.1.2.2.00.0.0;1.1.2.2.00.0.0 - Taxas pela Prestação de Serviços;32757,64;31475
2022;Prefeitura Municipal de Candelária - RS;4304200;RS;DCA-Anexo I-C;Padrão;Receitas Brutas Realizadas;RO1.1.2.2.01.0.0;1.1.2.2.01.0.0 - Taxas pela Prestação de Serviços;756764,40;31475
2022;Prefeitura Municipal de Candelária - RS;4304200;RS;DCA-Anexo I-C;Padrão;Outras Deduções da Receita;RO1.1.2.2.01.0.0;1.1.2.2.01.0.0 - Taxas pela Prestação de Serviços;32757,64;31475
2022;Prefeitura Municipal de Candelária - RS;4304200;RS;DCA-Anexo I-C;Padrão;Receitas Brutas Realizadas;RO1.1.3.0.00.0.0;1.1.3.0.00.0.0 - Contribuição de Melhoria;1811194,08;31475
2022;Prefeitura Municipal de Candelária - RS;4304200;RS;DCA-Anexo I-C;Padrão;Receitas Brutas Realizadas;RO1.1.3.1.00.0.0;1.1.3.1.00.0.0 - Contribuição de Melhoria;1811194,08;31475
2022;Prefeitura Municipal de Candelária - RS;4304200;RS;DCA-Anexo I-C;Padrão;Receitas Brutas Realizadas;RO1.1.3.1.51.0.0;1.1.3.1.51.0.0 - Contribuição de Melhoria para Expansão da Rede de Iluminação Pública na Cidade;1780546,29;31475
2022;Prefeitura Municipal de Candelária - RS;4304200;RS;DCA-Anexo I-C;Padrão;Receitas Brutas Realizadas;RO1.1.3.1.53.0.0;1.1.3.1.53.0.0 - Contribuição de Melhoria para Pavimentação e Obras Complementares;30647,79;31475
2022;Prefeitura Municipal de Candelária - RS;4304200;RS;DCA-Anexo I-C;Padrão;Receitas Brutas Realizadas;RO1.2.0.0.00.0.0;1.2.0.0.00.0.0 - Contribuições;3548827,87;31475
2022;Prefeitura Municipal de Candelária - RS;4304200;RS;DCA-Anexo I-C;Padrão;Receitas Brutas Realizadas;RO1.2.1.0.00.0.0;1.2.1.0.00.0.0 - Contribuições Sociais;3548827,87;31475
2022;Prefeitura Municipal de Candelária - RS;4304200;RS;DCA-Anexo I-C;Padrão;Receitas Brutas Realizadas;RO1.2.1.5.00.0.0;1.2.1.5.00.0.0 - Contribuições para Regimes Próprios de Previdência e Sistema de Proteção Social;3548827,87;31475
2022;Prefeitura Municipal de Candelária - RS;4304200;RS;DCA-Anexo I-C;Padrão;Receitas Brutas Realizadas;RO1.2.1.5.01.0.0;1.2.1.5.01.0.0 - Contribuição do Servidor Civil;3548827,87;31475
2022;Prefeitura Municipal de Candelária - RS;4304200;RS;DCA-Anexo I-C;Padrão;Receitas Brutas Realizadas;RO1.2.1.5.01.1.0;1.2.1.5.01.1.0 - Contribuição do Servidor Civil Ativo;3297170,26;31475
2022;Prefeitura Municipal de Candelária - RS;4304200;RS;DCA-Anexo I-C;Padrão;Receitas Brutas Realizadas;RO1.2.1.5.01.2.0;1.2.1.5.01.2.0 - Contribuição do Servidor Civil Inativo;16651,27;31475
2022;Prefeitura Municipal de Candelária - RS;4304200;RS;DCA-Anexo I-C;Padrão;Receitas Brutas Realizadas;RO1.2.1.5.01.4.0;1.2.1.5.01.4.0 - Contribuição Oriunda de Sentenças Judiciais - Servidor Civil Ativo;235006,34;31475
2022;Prefeitura Municipal de Candelária - RS;4304200;RS;DCA-Anexo I-C;Padrão;Receitas Brutas Realizadas;RO1.3.0.0.00.0.0;1.3.0.0.00.0.0 - Receita Patrimonial;13096830,09;31475
2022;Prefeitura Municipal de Candelária - RS;4304200;RS;DCA-Anexo I-C;Padrão;Outras Deduções da Receita;RO1.3.0.0.00.0.0;1.3.0.0.00.0.0 - Receita Patrimonial;2358007,71;31475
2022;Prefeitura Municipal de Candelária - RS;4304200;RS;DCA-Anexo I-C;Padrão;Receitas Brutas Realizadas;RO1.3.1.0.00.0.0;1.3.1.0.00.0.0 - Exploração do Patrimônio Imobiliário do Estado;89778,89;31475
2022;Prefeitura Municipal de Candelária - RS;4304200;RS;DCA-Anexo I-C;Padrão;Receitas Brutas Realizadas;RO1.3.1.1.00.0.0;1.3.1.1.00.0.0 - Exploração do Patrimônio Imobiliário do Estado;89778,89;31475
2022;Prefeitura Municipal de Candelária - RS;4304200;RS;DCA-Anexo I-C;Padrão;Receitas Brutas Realizadas;RO1.3.1.1.01.0.0;1.3.1.1.01.0.0 - Aluguéis, Arrendamentos, Foros, Laudêmios, Tarifas de Ocupação;89778,89;31475
2022;Prefeitura Municipal de Candelária - RS;4304200;RS;DCA-Anexo I-C;Padrão;Receitas Brutas Realizadas;RO1.3.1.1.01.1.0;1.3.1.1.01.1.0 - Aluguéis e Arrendamentos;89778,89;31475
2022;Prefeitura Municipal de Candelária - RS;4304200;RS;DCA-Anexo I-C;Padrão;Receitas Brutas Realizadas;RO1.3.2.0.00.0.0;1.3.2.0.00.0.0 - Valores Mobiliários;13007051,20;31475
2022;Prefeitura Municipal de Candelária - RS;4304200;RS;DCA-Anexo I-C;Padrão;Outras Deduções da Receita;RO1.3.2.0.00.0.0;1.3.2.0.00.0.0 - Valores Mobiliários;2358007,71;31475
2022;Prefeitura Municipal de Candelária - RS;4304200;RS;DCA-Anexo I-C;Padrão;Receitas Brutas Realizadas;RO1.3.2.1.00.0.0;1.3.2.1.00.0.0 - Juros e Correções Monetárias;13007051,20;31475
2022;Prefeitura Municipal de Candelária - RS;4304200;RS;DCA-Anexo I-C;Padrão;Outras Deduções da Receita;RO1.3.2.1.00.0.0;1.3.2.1.00.0.0 - Juros e Correções Monetárias;2358007,71;31475
2022;Prefeitura Municipal de Candelária - RS;4304200;RS;DCA-Anexo I-C;Padrão;Receitas Brutas Realizadas;RO1.3.2.1.01.0.0;1.3.2.1.01.0.0 - Remuneração de Depósitos Bancários;2538146,47;31475
2022;Prefeitura Municipal de Candelária - RS;4304200;RS;DCA-Anexo I-C;Padrão;Receitas Brutas Realizadas;RO1.3.2.1.04.0.0;1.3.2.1.04.0.0 - Remuneração dos Recursos do Regime Próprio de Previdência Social - RPPS;10468904,73;31475
2022;Prefeitura Municipal de Candelária - RS;4304200;RS;DCA-Anexo I-C;Padrão;Outras Deduções da Receita;RO1.3.2.1.04.0.0;1.3.2.1.04.0.0 - Remuneração dos Recursos do Regime Próprio de Previdência Social - RPPS;2358007,71;31475
2022;Prefeitura Municipal de Candelária - RS;4304200;RS;DCA-Anexo I-C;Padrão;Receitas Brutas Realizadas;RO1.6.0.0.00.0.0;1.6.0.0.00.0.0 - Receita de Serviços;175334,75;31475
2022;Prefeitura Municipal de Candelária - RS;4304200;RS;DCA-Anexo I-C;Padrão;Receitas Brutas Realizadas;RO1.6.1.0.00.0.0;1.6.1.0.00.0.0 - Serviços Administrativos e Comerciais Gerais;175334,75;31475
2022;Prefeitura Municipal de Candelária - RS;4304200;RS;DCA-Anexo I-C;Padrão;Receitas Brutas Realizadas;RO1.6.1.1.00.0.0;1.6.1.1.00.0.0 - Serviços Administrativos e Comerciais Gerais;175334,75;31475
2022;Prefeitura Municipal de Candelária - RS;4304200;RS;DCA-Anexo I-C;Padrão;Receitas Brutas Realizadas;RO1.6.1.1.01.0.0;1.6.1.1.01.0.0 - Serviços Administrativos e Comerciais Gerais;156735,77;31475
2022;Prefeitura Municipal de Candelária - RS;4304200;RS;DCA-Anexo I-C;Padrão;Receitas Brutas Realizadas;RO1.6.1.1.02.0.0;1.6.1.1.02.0.0 - Inscrição em Concursos e Processos Seletivos;18598,98;31475
2022;Prefeitura Municipal de Candelária - RS;4304200;RS;DCA-Anexo I-C;Padrão;Receitas Brutas Realizadas;RO1.7.0.0.00.0.0;1.7.0.0.00.0.0 - Transferências Correntes;106190093,62;31475
2022;Prefeitura Municipal de Candelária - RS;4304200;RS;DCA-Anexo I-C;Padrão;Deduções - FUNDEB;RO1.7.0.0.00.0.0;1.7.0.0.00.0.0 - Transferências Correntes;12580813,32;31475
2022;Prefeitura Municipal de Candelária - RS;4304200;RS;DCA-Anexo I-C;Padrão;Outras Deduções da Receita;RO1.7.0.0.00.0.0;1.7.0.0.00.0.0 - Transferências Correntes;449,08;31475
2022;Prefeitura Municipal de Candelária - RS;4304200;RS;DCA-Anexo I-C;Padrão;Receitas Brutas Realizadas;RO1.7.1.0.00.0.0;1.7.1.0.00.0.0 - Transferências da União e de suas Entidades;51473463,47;31475
2022;Prefeitura Municipal de Candelária - RS;4304200;RS;DCA-Anexo I-C;Padrão;Deduções - FUNDEB;RO1.7.1.0.00.0.0;1.7.1.0.00.0.0 - Transferências da União e de suas Entidades;6874145,78;31475
2022;Prefeitura Municipal de Candelária - RS;4304200;RS;DCA-Anexo I-C;Padrão;Receitas Brutas Realizadas;RO1.7.1.1.00.0.0;1.7.1.1.00.0.0 - Transferências Decorrentes de Participação na Receita da União;37538399,32;31475
2022;Prefeitura Municipal de Candelária - RS;4304200;RS;DCA-Anexo I-C;Padrão;Deduções - FUNDEB;RO1.7.1.1.00.0.0;1.7.1.1.00.0.0 - Transferências Decorrentes de Participação na Receita da União;6874145,78;31475
2022;Prefeitura Municipal de Candelária - RS;4304200;RS;DCA-Anexo I-C;Padrão;Receitas Brutas Realizadas;RO1.7.1.1.51.0.0;1.7.1.1.51.0.0 -Cota-Parte do Fundo de Participação dos Municípios - FPM;37430381,07;31475
2022;Prefeitura Municipal de Candelária - RS;4304200;RS;DCA-Anexo I-C;Padrão;Deduções - FUNDEB;RO1.7.1.1.51.0.0;1.7.1.1.51.0.0 -Cota-Parte do Fundo de Participação dos Municípios - FPM;6852542,27;31475
2022;Prefeitura Municipal de Candelária - RS;4304200;RS;DCA-Anexo I-C;Padrão;Receitas Brutas Realizadas;RO1.7.1.1.51.1.0;1.7.1.1.51.1.0 - Cota-Parte do Fundo de Participação dos Municípios - Cota Mensal;34517405,11;31475
2022;Prefeitura Municipal de Candelária - RS;4304200;RS;DCA-Anexo I-C;Padrão;Deduções - FUNDEB;RO1.7.1.1.51.1.0;1.7.1.1.51.1.0 - Cota-Parte do Fundo de Participação dos Municípios - Cota Mensal;6852542,27;31475
2022;Prefeitura Municipal de Candelária - RS;4304200;RS;DCA-Anexo I-C;Padrão;Receitas Brutas Realizadas;RO1.7.1.1.51.2.0;1.7.1.1.51.2.0 - Cota-Parte do Fundo de Participação do Municípios ¿ 1% Cota entregue no mês de dezembro;1503373,26;31475
2022;Prefeitura Municipal de Candelária - RS;4304200;RS;DCA-Anexo I-C;Padrão;Receitas Brutas Realizadas;RO1.7.1.1.51.3.0;1.7.1.1.51.3.0 - Cota-Parte do Fundo de Participação dos Municípios - 1% Cota entregue no mês de julho;1409602,70;31475
2022;Prefeitura Municipal de Candelária - RS;4304200;RS;DCA-Anexo I-C;Padrão;Receitas Brutas Realizadas;RO1.7.1.1.52.0.0;1.7.1.1.52.0.0 - Cota-Parte do Imposto Sobre a Propriedade Territorial Rural;108018,25;31475
2022;Prefeitura Municipal de Candelária - RS;4304200;RS;DCA-Anexo I-C;Padrão;Deduções - FUNDEB;RO1.7.1.1.52.0.0;1.7.1.1.52.0.0 - Cota-Parte do Imposto Sobre a Propriedade Territorial Rural;21603,51;31475
2022;Prefeitura Municipal de Candelária - RS;4304200;RS;DCA-Anexo I-C;Padrão;Receitas Brutas Realizadas;RO1.7.1.2.00.0.0;1.7.1.2.00.0.0 -Transferências das Compensações Financeiras pela Exploração de Recursos Naturais;837303,75;31475
2022;Prefeitura Municipal de Candelária - RS;4304200;RS;DCA-Anexo I-C;Padrão;Receitas Brutas Realizadas;RO1.7.1.2.51.0.0;1.7.1.2.51.0.0 -Cota-parte da Compensação Financeira pela Exploração de Recursos Minerais - CFEM;7882,21;31475
2022;Prefeitura Municipal de Candelária - RS;4304200;RS;DCA-Anexo I-C;Padrão;Receitas Brutas Realizadas;RO1.7.1.2.52.0.0;1.7.1.2.52.0.0 - Cota-parte da Compensação Financeira pela Produção de Petróleo;829421,54;31475
2022;Prefeitura Municipal de Candelária - RS;4304200;RS;DCA-Anexo I-C;Padrão;Receitas Brutas Realizadas;RO1.7.1.2.52.4.0;1.7.1.2.52.4.0 - Cota-Parte do Fundo Especial do Petróleo ¿ FEP;829421,54;31475
2022;Prefeitura Municipal de Candelária - RS;4304200;RS;DCA-Anexo I-C;Padrão;Receitas Brutas Realizadas;RO1.7.1.3.00.0.0;1.7.1.3.00.0.0 -Transferências de Recursos do Sistema Único de Saúde ¿ SUS ;10435443,38;31475
2022;Prefeitura Municipal de Candelária - RS;4304200;RS;DCA-Anexo I-C;Padrão;Receitas Brutas Realizadas;RO1.7.1.3.50.0.0;1.7.1.3.50.0.0 - Transferências de Recursos do Sistema Único de Saúde ¿ SUS ¿ Repasses Fundo a Fundo - Bloco de Manutenção das Ações e Serviços Públicos de Saúde;10435443,38;31475
2022;Prefeitura Municipal de Candelária - RS;4304200;RS;DCA-Anexo I-C;Padrão;Receitas Brutas Realizadas;RO1.7.1.3.50.1.0;1.7.1.3.50.1.0 - Transferências de Recursos do Bloco de Manutenção das Ações e Serviços Públicos de Saúde ¿ Atenção Primária;3002800,99;31475
2022;Prefeitura Municipal de Candelária - RS;4304200;RS;DCA-Anexo I-C;Padrão;Receitas Brutas Realizadas;RO1.7.1.3.50.2.0;1.7.1.3.50.2.0 - Transferências de Recursos do Bloco de Manutenção das Ações e Serviços Públicos de Saúde ¿ Atenção Especializada;7047141,09;31475
2022;Prefeitura Municipal de Candelária - RS;4304200;RS;DCA-Anexo I-C;Padrão;Receitas Brutas Realizadas;RO1.7.1.3.50.3.0;1.7.1.3.50.3.0 - Transferências de Recursos do Bloco de Manutenção das Ações e Serviços Públicos de Saúde ¿ Vigilância em Saúde;128052,06;31475
2022;Prefeitura Municipal de Candelária - RS;4304200;RS;DCA-Anexo I-C;Padrão;Receitas Brutas Realizadas;RO1.7.1.3.50.4.0;1.7.1.3.50.4.0 -Transferências de Recursos do Bloco de Manutenção das Ações e Serviços Públicos de Saúde ¿ Assistência Farmacêutica;244168,73;31475
2022;Prefeitura Municipal de Candelária - RS;4304200;RS;DCA-Anexo I-C;Padrão;Receitas Brutas Realizadas;RO1.7.1.3.50.5.0;1.7.1.3.50.5.0 - Transferências de Recursos do Bloco de Manutenção das Ações e Serviços Públicos de Saúde ¿ Gestão do SUS;13280,51;31475
2022;Prefeitura Municipal de Candelária - RS;4304200;RS;DCA-Anexo I-C;Padrão;Receitas Brutas Realizadas;RO1.7.1.4.00.0.0;1.7.1.4.00.0.0 -Transferências de Recursos do Fundo Nacional do Desenvolvimento da Educação ¿ FNDE¿ ;1771652,55;31475
2022;Prefeitura Municipal de Candelária - RS;4304200;RS;DCA-Anexo I-C;Padrão;Receitas Brutas Realizadas;RO1.7.1.4.50.0.0;1.7.1.4.50.0.0 - Transferências do Salário-Educação;1149593,25;31475
2022;Prefeitura Municipal de Candelária - RS;4304200;RS;DCA-Anexo I-C;Padrão;Receitas Brutas Realizadas;RO1.7.1.4.52.0.0;1.7.1.4.52.0.0 - Transferências referentes ao Programa Nacional de Alimentação Escolar ¿ PNAE;220008,00;31475
2022;Prefeitura Municipal de Candelária - RS;4304200;RS;DCA-Anexo I-C;Padrão;Receitas Brutas Realizadas;RO1.7.1.4.53.0.0;1.7.1.4.53.0.0 - Transferências referentes ao Programa Nacional de Apoio ao Transporte do Escolar ¿ PNATE;378562,74;31475
2022;Prefeitura Municipal de Candelária - RS;4304200;RS;DCA-Anexo I-C;Padrão;Receitas Brutas Realizadas;RO1.7.1.4.59.0.0;1.7.1.4.59.0.0 - Transferências referentes ao Programa de Apoio à Reestruturação da Rede Física Pública da Educação Básica  - REESTFÍSICA;23488,56;31475
2022;Prefeitura Municipal de Candelária - RS;4304200;RS;DCA-Anexo I-C;Padrão;Receitas Brutas Realizadas;RO1.7.1.6.00.0.0;1.7.1.6.00.0.0 - Transferências de Recursos do Fundo Nacional de Assistência Social ¿ FNAS;211518,68;31475
2022;Prefeitura Municipal de Candelária - RS;4304200;RS;DCA-Anexo I-C;Padrão;Receitas Brutas Realizadas;RO1.7.1.9.00.0.0;1.7.1.9.00.0.0 - Outras Transferências de Recursos da União e de suas Entidades;679145,79;31475
2022;Prefeitura Municipal de Candelária - RS;4304200;RS;DCA-Anexo I-C;Padrão;Receitas Brutas Realizadas;RO1.7.1.9.58.0.0;1.7.1.9.58.0.0 - Transferência Obrigatória Decorrente da Lei Complementar nº 176/2020;164982,12;31475
2022;Prefeitura Municipal de Candelária - RS;4304200;RS;DCA-Anexo I-C;Padrão;Receitas Brutas Realizadas;RO1.7.1.9.99.0.0;1.7.1.9.99.0.0 - Outras Transferências de Recursos da União e de suas Entidades;514163,67;31475
2022;Prefeitura Municipal de Candelária - RS;4304200;RS;DCA-Anexo I-C;Padrão;Receitas Brutas Realizadas;RO1.7.2.0.00.0.0;1.7.2.0.00.0.0 - Transferências dos Estados e do Distrito Federal e de suas Entidades;38510335,88;31475
2022;Prefeitura Municipal de Candelária - RS;4304200;RS;DCA-Anexo I-C;Padrão;Deduções - FUNDEB;RO1.7.2.0.00.0.0;1.7.2.0.00.0.0 - Transferências dos Estados e do Distrito Federal e de suas Entidades;5706667,54;31475
2022;Prefeitura Municipal de Candelária - RS;4304200;RS;DCA-Anexo I-C;Padrão;Outras Deduções da Receita;RO1.7.2.0.00.0.0;1.7.2.0.00.0.0 - Transferências dos Estados e do Distrito Federal e de suas Entidades;449,08;31475
2022;Prefeitura Municipal de Candelária - RS;4304200;RS;DCA-Anexo I-C;Padrão;Receitas Brutas Realizadas;RO1.7.2.1.00.0.0;1.7.2.1.00.0.0 - Participação na Receita dos Estados e Distrito Federal;28702361,88;31475
2022;Prefeitura Municipal de Candelária - RS;4304200;RS;DCA-Anexo I-C;Padrão;Deduções - FUNDEB;RO1.7.2.1.00.0.0;1.7.2.1.00.0.0 - Participação na Receita dos Estados e Distrito Federal;5706667,54;31475
2022;Prefeitura Municipal de Candelária - RS;4304200;RS;DCA-Anexo I-C;Padrão;Outras Deduções da Receita;RO1.7.2.1.00.0.0;1.7.2.1.00.0.0 - Participação na Receita dos Estados e Distrito Federal;449,08;31475
2022;Prefeitura Municipal de Candelária - RS;4304200;RS;DCA-Anexo I-C;Padrão;Receitas Brutas Realizadas;RO1.7.2.1.50.0.0;1.7.2.1.50.0.0 - Cota-Parte do ICMS;24182356,12;31475
2022;Prefeitura Municipal de Candelária - RS;4304200;RS;DCA-Anexo I-C;Padrão;Deduções - FUNDEB;RO1.7.2.1.50.0.0;1.7.2.1.50.0.0 - Cota-Parte do ICMS;4808052,30;31475
2022;Prefeitura Municipal de Candelária - RS;4304200;RS;DCA-Anexo I-C;Padrão;Outras Deduções da Receita;RO1.7.2.1.50.0.0;1.7.2.1.50.0.0 - Cota-Parte do ICMS;55,01;31475
2022;Prefeitura Municipal de Candelária - RS;4304200;RS;DCA-Anexo I-C;Padrão;Receitas Brutas Realizadas;RO1.7.2.1.51.0.0;1.7.2.1.51.0.0 - Cota-Parte do IPVA;4252687,50;31475
2022;Prefeitura Municipal de Candelária - RS;4304200;RS;DCA-Anexo I-C;Padrão;Deduções - FUNDEB;RO1.7.2.1.51.0.0;1.7.2.1.51.0.0 - Cota-Parte do IPVA;850537,56;31475
2022;Prefeitura Municipal de Candelária - RS;4304200;RS;DCA-Anexo I-C;Padrão;Outras Deduções da Receita;RO1.7.2.1.51.0.0;1.7.2.1.51.0.0 - Cota-Parte do IPVA;394,07;31475
2022;Prefeitura Municipal de Candelária - RS;4304200;RS;DCA-Anexo I-C;Padrão;Receitas Brutas Realizadas;RO1.7.2.1.52.0.0;1.7.2.1.52.0.0 - Cota-Parte do IPI - Municípios;240388,33;31475
2022;Prefeitura Municipal de Candelária - RS;4304200;RS;DCA-Anexo I-C;Padrão;Deduções - FUNDEB;RO1.7.2.1.52.0.0;1.7.2.1.52.0.0 - Cota-Parte do IPI - Municípios;48077,68;31475
2022;Prefeitura Municipal de Candelária - RS;4304200;RS;DCA-Anexo I-C;Padrão;Receitas Brutas Realizadas;RO1.7.2.1.53.0.0;1.7.2.1.53.0.0 - Cota-Parte da Contribuição de Intervenção no Domínio Econômico;26929,93;31475
2022;Prefeitura Municipal de Candelária - RS;4304200;RS;DCA-Anexo I-C;Padrão;Receitas Brutas Realizadas;RO1.7.2.3.00.0.0;1.7.2.3.00.0.0 - Transferências de Recursos do Sistema Único de Saúde ¿ SUS;6732841,16;31475
2022;Prefeitura Municipal de Candelária - RS;4304200;RS;DCA-Anexo I-C;Padrão;Receitas Brutas Realizadas;RO1.7.2.4.00.0.0;1.7.2.4.00.0.0 - Transferências de Convênios dos Estados e DF e de Suas Entidades;3028497,72;31475
2022;Prefeitura Municipal de Candelária - RS;4304200;RS;DCA-Anexo I-C;Padrão;Receitas Brutas Realizadas;RO1.7.2.4.51.0.0;1.7.2.4.51.0.0 -Transferências de Convênios dos Estados Destinadas a Programas de Educação;2903948,51;31475
2022;Prefeitura Municipal de Candelária - RS;4304200;RS;DCA-Anexo I-C;Padrão;Receitas Brutas Realizadas;RO1.7.2.4.99.0.0;1.7.2.4.99.0.0 - Outras Transferências de Convênios dos Estados e DF e de Suas Entidades;124549,21;31475
2022;Prefeitura Municipal de Candelária - RS;4304200;RS;DCA-Anexo I-C;Padrão;Receitas Brutas Realizadas;RO1.7.2.9.00.0.0;1.7.2.9.00.0.0 - Outras Transferências dos Estados e Distrito Federal;46635,12;31475
2022;Prefeitura Municipal de Candelária - RS;4304200;RS;DCA-Anexo I-C;Padrão;Receitas Brutas Realizadas;RO1.7.2.9.51.0.0;1.7.2.9.51.0.0 - Transferências de Estados destinadas à Assistência Social;20095,23;31475
2022;Prefeitura Municipal de Candelária - RS;4304200;RS;DCA-Anexo I-C;Padrão;Receitas Brutas Realizadas;RO1.7.2.9.99.0.0;1.7.2.9.99.0.0 - Outras Transferências dos Estados e DF;26539,89;31475
2022;Prefeitura Municipal de Candelária - RS;4304200;RS;DCA-Anexo I-C;Padrão;Receitas Brutas Realizadas;RO1.7.4.0.00.0.0;1.7.4.0.00.0.0 - Transferências de Instituições Privadas;66083,86;31475
2022;Prefeitura Municipal de Candelária - RS;4304200;RS;DCA-Anexo I-C;Padrão;Receitas Brutas Realizadas;RO1.7.4.1.00.0.0;1.7.4.1.00.0.0 - Transferências de Instituições Privadas;66083,86;31475
2022;Prefeitura Municipal de Candelária - RS;4304200;RS;DCA-Anexo I-C;Padrão;Receitas Brutas Realizadas;RO1.7.4.1.01.0.0;1.7.4.1.01.0.0 - Transferências de Instituições Privadas para Órgãos e Entidades da União;66083,86;31475
2022;Prefeitura Municipal de Candelária - RS;4304200;RS;DCA-Anexo I-C;Padrão;Receitas Brutas Realizadas;RO1.7.5.0.00.0.0;1.7.5.0.00.0.0 - Transferências de Outras Instituições Públicas;15919213,27;31475
2022;Prefeitura Municipal de Candelária - RS;4304200;RS;DCA-Anexo I-C;Padrão;Receitas Brutas Realizadas;RO1.7.5.1.00.0.0;1.7.5.1.00.0.0 - Transferências de Recursos do Fundo de Manutenção e Desenvolvimento da Educação Básica e de Valorização dos Profissionais da Educação - FUNDEB;15919213,27;31475
2022;Prefeitura Municipal de Candelária - RS;4304200;RS;DCA-Anexo I-C;Padrão;Receitas Brutas Realizadas;RO1.7.9.0.00.0.0;1.7.9.0.00.0.0 - Demais Transferências Correntes;220997,14;31475
2022;Prefeitura Municipal de Candelária - RS;4304200;RS;DCA-Anexo I-C;Padrão;Receitas Brutas Realizadas;RO1.7.9.2.00.0.0;1.7.9.2.00.0.0 - Transferências Provenientes de Depósitos Não Identificados;220997,14;31475
2022;Prefeitura Municipal de Candelária - RS;4304200;RS;DCA-Anexo I-C;Padrão;Receitas Brutas Realizadas;RO1.9.0.0.00.0.0;1.9.0.0.00.0.0 - Outras Receitas Correntes;1715412,91;31475
2022;Prefeitura Municipal de Candelária - RS;4304200;RS;DCA-Anexo I-C;Padrão;Receitas Brutas Realizadas;RO1.9.1.0.00.0.0;1.9.1.0.00.0.0 - Multas Administrativas, Contratuais e Judiciais;54159,27;31475
2022;Prefeitura Municipal de Candelária - RS;4304200;RS;DCA-Anexo I-C;Padrão;Receitas Brutas Realizadas;RO1.9.1.1.00.0.0;1.9.1.1.00.0.0 - Multas Administrativas, Contratuais e Judiciais;54159,27;31475
2022;Prefeitura Municipal de Candelária - RS;4304200;RS;DCA-Anexo I-C;Padrão;Receitas Brutas Realizadas;RO1.9.1.1.01.0.0;1.9.1.1.01.0.0 - Multas Previstas em Legislação Específica;27819,27;31475
2022;Prefeitura Municipal de Candelária - RS;4304200;RS;DCA-Anexo I-C;Padrão;Receitas Brutas Realizadas;RO1.9.1.1.06.0.0;1.9.1.1.06.0.0 - Multas por Danos Ambientais;26340,00;31475
2022;Prefeitura Municipal de Candelária - RS;4304200;RS;DCA-Anexo I-C;Padrão;Receitas Brutas Realizadas;RO1.9.1.1.06.1.0;1.9.1.1.06.1.0 - Multas Administrativas por Danos Ambientais;26340,00;31475
2022;Prefeitura Municipal de Candelária - RS;4304200;RS;DCA-Anexo I-C;Padrão;Receitas Brutas Realizadas;RO1.9.2.0.00.0.0;1.9.2.0.00.0.0 - Indenizações, Restituições e Ressarcimentos;1163231,56;31475
2022;Prefeitura Municipal de Candelária - RS;4304200;RS;DCA-Anexo I-C;Padrão;Receitas Brutas Realizadas;RO1.9.2.1.00.0.0;1.9.2.1.00.0.0 - Indenizações;9779,89;31475
2022;Prefeitura Municipal de Candelária - RS;4304200;RS;DCA-Anexo I-C;Padrão;Receitas Brutas Realizadas;RO1.9.2.1.99.0.0;1.9.2.1.99.0.0 - Outras Indenizações;9779,89;31475
2022;Prefeitura Municipal de Candelária - RS;4304200;RS;DCA-Anexo I-C;Padrão;Receitas Brutas Realizadas;RO1.9.2.2.00.0.0;1.9.2.2.00.0.0 - Restituições;1153451,67;31475
2022;Prefeitura Municipal de Candelária - RS;4304200;RS;DCA-Anexo I-C;Padrão;Receitas Brutas Realizadas;RO1.9.2.2.99.0.0;1.9.2.2.99.0.0 - Outras Restituições;1153451,67;31475
2022;Prefeitura Municipal de Candelária - RS;4304200;RS;DCA-Anexo I-C;Padrão;Receitas Brutas Realizadas;RO1.9.9.0.00.0.0;1.9.9.0.00.0.0 - Demais Receitas Correntes;498022,08;31475
2022;Prefeitura Municipal de Candelária - RS;4304200;RS;DCA-Anexo I-C;Padrão;Receitas Brutas Realizadas;RO1.9.9.9.00.0.0;1.9.9.9.00.0.0 - Outras Receitas Correntes;498022,08;31475
2022;Prefeitura Municipal de Candelária - RS;4304200;RS;DCA-Anexo I-C;Padrão;Receitas Brutas Realizadas;RO1.9.9.9.03.0.0;1.9.9.9.03.0.0 - Compensações Financeiras entre o Regime Geral e os Regimes Próprios de Previdência e Sistema de Proteção Social;498022,08;31475
2022;Prefeitura Municipal de Candelária - RS;4304200;RS;DCA-Anexo I-C;Padrão;Receitas Brutas Realizadas;RO2.0.0.0.00.0.0;2.0.0.0.00.0.0 - Receitas de Capital;3484838,34;31475
2022;Prefeitura Municipal de Candelária - RS;4304200;RS;DCA-Anexo I-C;Padrão;Receitas Brutas Realizadas;RO2.1.0.0.00.0.0;2.1.0.0.00.0.0 - Operações de Crédito;82934,04;31475
2022;Prefeitura Municipal de Candelária - RS;4304200;RS;DCA-Anexo I-C;Padrão;Receitas Brutas Realizadas;RO2.1.1.0.00.0.0;2.1.1.0.00.0.0 - Operações de Crédito - Mercado Interno;82934,04;31475
2022;Prefeitura Municipal de Candelária - RS;4304200;RS;DCA-Anexo I-C;Padrão;Receitas Brutas Realizadas;RO2.1.1.9.00.0.0;2.1.1.9.00.0.0 - Outras Operações de Crédito - Mercado Interno;82934,04;31475
2022;Prefeitura Municipal de Candelária - RS;4304200;RS;DCA-Anexo I-C;Padrão;Receitas Brutas Realizadas;RO2.4.0.0.00.0.0;2.4.0.0.00.0.0 - Transferências de Capital;3401904,30;31475
2022;Prefeitura Municipal de Candelária - RS;4304200;RS;DCA-Anexo I-C;Padrão;Receitas Brutas Realizadas;RO2.4.1.0.00.0.0;2.4.1.0.00.0.0 - Transferências da União e de suas Entidades;2752199,20;31475
2022;Prefeitura Municipal de Candelária - RS;4304200;RS;DCA-Anexo I-C;Padrão;Receitas Brutas Realizadas;RO2.4.1.4.00.0.0;2.4.1.4.00.0.0 - Transferências de Convênios da União e de suas Entidades ;960699,20;31475
2022;Prefeitura Municipal de Candelária - RS;4304200;RS;DCA-Anexo I-C;Padrão;Receitas Brutas Realizadas;RO2.4.1.4.99.0.0;2.4.1.4.99.0.0 - Outras Transferências de Convênios da União e de Suas Entidades;960699,20;31475
2022;Prefeitura Municipal de Candelária - RS;4304200;RS;DCA-Anexo I-C;Padrão;Receitas Brutas Realizadas;RO2.4.1.9.00.0.0;2.4.1.9.00.0.0 - Outras Transferências de Recursos da União e de suas Entidades;1791500,00;31475
2022;Prefeitura Municipal de Candelária - RS;4304200;RS;DCA-Anexo I-C;Padrão;Receitas Brutas Realizadas;RO2.4.1.9.99.0.0;2.4.1.9.99.0.0 - Outras Transferências De Recursos da União e de suas Entidades;1791500,00;31475
2022;Prefeitura Municipal de Candelária - RS;4304200;RS;DCA-Anexo I-C;Padrão;Receitas Brutas Realizadas;RO2.4.2.0.00.0.0;2.4.2.0.00.0.0 - Transferências dos Estados e do Distrito Federal e de suas Entidades;649705,10;31475
2022;Prefeitura Municipal de Candelária - RS;4304200;RS;DCA-Anexo I-C;Padrão;Receitas Brutas Realizadas;RO2.4.2.1.00.0.0;2.4.2.1.00.0.0 - Transferências de Recursos do Sistema Único de Saúde ¿ SUS dos Estados e DF;150000,00;31475
2022;Prefeitura Municipal de Candelária - RS;4304200;RS;DCA-Anexo I-C;Padrão;Receitas Brutas Realizadas;RO2.4.2.1.50.0.0;2.4.2.1.50.0.0 - Transferências de Recursos do Sistema Único de Saúde ¿ SUS;150000,00;31475
2022;Prefeitura Municipal de Candelária - RS;4304200;RS;DCA-Anexo I-C;Padrão;Receitas Brutas Realizadas;RO2.4.2.2.00.0.0;2.4.2.2.00.0.0 - Transferências de Convênios dos Estados e DF e de Suas Entidades ;499705,10;31475
2022;Prefeitura Municipal de Candelária - RS;4304200;RS;DCA-Anexo I-C;Padrão;Receitas Brutas Realizadas;RO2.4.2.2.50.0.0;2.4.2.2.50.0.0 - Transferências de Convênios dos Estados para o Sistema Único de Saúde ¿ SUS;50000,00;31475
2022;Prefeitura Municipal de Candelária - RS;4304200;RS;DCA-Anexo I-C;Padrão;Receitas Brutas Realizadas;RO2.4.2.2.54.0.0;2.4.2.2.54.0.0 - Transferências de Convênios dos Estados destinadas a Programas de Infraestrutura em Transporte;449705,10;31475
2022;Prefeitura Municipal de Candelária - RS;4304200;RS;DCA-Anexo I-C;Padrão;Receitas Brutas Realizadas;ReceitasIntraOrcamentarias;RECEITAS (INTRA-ORÇAMENTÁRIAS) (II);11898444,87;31475
2022;Prefeitura Municipal de Candelária - RS;4304200;RS;DCA-Anexo I-C;Padrão;Receitas Brutas Realizadas;RI7.0.0.0.00.0.0;7.0.0.0.00.0.0 - Receitas Correntes;11898444,87;31475
2022;Prefeitura Municipal de Candelária - RS;4304200;RS;DCA-Anexo I-C;Padrão;Receitas Brutas Realizadas;RI7.2.0.0.00.0.0;7.2.0.0.00.0.0 - Contribuições;11898444,87;31475
2022;Prefeitura Municipal de Candelária - RS;4304200;RS;DCA-Anexo I-C;Padrão;Receitas Brutas Realizadas;RI7.2.1.0.00.0.0;7.2.1.0.00.0.0 - Contribuições Sociais;11898444,87;31475
2022;Prefeitura Municipal de Candelária - RS;4304200;RS;DCA-Anexo I-C;Padrão;Receitas Brutas Realizadas;RI7.2.1.5.00.0.0;7.2.1.5.00.0.0 - Contribuições para Regimes Próprios de Previdência e Sistema de Proteção Social;11898444,87;31475
2022;Prefeitura Municipal de Candelária - RS;4304200;RS;DCA-Anexo I-C;Padrão;Receitas Brutas Realizadas;RI7.2.1.5.02.0.0;7.2.1.5.02.0.0 - Contribuição Patronal - Servidor Civil;10993796,63;31475
2022;Prefeitura Municipal de Candelária - RS;4304200;RS;DCA-Anexo I-C;Padrão;Receitas Brutas Realizadas;RI7.2.1.5.02.1.0;7.2.1.5.02.1.0 - Contribuição Patronal - Servidor Civil Ativo;10993796,63;31475
2022;Prefeitura Municipal de Candelária - RS;4304200;RS;DCA-Anexo I-C;Padrão;Receitas Brutas Realizadas;RI7.2.1.5.51.0.0;7.2.1.5.51.0.0 - Contribuição Patronal - Parcelamentos;904648,24;31475
2022;Prefeitura Municipal de Candelária - RS;4304200;RS;DCA-Anexo I-C;Padrão;Receitas Brutas Realizadas;RI7.2.1.5.51.1.0;7.2.1.5.51.1.0 - Contribuição Patronal - Servidor Civil Ativo - Parcelamentos;904648,24;31475
2022;Prefeitura Municipal de Candelária - RS;4304200;RS;DCA-Anexo I-C;Padrão;Receitas Brutas Realizadas;TotalReceitas;TOTAL DAS RECEITAS (III) = (I + II);155205234,27;31475
2022;Prefeitura Municipal de Candelária - RS;4304200;RS;DCA-Anexo I-C;Padrão;Deduções - FUNDEB;TotalReceitas;TOTAL DAS RECEITAS (III) = (I + II);12580813,32;31475
2022;Prefeitura Municipal de Candelária - RS;4304200;RS;DCA-Anexo I-C;Padrão;Outras Deduções da Receita;TotalReceitas;TOTAL DAS RECEITAS (III) = (I + II);2714450,27;31475
2023;Prefeitura Municipal de Candelária - RS;4304200;RS;DCA-Anexo I-C;Padrão;Receitas Brutas Realizadas;ReceitasExcetoIntraOrcamentarias;RECEITAS (EXCETO INTRA-ORÇAMENTÁRIAS) (I);168181195,34;31475
2023;Prefeitura Municipal de Candelária - RS;4304200;RS;DCA-Anexo I-C;Padrão;Deduções - FUNDEB;ReceitasExcetoIntraOrcamentarias;RECEITAS (EXCETO INTRA-ORÇAMENTÁRIAS) (I);13248863,79;31475
2023;Prefeitura Municipal de Candelária - RS;4304200;RS;DCA-Anexo I-C;Padrão;Outras Deduções da Receita;ReceitasExcetoIntraOrcamentarias;RECEITAS (EXCETO INTRA-ORÇAMENTÁRIAS) (I);1543469,05;31475
2023;Prefeitura Municipal de Candelária - RS;4304200;RS;DCA-Anexo I-C;Padrão;Receitas Brutas Realizadas;RO1.0.0.0.00.0.0;1.0.0.0.00.0.0 - Receitas Correntes;158164237,49;31475
2023;Prefeitura Municipal de Candelária - RS;4304200;RS;DCA-Anexo I-C;Padrão;Deduções - FUNDEB;RO1.0.0.0.00.0.0;1.0.0.0.00.0.0 - Receitas Correntes;13248863,79;31475
2023;Prefeitura Municipal de Candelária - RS;4304200;RS;DCA-Anexo I-C;Padrão;Outras Deduções da Receita;RO1.0.0.0.00.0.0;1.0.0.0.00.0.0 - Receitas Correntes;1543469,05;31475
2023;Prefeitura Municipal de Candelária - RS;4304200;RS;DCA-Anexo I-C;Padrão;Receitas Brutas Realizadas;RO1.1.0.0.00.0.0;1.1.0.0.00.0.0 - Impostos, Taxas e Contribuições de Melhoria;14387386,34;31475
2023;Prefeitura Municipal de Candelária - RS;4304200;RS;DCA-Anexo I-C;Padrão;Outras Deduções da Receita;RO1.1.0.0.00.0.0;1.1.0.0.00.0.0 - Impostos, Taxas e Contribuições de Melhoria;199884,97;31475
2023;Prefeitura Municipal de Candelária - RS;4304200;RS;DCA-Anexo I-C;Padrão;Receitas Brutas Realizadas;RO1.1.1.0.00.0.0;1.1.1.0.00.0.0 - Impostos;12910922,78;31475
2023;Prefeitura Municipal de Candelária - RS;4304200;RS;DCA-Anexo I-C;Padrão;Outras Deduções da Receita;RO1.1.1.0.00.0.0;1.1.1.0.00.0.0 - Impostos;158941,98;31475
2023;Prefeitura Municipal de Candelária - RS;4304200;RS;DCA-Anexo I-C;Padrão;Receitas Brutas Realizadas;RO1.1.1.2.00.0.0;1.1.1.2.00.0.0 - Impostos sobre o Patrimônio;4525535,54;31475
2023;Prefeitura Municipal de Candelária - RS;4304200;RS;DCA-Anexo I-C;Padrão;Outras Deduções da Receita;RO1.1.1.2.00.0.0;1.1.1.2.00.0.0 - Impostos sobre o Patrimônio;158941,98;31475
2023;Prefeitura Municipal de Candelária - RS;4304200;RS;DCA-Anexo I-C;Padrão;Receitas Brutas Realizadas;RO1.1.1.2.50.0.0;1.1.1.2.50.0.0 - Imposto sobre a Propriedade Predial e Territorial Urbana;3023538,49;31475
2023;Prefeitura Municipal de Candelária - RS;4304200;RS;DCA-Anexo I-C;Padrão;Outras Deduções da Receita;RO1.1.1.2.50.0.0;1.1.1.2.50.0.0 - Imposto sobre a Propriedade Predial e Territorial Urbana;158941,98;31475
2023;Prefeitura Municipal de Candelária - RS;4304200;RS;DCA-Anexo I-C;Padrão;Receitas Brutas Realizadas;RO1.1.1.2.53.0.0;"1.1.1.2.53.0.0 - Impostos sobre Transmissão ""Inter Vivos"" de Bens Imóveis e de Direitos Reais sobre Imóveis";1501997,05;31475
2023;Prefeitura Municipal de Candelária - RS;4304200;RS;DCA-Anexo I-C;Padrão;Receitas Brutas Realizadas;RO1.1.1.3.00.0.0;1.1.1.3.00.0.0 - Impostos sobre a Renda e Proventos de Qualquer Natureza;5070068,11;31475
2023;Prefeitura Municipal de Candelária - RS;4304200;RS;DCA-Anexo I-C;Padrão;Receitas Brutas Realizadas;RO1.1.1.3.03.0.0;1.1.1.3.03.0.0 - Imposto sobre a Renda - Retido na Fonte;5070068,11;31475
2023;Prefeitura Municipal de Candelária - RS;4304200;RS;DCA-Anexo I-C;Padrão;Receitas Brutas Realizadas;RO1.1.1.3.03.1.0;1.1.1.3.03.1.0 - Imposto sobre a Renda - Retido na Fonte - Trabalho;4783676,09;31475
2023;Prefeitura Municipal de Candelária - RS;4304200;RS;DCA-Anexo I-C;Padrão;Receitas Brutas Realizadas;RO1.1.1.3.03.4.0;1.1.1.3.03.4.0 - Imposto sobre a Renda - Retido na Fonte - Outros Rendimentos;286392,02;31475
2023;Prefeitura Municipal de Candelária - RS;4304200;RS;DCA-Anexo I-C;Padrão;Receitas Brutas Realizadas;RO1.1.1.4.00.0.0;1.1.1.4.00.0.0 - Impostos sobre a Produção e Circulação de Mercadorias e Serviços;3315319,13;31475
2023;Prefeitura Municipal de Candelária - RS;4304200;RS;DCA-Anexo I-C;Padrão;Receitas Brutas Realizadas;RO1.1.1.4.51.0.0;1.1.1.4.51.0.0 - Impostos sobre Serviços;3315319,13;31475
2023;Prefeitura Municipal de Candelária - RS;4304200;RS;DCA-Anexo I-C;Padrão;Receitas Brutas Realizadas;RO1.1.1.4.51.1.0;1.1.1.4.51.1.0 - Imposto sobre Serviços de Qualquer Natureza - ISSQN;3315319,13;31475
2023;Prefeitura Municipal de Candelária - RS;4304200;RS;DCA-Anexo I-C;Padrão;Receitas Brutas Realizadas;RO1.1.2.0.00.0.0;1.1.2.0.00.0.0 - Taxas;1381517,12;31475
2023;Prefeitura Municipal de Candelária - RS;4304200;RS;DCA-Anexo I-C;Padrão;Outras Deduções da Receita;RO1.1.2.0.00.0.0;1.1.2.0.00.0.0 - Taxas;36977,79;31475
2023;Prefeitura Municipal de Candelária - RS;4304200;RS;DCA-Anexo I-C;Padrão;Receitas Brutas Realizadas;RO1.1.2.1.00.0.0;1.1.2.1.00.0.0 - Taxas pelo Exercício do Poder de Polícia;579606,87;31475
2023;Prefeitura Municipal de Candelária - RS;4304200;RS;DCA-Anexo I-C;Padrão;Receitas Brutas Realizadas;RO1.1.2.1.01.0.0;1.1.2.1.01.0.0 - Taxas de Inspeção, Controle e Fiscalização;579606,87;31475
2023;Prefeitura Municipal de Candelária - RS;4304200;RS;DCA-Anexo I-C;Padrão;Receitas Brutas Realizadas;RO1.1.2.2.00.0.0;1.1.2.2.00.0.0 - Taxas pela Prestação de Serviços;801910,25;31475
2023;Prefeitura Municipal de Candelária - RS;4304200;RS;DCA-Anexo I-C;Padrão;Outras Deduções da Receita;RO1.1.2.2.00.0.0;1.1.2.2.00.0.0 - Taxas pela Prestação de Serviços;36977,79;31475
2023;Prefeitura Municipal de Candelária - RS;4304200;RS;DCA-Anexo I-C;Padrão;Receitas Brutas Realizadas;RO1.1.2.2.01.0.0;1.1.2.2.01.0.0 - Taxas pela Prestação de Serviços em Geral;801910,25;31475
2023;Prefeitura Municipal de Candelária - RS;4304200;RS;DCA-Anexo I-C;Padrão;Outras Deduções da Receita;RO1.1.2.2.01.0.0;1.1.2.2.01.0.0 - Taxas pela Prestação de Serviços em Geral;36977,79;31475
2023;Prefeitura Municipal de Candelária - RS;4304200;RS;DCA-Anexo I-C;Padrão;Receitas Brutas Realizadas;RO1.1.3.0.00.0.0;1.1.3.0.00.0.0 - Contribuição de Melhoria;94946,44;31475
2023;Prefeitura Municipal de Candelária - RS;4304200;RS;DCA-Anexo I-C;Padrão;Outras Deduções da Receita;RO1.1.3.0.00.0.0;1.1.3.0.00.0.0 - Contribuição de Melhoria;3965,20;31475
2023;Prefeitura Municipal de Candelária - RS;4304200;RS;DCA-Anexo I-C;Padrão;Receitas Brutas Realizadas;RO1.1.3.1.00.0.0;1.1.3.1.00.0.0 - Contribuição de Melhoria;94946,44;31475
2023;Prefeitura Municipal de Candelária - RS;4304200;RS;DCA-Anexo I-C;Padrão;Outras Deduções da Receita;RO1.1.3.1.00.0.0;1.1.3.1.00.0.0 - Contribuição de Melhoria;3965,20;31475
2023;Prefeitura Municipal de Candelária - RS;4304200;RS;DCA-Anexo I-C;Padrão;Receitas Brutas Realizadas;RO1.1.3.1.53.0.0;1.1.3.1.53.0.0 - Contribuição de Melhoria para Pavimentação e Obras Complementares;94946,44;31475
2023;Prefeitura Municipal de Candelária - RS;4304200;RS;DCA-Anexo I-C;Padrão;Outras Deduções da Receita;RO1.1.3.1.53.0.0;1.1.3.1.53.0.0 - Contribuição de Melhoria para Pavimentação e Obras Complementares;3965,20;31475
2023;Prefeitura Municipal de Candelária - RS;4304200;RS;DCA-Anexo I-C;Padrão;Receitas Brutas Realizadas;RO1.2.0.0.00.0.0;1.2.0.0.00.0.0 - Contribuições;5539749,48;31475
2023;Prefeitura Municipal de Candelária - RS;4304200;RS;DCA-Anexo I-C;Padrão;Receitas Brutas Realizadas;RO1.2.1.0.00.0.0;1.2.1.0.00.0.0 - Contribuições Sociais;3860032,70;31475
2023;Prefeitura Municipal de Candelária - RS;4304200;RS;DCA-Anexo I-C;Padrão;Receitas Brutas Realizadas;RO1.2.1.5.00.0.0;1.2.1.5.00.0.0 - Contribuições para Regimes Próprios de Previdência e Sistema de Proteção Social;3860032,70;31475
2023;Prefeitura Municipal de Candelária - RS;4304200;RS;DCA-Anexo I-C;Padrão;Receitas Brutas Realizadas;RO1.2.1.5.01.0.0;1.2.1.5.01.0.0 - Contribuição do Servidor Civil;3860032,70;31475
2023;Prefeitura Municipal de Candelária - RS;4304200;RS;DCA-Anexo I-C;Padrão;Receitas Brutas Realizadas;RO1.2.1.5.01.1.0;1.2.1.5.01.1.0 - Contribuição do Servidor Civil Ativo;3680244,74;31475
2023;Prefeitura Municipal de Candelária - RS;4304200;RS;DCA-Anexo I-C;Padrão;Receitas Brutas Realizadas;RO1.2.1.5.01.4.0;1.2.1.5.01.4.0 - Contribuição Oriunda de Sentenças Judiciais - Servidor Civil Ativo;179787,96;31475
2023;Prefeitura Municipal de Candelária - RS;4304200;RS;DCA-Anexo I-C;Padrão;Receitas Brutas Realizadas;RO1.2.4.0.00.0.0;1.2.4.0.00.0.0 - Contribuição para o Custeio do Serviço de Iluminação Pública;1679716,78;31475
2023;Prefeitura Municipal de Candelária - RS;4304200;RS;DCA-Anexo I-C;Padrão;Receitas Brutas Realizadas;RO1.3.0.0.00.0.0;1.3.0.0.00.0.0 - Receita Patrimonial;20040723,57;31475
2023;Prefeitura Municipal de Candelária - RS;4304200;RS;DCA-Anexo I-C;Padrão;Outras Deduções da Receita;RO1.3.0.0.00.0.0;1.3.0.0.00.0.0 - Receita Patrimonial;1342896,40;31475
2023;Prefeitura Municipal de Candelária - RS;4304200;RS;DCA-Anexo I-C;Padrão;Receitas Brutas Realizadas;RO1.3.1.0.00.0.0;1.3.1.0.00.0.0 - Exploração do Patrimônio Imobiliário do Estado;98141,13;31475
2023;Prefeitura Municipal de Candelária - RS;4304200;RS;DCA-Anexo I-C;Padrão;Receitas Brutas Realizadas;RO1.3.1.1.00.0.0;1.3.1.1.00.0.0 - Exploração do Patrimônio Imobiliário do Estado;98141,13;31475
2023;Prefeitura Municipal de Candelária - RS;4304200;RS;DCA-Anexo I-C;Padrão;Receitas Brutas Realizadas;RO1.3.1.1.01.0.0;1.3.1.1.01.0.0 - Aluguéis, Arrendamentos, Foros, Laudêmios, Tarifas de Ocupação;98141,13;31475
2023;Prefeitura Municipal de Candelária - RS;4304200;RS;DCA-Anexo I-C;Padrão;Receitas Brutas Realizadas;RO1.3.1.1.01.1.0;1.3.1.1.01.1.0 - Aluguéis e Arrendamentos;98141,13;31475
2023;Prefeitura Municipal de Candelária - RS;4304200;RS;DCA-Anexo I-C;Padrão;Receitas Brutas Realizadas;RO1.3.2.0.00.0.0;1.3.2.0.00.0.0 - Valores Mobiliários;17892582,44;31475
2023;Prefeitura Municipal de Candelária - RS;4304200;RS;DCA-Anexo I-C;Padrão;Outras Deduções da Receita;RO1.3.2.0.00.0.0;1.3.2.0.00.0.0 - Valores Mobiliários;1342896,40;31475
2023;Prefeitura Municipal de Candelária - RS;4304200;RS;DCA-Anexo I-C;Padrão;Receitas Brutas Realizadas;RO1.3.2.1.00.0.0;1.3.2.1.00.0.0 - Juros e Correções Monetárias;17892582,44;31475
2023;Prefeitura Municipal de Candelária - RS;4304200;RS;DCA-Anexo I-C;Padrão;Outras Deduções da Receita;RO1.3.2.1.00.0.0;1.3.2.1.00.0.0 - Juros e Correções Monetárias;1342896,40;31475
2023;Prefeitura Municipal de Candelária - RS;4304200;RS;DCA-Anexo I-C;Padrão;Receitas Brutas Realizadas;RO1.3.2.1.01.0.0;1.3.2.1.01.0.0 - Remuneração de Depósitos Bancários;17892582,44;31475
2023;Prefeitura Municipal de Candelária - RS;4304200;RS;DCA-Anexo I-C;Padrão;Outras Deduções da Receita;RO1.3.2.1.01.0.0;1.3.2.1.01.0.0 - Remuneração de Depósitos Bancários;1342896,40;31475
2023;Prefeitura Municipal de Candelária - RS;4304200;RS;DCA-Anexo I-C;Padrão;Receitas Brutas Realizadas;RO1.3.3.0.00.0.0;1.3.3.0.00.0.0 - Delegação de Serviços Públicos Mediante Concessão, Permissão, Autorização ou Licença;1200000,00;31475
2023;Prefeitura Municipal de Candelária - RS;4304200;RS;DCA-Anexo I-C;Padrão;Receitas Brutas Realizadas;RO1.3.3.9.00.0.0;1.3.3.9.00.0.0 - Demais Delegações de Serviços Públicos;1200000,00;31475
2023;Prefeitura Municipal de Candelária - RS;4304200;RS;DCA-Anexo I-C;Padrão;Receitas Brutas Realizadas;RO1.3.6.0.00.0.0;1.3.6.0.00.0.0 - Cessão de Direitos;850000,00;31475
2023;Prefeitura Municipal de Candelária - RS;4304200;RS;DCA-Anexo I-C;Padrão;Receitas Brutas Realizadas;RO1.3.6.1.00.0.0;1.3.6.1.00.0.0 - Cessão de Direitos;850000,00;31475
2023;Prefeitura Municipal de Candelária - RS;4304200;RS;DCA-Anexo I-C;Padrão;Receitas Brutas Realizadas;RO1.3.6.1.01.0.0;1.3.6.1.01.0.0 - Cessão do Direito de Operacionalização de Pagamentos;850000,00;31475
2023;Prefeitura Municipal de Candelária - RS;4304200;RS;DCA-Anexo I-C;Padrão;Receitas Brutas Realizadas;RO1.3.6.1.01.1.0;1.3.6.1.01.1.0 - Cessão do Direito de Operacionalização de Pagamentos - Poderes Executivo e Legislativo;850000,00;31475
2023;Prefeitura Municipal de Candelária - RS;4304200;RS;DCA-Anexo I-C;Padrão;Receitas Brutas Realizadas;RO1.6.0.0.00.0.0;1.6.0.0.00.0.0 - Receita de Serviços;220425,84;31475
2023;Prefeitura Municipal de Candelária - RS;4304200;RS;DCA-Anexo I-C;Padrão;Receitas Brutas Realizadas;RO1.6.1.0.00.0.0;1.6.1.0.00.0.0 - Serviços Administrativos e Comerciais Gerais;220425,84;31475
2023;Prefeitura Municipal de Candelária - RS;4304200;RS;DCA-Anexo I-C;Padrão;Receitas Brutas Realizadas;RO1.6.1.1.00.0.0;1.6.1.1.00.0.0 - Serviços Administrativos e Comerciais Gerais;220425,84;31475
2023;Prefeitura Municipal de Candelária - RS;4304200;RS;DCA-Anexo I-C;Padrão;Receitas Brutas Realizadas;RO1.6.1.1.01.0.0;1.6.1.1.01.0.0 - Serviços Administrativos e Comerciais Gerais Prestados por Entidades e Órgãos Públicos em Geral;189877,52;31475
2023;Prefeitura Municipal de Candelária - RS;4304200;RS;DCA-Anexo I-C;Padrão;Receitas Brutas Realizadas;RO1.6.1.1.02.0.0;1.6.1.1.02.0.0 - Inscrição em Concursos e Processos Seletivos;30548,32;31475
2023;Prefeitura Municipal de Candelária - RS;4304200;RS;DCA-Anexo I-C;Padrão;Receitas Brutas Realizadas;RO1.7.0.0.00.0.0;1.7.0.0.00.0.0 - Transferências Correntes;117137311,62;31475
2023;Prefeitura Municipal de Candelária - RS;4304200;RS;DCA-Anexo I-C;Padrão;Deduções - FUNDEB;RO1.7.0.0.00.0.0;1.7.0.0.00.0.0 - Transferências Correntes;13248863,79;31475
2023;Prefeitura Municipal de Candelária - RS;4304200;RS;DCA-Anexo I-C;Padrão;Outras Deduções da Receita;RO1.7.0.0.00.0.0;1.7.0.0.00.0.0 - Transferências Correntes;687,68;31475
2023;Prefeitura Municipal de Candelária - RS;4304200;RS;DCA-Anexo I-C;Padrão;Receitas Brutas Realizadas;RO1.7.1.0.00.0.0;1.7.1.0.00.0.0 - Transferências da União e de suas Entidades;56423693,89;31475
2023;Prefeitura Municipal de Candelária - RS;4304200;RS;DCA-Anexo I-C;Padrão;Deduções - FUNDEB;RO1.7.1.0.00.0.0;1.7.1.0.00.0.0 - Transferências da União e de suas Entidades;7073295,99;31475
2023;Prefeitura Municipal de Candelária - RS;4304200;RS;DCA-Anexo I-C;Padrão;Receitas Brutas Realizadas;RO1.7.1.1.00.0.0;1.7.1.1.00.0.0 - Transferências Decorrentes de Participação na Receita da União;38858564,01;31475
2023;Prefeitura Municipal de Candelária - RS;4304200;RS;DCA-Anexo I-C;Padrão;Deduções - FUNDEB;RO1.7.1.1.00.0.0;1.7.1.1.00.0.0 - Transferências Decorrentes de Participação na Receita da União;7073295,99;31475
2023;Prefeitura Municipal de Candelária - RS;4304200;RS;DCA-Anexo I-C;Padrão;Receitas Brutas Realizadas;RO1.7.1.1.51.0.0;1.7.1.1.51.0.0 -Cota-Parte do Fundo de Participação dos Municípios - FPM;38765175,24;31475
2023;Prefeitura Municipal de Candelária - RS;4304200;RS;DCA-Anexo I-C;Padrão;Deduções - FUNDEB;RO1.7.1.1.51.0.0;1.7.1.1.51.0.0 -Cota-Parte do Fundo de Participação dos Municípios - FPM;7054618,38;31475
2023;Prefeitura Municipal de Candelária - RS;4304200;RS;DCA-Anexo I-C;Padrão;Receitas Brutas Realizadas;RO1.7.1.1.51.1.0;1.7.1.1.51.1.0 - Cota-Parte do Fundo de Participação dos Municípios - Cota Mensal;35273093,24;31475
2023;Prefeitura Municipal de Candelária - RS;4304200;RS;DCA-Anexo I-C;Padrão;Deduções - FUNDEB;RO1.7.1.1.51.1.0;1.7.1.1.51.1.0 - Cota-Parte do Fundo de Participação dos Municípios - Cota Mensal;7054618,38;31475
2023;Prefeitura Municipal de Candelária - RS;4304200;RS;DCA-Anexo I-C;Padrão;Receitas Brutas Realizadas;RO1.7.1.1.51.2.0;1.7.1.1.51.2.0 - Cota-Parte do Fundo de Participação dos Municípios - Cotas Extraordinárias;3492082,00;31475
2023;Prefeitura Municipal de Candelária - RS;4304200;RS;DCA-Anexo I-C;Padrão;Receitas Brutas Realizadas;RO1.7.1.1.52.0.0;1.7.1.1.52.0.0 - Cota-Parte do Imposto Sobre a Propriedade Territorial Rural;93388,77;31475
2023;Prefeitura Municipal de Candelária - RS;4304200;RS;DCA-Anexo I-C;Padrão;Deduções - FUNDEB;RO1.7.1.1.52.0.0;1.7.1.1.52.0.0 - Cota-Parte do Imposto Sobre a Propriedade Territorial Rural;18677,61;31475
2023;Prefeitura Municipal de Candelária - RS;4304200;RS;DCA-Anexo I-C;Padrão;Receitas Brutas Realizadas;RO1.7.1.2.00.0.0;1.7.1.2.00.0.0 -Transferências das Compensações Financeiras pela Exploração de Recursos Naturais;756349,17;31475
2023;Prefeitura Municipal de Candelária - RS;4304200;RS;DCA-Anexo I-C;Padrão;Receitas Brutas Realizadas;RO1.7.1.2.51.0.0;1.7.1.2.51.0.0 -Cota-parte da Compensação Financeira pela Exploração de Recursos Minerais - CFEM;8606,82;31475
2023;Prefeitura Municipal de Candelária - RS;4304200;RS;DCA-Anexo I-C;Padrão;Receitas Brutas Realizadas;RO1.7.1.2.52.0.0;1.7.1.2.52.0.0 - Cota-parte da Compensação Financeira pela Produção de Petróleo;747742,35;31475
2023;Prefeitura Municipal de Candelária - RS;4304200;RS;DCA-Anexo I-C;Padrão;Receitas Brutas Realizadas;RO1.7.1.2.52.4.0;1.7.1.2.52.4.0 - Cota-Parte do Fundo Especial do Petróleo ¿ FEP;747742,35;31475
2023;Prefeitura Municipal de Candelária - RS;4304200;RS;DCA-Anexo I-C;Padrão;Receitas Brutas Realizadas;RO1.7.1.3.00.0.0;1.7.1.3.00.0.0 -Transferências de Recursos do Sistema Único de Saúde ¿ SUS ;12702784,62;31475
2023;Prefeitura Municipal de Candelária - RS;4304200;RS;DCA-Anexo I-C;Padrão;Receitas Brutas Realizadas;RO1.7.1.3.50.0.0;1.7.1.3.50.0.0 - Transferências de Recursos do Sistema Único de Saúde ¿ SUS ¿ Repasses Fundo a Fundo - Bloco de Manutenção das Ações e Serviços Públicos de Saúde;12702784,62;31475
2023;Prefeitura Municipal de Candelária - RS;4304200;RS;DCA-Anexo I-C;Padrão;Receitas Brutas Realizadas;RO1.7.1.3.50.1.0;1.7.1.3.50.1.0 - Transferências de Recursos do Bloco de Manutenção das Ações e Serviços Públicos de Saúde ¿ Atenção Primária;3730296,06;31475
2023;Prefeitura Municipal de Candelária - RS;4304200;RS;DCA-Anexo I-C;Padrão;Receitas Brutas Realizadas;RO1.7.1.3.50.2.0;1.7.1.3.50.2.0 - Transferências de Recursos do Bloco de Manutenção das Ações e Serviços Públicos de Saúde ¿ Atenção Especializada;7993192,47;31475
2023;Prefeitura Municipal de Candelária - RS;4304200;RS;DCA-Anexo I-C;Padrão;Receitas Brutas Realizadas;RO1.7.1.3.50.3.0;1.7.1.3.50.3.0 - Transferências de Recursos do Bloco de Manutenção das Ações e Serviços Públicos de Saúde ¿ Vigilância em Saúde;122578,54;31475
2023;Prefeitura Municipal de Candelária - RS;4304200;RS;DCA-Anexo I-C;Padrão;Receitas Brutas Realizadas;RO1.7.1.3.50.4.0;1.7.1.3.50.4.0 -Transferências de Recursos do Bloco de Manutenção das Ações e Serviços Públicos de Saúde ¿ Assistência Farmacêutica;206057,85;31475
2023;Prefeitura Municipal de Candelária - RS;4304200;RS;DCA-Anexo I-C;Padrão;Receitas Brutas Realizadas;RO1.7.1.3.50.5.0;1.7.1.3.50.5.0 - Transferências de Recursos do Bloco de Manutenção das Ações e Serviços Públicos de Saúde ¿ Gestão do SUS;650659,70;31475
2023;Prefeitura Municipal de Candelária - RS;4304200;RS;DCA-Anexo I-C;Padrão;Receitas Brutas Realizadas;RO1.7.1.4.00.0.0;1.7.1.4.00.0.0 -Transferências de Recursos do Fundo Nacional do Desenvolvimento da Educação ¿ FNDE¿ ;2273216,43;31475
2023;Prefeitura Municipal de Candelária - RS;4304200;RS;DCA-Anexo I-C;Padrão;Receitas Brutas Realizadas;RO1.7.1.4.50.0.0;1.7.1.4.50.0.0 - Transferências do Salário-Educação;1402132,10;31475
2023;Prefeitura Municipal de Candelária - RS;4304200;RS;DCA-Anexo I-C;Padrão;Receitas Brutas Realizadas;RO1.7.1.4.52.0.0;1.7.1.4.52.0.0 - Transferências referentes ao Programa Nacional de Alimentação Escolar ¿ PNAE;328108,00;31475
2023;Prefeitura Municipal de Candelária - RS;4304200;RS;DCA-Anexo I-C;Padrão;Receitas Brutas Realizadas;RO1.7.1.4.53.0.0;1.7.1.4.53.0.0 - Transferências referentes ao Programa Nacional de Apoio ao Transporte do Escolar ¿ PNATE;358580,93;31475
2023;Prefeitura Municipal de Candelária - RS;4304200;RS;DCA-Anexo I-C;Padrão;Receitas Brutas Realizadas;RO1.7.1.4.99.0.0;1.7.1.4.99.0.0 - Outras Transferências Diretas do Fundo Nacional do Desenvolvimento da Educação - FNDE;184395,40;31475
2023;Prefeitura Municipal de Candelária - RS;4304200;RS;DCA-Anexo I-C;Padrão;Receitas Brutas Realizadas;RO1.7.1.6.00.0.0;1.7.1.6.00.0.0 - Transferências de Recursos do Fundo Nacional de Assistência Social ¿ FNAS;317540,15;31475
2023;Prefeitura Municipal de Candelária - RS;4304200;RS;DCA-Anexo I-C;Padrão;Receitas Brutas Realizadas;RO1.7.1.7.00.0.0;1.7.1.7.00.0.0 - Transferências de Convênios da União e de Suas Entidades;177302,00;31475
2023;Prefeitura Municipal de Candelária - RS;4304200;RS;DCA-Anexo I-C;Padrão;Receitas Brutas Realizadas;RO1.7.1.7.52.0.0;1.7.1.7.52.0.0 - Transferências de Convênios da União Destinadas a Programas de Assistência Social;177302,00;31475
2023;Prefeitura Municipal de Candelária - RS;4304200;RS;DCA-Anexo I-C;Padrão;Receitas Brutas Realizadas;RO1.7.1.9.00.0.0;1.7.1.9.00.0.0 - Outras Transferências de Recursos da União e de suas Entidades;1337937,51;31475
2023;Prefeitura Municipal de Candelária - RS;4304200;RS;DCA-Anexo I-C;Padrão;Receitas Brutas Realizadas;RO1.7.1.9.99.0.0;1.7.1.9.99.0.0 - Outras Transferências de Recursos da União e de suas Entidades;1337937,51;31475
2023;Prefeitura Municipal de Candelária - RS;4304200;RS;DCA-Anexo I-C;Padrão;Receitas Brutas Realizadas;RO1.7.2.0.00.0.0;1.7.2.0.00.0.0 - Transferências dos Estados e do Distrito Federal e de suas Entidades;41508602,32;31475
2023;Prefeitura Municipal de Candelária - RS;4304200;RS;DCA-Anexo I-C;Padrão;Deduções - FUNDEB;RO1.7.2.0.00.0.0;1.7.2.0.00.0.0 - Transferências dos Estados e do Distrito Federal e de suas Entidades;6175567,80;31475
2023;Prefeitura Municipal de Candelária - RS;4304200;RS;DCA-Anexo I-C;Padrão;Receitas Brutas Realizadas;RO1.7.2.1.00.0.0;1.7.2.1.00.0.0 - Participação na Receita dos Estados e Distrito Federal;29560217,26;31475
2023;Prefeitura Municipal de Candelária - RS;4304200;RS;DCA-Anexo I-C;Padrão;Deduções - FUNDEB;RO1.7.2.1.00.0.0;1.7.2.1.00.0.0 - Participação na Receita dos Estados e Distrito Federal;5910962,74;31475
2023;Prefeitura Municipal de Candelária - RS;4304200;RS;DCA-Anexo I-C;Padrão;Receitas Brutas Realizadas;RO1.7.2.1.50.0.0;1.7.2.1.50.0.0 - Cota-Parte do ICMS;24939410,45;31475
2023;Prefeitura Municipal de Candelária - RS;4304200;RS;DCA-Anexo I-C;Padrão;Deduções - FUNDEB;RO1.7.2.1.50.0.0;1.7.2.1.50.0.0 - Cota-Parte do ICMS;4987882,05;31475
2023;Prefeitura Municipal de Candelária - RS;4304200;RS;DCA-Anexo I-C;Padrão;Receitas Brutas Realizadas;RO1.7.2.1.51.0.0;1.7.2.1.51.0.0 - Cota-Parte do IPVA;4372698,91;31475
2023;Prefeitura Municipal de Candelária - RS;4304200;RS;DCA-Anexo I-C;Padrão;Deduções - FUNDEB;RO1.7.2.1.51.0.0;1.7.2.1.51.0.0 - Cota-Parte do IPVA;874539,70;31475
2023;Prefeitura Municipal de Candelária - RS;4304200;RS;DCA-Anexo I-C;Padrão;Receitas Brutas Realizadas;RO1.7.2.1.52.0.0;1.7.2.1.52.0.0 - Cota-Parte do IPI - Municípios;242705,09;31475
2023;Prefeitura Municipal de Candelária - RS;4304200;RS;DCA-Anexo I-C;Padrão;Deduções - FUNDEB;RO1.7.2.1.52.0.0;1.7.2.1.52.0.0 - Cota-Parte do IPI - Municípios;48540,99;31475
2023;Prefeitura Municipal de Candelária - RS;4304200;RS;DCA-Anexo I-C;Padrão;Receitas Brutas Realizadas;RO1.7.2.1.53.0.0;1.7.2.1.53.0.0 - Cota-Parte da Contribuição de Intervenção no Domínio Econômico;5402,81;31475
2023;Prefeitura Municipal de Candelária - RS;4304200;RS;DCA-Anexo I-C;Padrão;Receitas Brutas Realizadas;RO1.7.2.3.00.0.0;1.7.2.3.00.0.0 - Transferências de Recursos do Sistema Único de Saúde ¿ SUS;7845187,24;31475
2023;Prefeitura Municipal de Candelária - RS;4304200;RS;DCA-Anexo I-C;Padrão;Receitas Brutas Realizadas;RO1.7.2.4.00.0.0;1.7.2.4.00.0.0 - Transferências de Convênios dos Estados e DF e de Suas Entidades;2760532,30;31475
2023;Prefeitura Municipal de Candelária - RS;4304200;RS;DCA-Anexo I-C;Padrão;Receitas Brutas Realizadas;RO1.7.2.4.51.0.0;1.7.2.4.51.0.0 -Transferências de Convênios dos Estados Destinadas a Programas de Educação;2535197,68;31475
2023;Prefeitura Municipal de Candelária - RS;4304200;RS;DCA-Anexo I-C;Padrão;Receitas Brutas Realizadas;RO1.7.2.4.99.0.0;1.7.2.4.99.0.0 - Outras Transferências de Convênios dos Estados e DF e de Suas Entidades;225334,62;31475
2023;Prefeitura Municipal de Candelária - RS;4304200;RS;DCA-Anexo I-C;Padrão;Receitas Brutas Realizadas;RO1.7.2.9.00.0.0;1.7.2.9.00.0.0 - Outras Transferências dos Estados e Distrito Federal;1342665,52;31475
2023;Prefeitura Municipal de Candelária - RS;4304200;RS;DCA-Anexo I-C;Padrão;Deduções - FUNDEB;RO1.7.2.9.00.0.0;1.7.2.9.00.0.0 - Outras Transferências dos Estados e Distrito Federal;264605,06;31475
2023;Prefeitura Municipal de Candelária - RS;4304200;RS;DCA-Anexo I-C;Padrão;Receitas Brutas Realizadas;RO1.7.2.9.53.0.0;1.7.2.9.53.0.0 - Cota-Parte da Transferência da Compensação Financeira das Perdas com Arrecadação de ICMS - LC nº 194/2022;1323025,42;31475
2023;Prefeitura Municipal de Candelária - RS;4304200;RS;DCA-Anexo I-C;Padrão;Deduções - FUNDEB;RO1.7.2.9.53.0.0;1.7.2.9.53.0.0 - Cota-Parte da Transferência da Compensação Financeira das Perdas com Arrecadação de ICMS - LC nº 194/2022;264605,06;31475
2023;Prefeitura Municipal de Candelária - RS;4304200;RS;DCA-Anexo I-C;Padrão;Receitas Brutas Realizadas;RO1.7.2.9.99.0.0;1.7.2.9.99.0.0 - Outras Transferências dos Estados e DF;19640,10;31475
2023;Prefeitura Municipal de Candelária - RS;4304200;RS;DCA-Anexo I-C;Padrão;Receitas Brutas Realizadas;RO1.7.4.0.00.0.0;1.7.4.0.00.0.0 - Transferências de Instituições Privadas;106800,00;31475
2023;Prefeitura Municipal de Candelária - RS;4304200;RS;DCA-Anexo I-C;Padrão;Receitas Brutas Realizadas;RO1.7.4.1.00.0.0;1.7.4.1.00.0.0 - Transferências de Instituições Privadas;106800,00;31475
2023;Prefeitura Municipal de Candelária - RS;4304200;RS;DCA-Anexo I-C;Padrão;Receitas Brutas Realizadas;RO1.7.4.1.99.0.0;1.7.4.1.99.0.0 - Outras Transferências de Instituições Privadas;106800,00;31475
2023;Prefeitura Municipal de Candelária - RS;4304200;RS;DCA-Anexo I-C;Padrão;Receitas Brutas Realizadas;RO1.7.5.0.00.0.0;1.7.5.0.00.0.0 - Transferências de Outras Instituições Públicas;18825317,08;31475
2023;Prefeitura Municipal de Candelária - RS;4304200;RS;DCA-Anexo I-C;Padrão;Receitas Brutas Realizadas;RO1.7.5.1.00.0.0;1.7.5.1.00.0.0 - Transferências de Recursos do Fundo de Manutenção e Desenvolvimento da Educação Básica e de Valorização dos Profissionais da Educação - FUNDEB;18825317,08;31475
2023;Prefeitura Municipal de Candelária - RS;4304200;RS;DCA-Anexo I-C;Padrão;Receitas Brutas Realizadas;RO1.7.9.0.00.0.0;1.7.9.0.00.0.0 - Demais Transferências Correntes;272898,33;31475
2023;Prefeitura Municipal de Candelária - RS;4304200;RS;DCA-Anexo I-C;Padrão;Outras Deduções da Receita;RO1.7.9.0.00.0.0;1.7.9.0.00.0.0 - Demais Transferências Correntes;687,68;31475
2023;Prefeitura Municipal de Candelária - RS;4304200;RS;DCA-Anexo I-C;Padrão;Receitas Brutas Realizadas;RO1.7.9.1.00.0.0;1.7.9.1.00.0.0 - Transferências de Pessoas Físicas;56257,45;31475
2023;Prefeitura Municipal de Candelária - RS;4304200;RS;DCA-Anexo I-C;Padrão;Receitas Brutas Realizadas;RO1.7.9.1.99.0.0;1.7.9.1.99.0.0 - Outras Transferências de Pessoas Físicas;56257,45;31475
2023;Prefeitura Municipal de Candelária - RS;4304200;RS;DCA-Anexo I-C;Padrão;Receitas Brutas Realizadas;RO1.7.9.2.00.0.0;1.7.9.2.00.0.0 - Transferências Provenientes de Depósitos Não Identificados;216640,88;31475
2023;Prefeitura Municipal de Candelária - RS;4304200;RS;DCA-Anexo I-C;Padrão;Outras Deduções da Receita;RO1.7.9.2.00.0.0;1.7.9.2.00.0.0 - Transferências Provenientes de Depósitos Não Identificados;687,68;31475
2023;Prefeitura Municipal de Candelária - RS;4304200;RS;DCA-Anexo I-C;Padrão;Receitas Brutas Realizadas;RO1.9.0.0.00.0.0;1.9.0.0.00.0.0 - Outras Receitas Correntes;838640,64;31475
2023;Prefeitura Municipal de Candelária - RS;4304200;RS;DCA-Anexo I-C;Padrão;Receitas Brutas Realizadas;RO1.9.1.0.00.0.0;1.9.1.0.00.0.0 - Multas Administrativas, Contratuais e Judiciais;147571,17;31475
2023;Prefeitura Municipal de Candelária - RS;4304200;RS;DCA-Anexo I-C;Padrão;Receitas Brutas Realizadas;RO1.9.1.1.00.0.0;1.9.1.1.00.0.0 - Multas Administrativas, Contratuais e Judiciais;147571,17;31475
2023;Prefeitura Municipal de Candelária - RS;4304200;RS;DCA-Anexo I-C;Padrão;Receitas Brutas Realizadas;RO1.9.1.1.01.0.0;1.9.1.1.01.0.0 - Multas Previstas em Legislação Específica;25204,48;31475
2023;Prefeitura Municipal de Candelária - RS;4304200;RS;DCA-Anexo I-C;Padrão;Receitas Brutas Realizadas;RO1.9.1.1.06.0.0;1.9.1.1.06.0.0 - Multas por Danos Ambientais;22366,69;31475
2023;Prefeitura Municipal de Candelária - RS;4304200;RS;DCA-Anexo I-C;Padrão;Receitas Brutas Realizadas;RO1.9.1.1.06.1.0;1.9.1.1.06.1.0 - Multas Administrativas por Danos Ambientais;22366,69;31475
2023;Prefeitura Municipal de Candelária - RS;4304200;RS;DCA-Anexo I-C;Padrão;Receitas Brutas Realizadas;RO1.9.1.1.08.0.0;1.9.1.1.08.0.0 - Multas Decorrentes de Sentenças Judiciais;100000,00;31475
2023;Prefeitura Municipal de Candelária - RS;4304200;RS;DCA-Anexo I-C;Padrão;Receitas Brutas Realizadas;RO1.9.2.0.00.0.0;1.9.2.0.00.0.0 - Indenizações, Restituições e Ressarcimentos;174730,85;31475
2023;Prefeitura Municipal de Candelária - RS;4304200;RS;DCA-Anexo I-C;Padrão;Receitas Brutas Realizadas;RO1.9.2.1.00.0.0;1.9.2.1.00.0.0 - Indenizações;5246,14;31475
2023;Prefeitura Municipal de Candelária - RS;4304200;RS;DCA-Anexo I-C;Padrão;Receitas Brutas Realizadas;RO1.9.2.1.99.0.0;1.9.2.1.99.0.0 - Outras Indenizações;5246,14;31475
2023;Prefeitura Municipal de Candelária - RS;4304200;RS;DCA-Anexo I-C;Padrão;Receitas Brutas Realizadas;RO1.9.2.2.00.0.0;1.9.2.2.00.0.0 - Restituições;169484,71;31475
2023;Prefeitura Municipal de Candelária - RS;4304200;RS;DCA-Anexo I-C;Padrão;Receitas Brutas Realizadas;RO1.9.2.2.99.0.0;1.9.2.2.99.0.0 - Outras Restituições;169484,71;31475
2023;Prefeitura Municipal de Candelária - RS;4304200;RS;DCA-Anexo I-C;Padrão;Receitas Brutas Realizadas;RO1.9.9.0.00.0.0;1.9.9.0.00.0.0 - Demais Receitas Correntes;516338,62;31475
2023;Prefeitura Municipal de Candelária - RS;4304200;RS;DCA-Anexo I-C;Padrão;Receitas Brutas Realizadas;RO1.9.9.9.00.0.0;1.9.9.9.00.0.0 - Outras Receitas Correntes;516338,62;31475
2023;Prefeitura Municipal de Candelária - RS;4304200;RS;DCA-Anexo I-C;Padrão;Receitas Brutas Realizadas;RO1.9.9.9.01.0.0;1.9.9.9.01.0.0 - Aportes Periódicos para Amortização de Déficit Atuarial do Regimes Próprios de Previdência e Sistema de Proteção Social;515695,52;31475
2023;Prefeitura Municipal de Candelária - RS;4304200;RS;DCA-Anexo I-C;Padrão;Receitas Brutas Realizadas;RO1.9.9.9.99.0.0;1.9.9.9.99.0.0 - Outras Receitas;643,10;31475
2023;Prefeitura Municipal de Candelária - RS;4304200;RS;DCA-Anexo I-C;Padrão;Receitas Brutas Realizadas;RO1.9.9.9.99.1.0;1.9.9.9.99.1.0 - Outras Receitas Administradas pela RFB;643,10;31475
2023;Prefeitura Municipal de Candelária - RS;4304200;RS;DCA-Anexo I-C;Padrão;Receitas Brutas Realizadas;RO2.0.0.0.00.0.0;2.0.0.0.00.0.0 - Receitas de Capital;10016957,85;31475
2023;Prefeitura Municipal de Candelária - RS;4304200;RS;DCA-Anexo I-C;Padrão;Receitas Brutas Realizadas;RO2.1.0.0.00.0.0;2.1.0.0.00.0.0 - Operações de Crédito;5000000,00;31475
2023;Prefeitura Municipal de Candelária - RS;4304200;RS;DCA-Anexo I-C;Padrão;Receitas Brutas Realizadas;RO2.1.1.0.00.0.0;2.1.1.0.00.0.0 - Operações de Crédito - Mercado Interno;5000000,00;31475
2023;Prefeitura Municipal de Candelária - RS;4304200;RS;DCA-Anexo I-C;Padrão;Receitas Brutas Realizadas;RO2.1.1.2.00.0.0;2.1.1.2.00.0.0 - Operações de Crédito Contratuais - Mercado Interno;5000000,00;31475
2023;Prefeitura Municipal de Candelária - RS;4304200;RS;DCA-Anexo I-C;Padrão;Receitas Brutas Realizadas;RO2.1.1.2.01.0.0;2.1.1.2.01.0.0 - Operações de Crédito Contratuais - Mercado Interno;5000000,00;31475
2023;Prefeitura Municipal de Candelária - RS;4304200;RS;DCA-Anexo I-C;Padrão;Receitas Brutas Realizadas;RO2.2.0.0.00.0.0;2.2.0.0.00.0.0 - Alienação de Bens;405450,00;31475
2023;Prefeitura Municipal de Candelária - RS;4304200;RS;DCA-Anexo I-C;Padrão;Receitas Brutas Realizadas;RO2.2.1.0.00.0.0;2.2.1.0.00.0.0 - Alienação de Bens Móveis;405450,00;31475
2023;Prefeitura Municipal de Candelária - RS;4304200;RS;DCA-Anexo I-C;Padrão;Receitas Brutas Realizadas;RO2.2.1.3.00.0.0;2.2.1.3.00.0.0 - Alienação de Bens Móveis e Semoventes;405450,00;31475
2023;Prefeitura Municipal de Candelária - RS;4304200;RS;DCA-Anexo I-C;Padrão;Receitas Brutas Realizadas;RO2.4.0.0.00.0.0;2.4.0.0.00.0.0 - Transferências de Capital;4611507,85;31475
2023;Prefeitura Municipal de Candelária - RS;4304200;RS;DCA-Anexo I-C;Padrão;Receitas Brutas Realizadas;RO2.4.1.0.00.0.0;2.4.1.0.00.0.0 - Transferências da União e de suas Entidades;3959421,80;31475
2023;Prefeitura Municipal de Candelária - RS;4304200;RS;DCA-Anexo I-C;Padrão;Receitas Brutas Realizadas;RO2.4.1.1.00.0.0;2.4.1.1.00.0.0 - Transferências de Recursos do Sistema Único de Saúde - SUS;407765,00;31475
2023;Prefeitura Municipal de Candelária - RS;4304200;RS;DCA-Anexo I-C;Padrão;Receitas Brutas Realizadas;RO2.4.1.1.50.0.0;2.4.1.1.50.0.0 - Transferências de Recursos do Sistema Único de Saúde ¿ SUS ¿ Fundo a Fundo - Bloco de Manutenção das Ações e Serviços Públicos de Saúde;83953,00;31475
2023;Prefeitura Municipal de Candelária - RS;4304200;RS;DCA-Anexo I-C;Padrão;Receitas Brutas Realizadas;RO2.4.1.1.50.1.0;2.4.1.1.50.1.0 - Transferências de Recursos do Bloco de Manutenção das Ações e Serviços Públicos de Saúde ¿ Atenção Primária;83953,00;31475
2023;Prefeitura Municipal de Candelária - RS;4304200;RS;DCA-Anexo I-C;Padrão;Receitas Brutas Realizadas;RO2.4.1.1.51.0.0;2.4.1.1.51.0.0 - Transferências de Recursos do Sistema Único de Saúde ¿ SUS - Fundo a Fundo - Bloco de Estruturação da Rede de Serviços Públicos de Saúde;323812,00;31475
2023;Prefeitura Municipal de Candelária - RS;4304200;RS;DCA-Anexo I-C;Padrão;Receitas Brutas Realizadas;RO2.4.1.1.51.2.0;2.4.1.1.51.2.0 - Transferências de Recursos do Bloco de Estruturação da Rede de Serviços Públicos de Saúde - Atenção Especializada;323812,00;31475
2023;Prefeitura Municipal de Candelária - RS;4304200;RS;DCA-Anexo I-C;Padrão;Receitas Brutas Realizadas;RO2.4.1.4.00.0.0;2.4.1.4.00.0.0 - Transferências de Convênios da União e de suas Entidades ;1071656,80;31475
2023;Prefeitura Municipal de Candelária - RS;4304200;RS;DCA-Anexo I-C;Padrão;Receitas Brutas Realizadas;RO2.4.1.4.99.0.0;2.4.1.4.99.0.0 - Outras Transferências de Convênios da União e de Suas Entidades;1071656,80;31475
2023;Prefeitura Municipal de Candelária - RS;4304200;RS;DCA-Anexo I-C;Padrão;Receitas Brutas Realizadas;RO2.4.1.9.00.0.0;2.4.1.9.00.0.0 - Outras Transferências de Recursos da União e de suas Entidades;2480000,00;31475
2023;Prefeitura Municipal de Candelária - RS;4304200;RS;DCA-Anexo I-C;Padrão;Receitas Brutas Realizadas;RO2.4.1.9.51.0.0;2.4.1.9.51.0.0 - Transferência Especial da União;2480000,00;31475
2023;Prefeitura Municipal de Candelária - RS;4304200;RS;DCA-Anexo I-C;Padrão;Receitas Brutas Realizadas;RO2.4.2.0.00.0.0;2.4.2.0.00.0.0 - Transferências dos Estados e do Distrito Federal e de suas Entidades;652086,05;31475
2023;Prefeitura Municipal de Candelária - RS;4304200;RS;DCA-Anexo I-C;Padrão;Receitas Brutas Realizadas;RO2.4.2.1.00.0.0;2.4.2.1.00.0.0 - Transferências de Recursos do Sistema Único de Saúde ¿ SUS dos Estados e DF;150000,00;31475
2023;Prefeitura Municipal de Candelária - RS;4304200;RS;DCA-Anexo I-C;Padrão;Receitas Brutas Realizadas;RO2.4.2.1.50.0.0;2.4.2.1.50.0.0 - Transferências de Recursos do Sistema Único de Saúde ¿ SUS;150000,00;31475
2023;Prefeitura Municipal de Candelária - RS;4304200;RS;DCA-Anexo I-C;Padrão;Receitas Brutas Realizadas;RO2.4.2.2.00.0.0;2.4.2.2.00.0.0 - Transferências de Convênios dos Estados e DF e de Suas Entidades ;502086,05;31475
2023;Prefeitura Municipal de Candelária - RS;4304200;RS;DCA-Anexo I-C;Padrão;Receitas Brutas Realizadas;RO2.4.2.2.54.0.0;2.4.2.2.54.0.0 - Transferências de Convênios dos Estados destinadas a Programas de Infraestrutura em Transporte;449705,10;31475
2023;Prefeitura Municipal de Candelária - RS;4304200;RS;DCA-Anexo I-C;Padrão;Receitas Brutas Realizadas;RO2.4.2.2.99.0.0;2.4.2.2.99.0.0 - Outras Transferências de Convênios dos Estados e DF e de Suas Entidades;52380,95;31475
2023;Prefeitura Municipal de Candelária - RS;4304200;RS;DCA-Anexo I-C;Padrão;Receitas Brutas Realizadas;ReceitasIntraOrcamentarias;RECEITAS (INTRA-ORÇAMENTÁRIAS) (II);13311198,75;31475
2023;Prefeitura Municipal de Candelária - RS;4304200;RS;DCA-Anexo I-C;Padrão;Receitas Brutas Realizadas;RI7.0.0.0.00.0.0;7.0.0.0.00.0.0 - Receitas Correntes;13311198,75;31475
2023;Prefeitura Municipal de Candelária - RS;4304200;RS;DCA-Anexo I-C;Padrão;Receitas Brutas Realizadas;RI7.2.0.0.00.0.0;7.2.0.0.00.0.0 - Contribuições;12113414,13;31475
2023;Prefeitura Municipal de Candelária - RS;4304200;RS;DCA-Anexo I-C;Padrão;Receitas Brutas Realizadas;RI7.2.1.0.00.0.0;7.2.1.0.00.0.0 - Contribuições Sociais;12113414,13;31475
2023;Prefeitura Municipal de Candelária - RS;4304200;RS;DCA-Anexo I-C;Padrão;Receitas Brutas Realizadas;RI7.2.1.5.00.0.0;7.2.1.5.00.0.0 - Contribuições para Regimes Próprios de Previdência e Sistema de Proteção Social;12113414,13;31475
2023;Prefeitura Municipal de Candelária - RS;4304200;RS;DCA-Anexo I-C;Padrão;Receitas Brutas Realizadas;RI7.2.1.5.02.0.0;7.2.1.5.02.0.0 - Contribuição Patronal - Servidor Civil;12113414,13;31475
2023;Prefeitura Municipal de Candelária - RS;4304200;RS;DCA-Anexo I-C;Padrão;Receitas Brutas Realizadas;RI7.2.1.5.02.1.0;7.2.1.5.02.1.0 - Contribuição Patronal - Servidor Civil Ativo;12113414,13;31475
2023;Prefeitura Municipal de Candelária - RS;4304200;RS;DCA-Anexo I-C;Padrão;Receitas Brutas Realizadas;RI7.9.0.0.00.0.0;7.9.0.0.00.0.0 - Outras Receitas Correntes;1197784,62;31475
2023;Prefeitura Municipal de Candelária - RS;4304200;RS;DCA-Anexo I-C;Padrão;Receitas Brutas Realizadas;RI7.9.9.0.00.0.0;7.9.9.0.00.0.0 - Demais Receitas Correntes;1197784,62;31475
2023;Prefeitura Municipal de Candelária - RS;4304200;RS;DCA-Anexo I-C;Padrão;Receitas Brutas Realizadas;RI7.9.9.9.00.0.0;7.9.9.9.00.0.0 - Outras Receitas Correntes;1197784,62;31475
2023;Prefeitura Municipal de Candelária - RS;4304200;RS;DCA-Anexo I-C;Padrão;Receitas Brutas Realizadas;RI7.9.9.9.01.0.0;7.9.9.9.01.0.0 - Aportes Periódicos para Amortização de Déficit Atuarial do Regimes Próprios de Previdência e Sistema de Proteção Social;1197784,62;31475
2023;Prefeitura Municipal de Candelária - RS;4304200;RS;DCA-Anexo I-C;Padrão;Receitas Brutas Realizadas;TotalReceitas;TOTAL DAS RECEITAS (III) = (I + II);181492394,09;31475
2023;Prefeitura Municipal de Candelária - RS;4304200;RS;DCA-Anexo I-C;Padrão;Deduções - FUNDEB;TotalReceitas;TOTAL DAS RECEITAS (III) = (I + II);13248863,79;31475
2023;Prefeitura Municipal de Candelária - RS;4304200;RS;DCA-Anexo I-C;Padrão;Outras Deduções da Receita;TotalReceitas;TOTAL DAS RECEITAS (III) = (I + II);1543469,05;31475
2024;Prefeitura Municipal de Candelária - RS;4304200;RS;DCA-Anexo I-C;Padrão;Receitas Brutas Realizadas;ReceitasExcetoIntraOrcamentarias;RECEITAS (EXCETO INTRA-ORÇAMENTÁRIAS) (I);196565266,21;28249
2024;Prefeitura Municipal de Candelária - RS;4304200;RS;DCA-Anexo I-C;Padrão;Deduções - FUNDEB;ReceitasExcetoIntraOrcamentarias;RECEITAS (EXCETO INTRA-ORÇAMENTÁRIAS) (I);15369335,13;28249
2024;Prefeitura Municipal de Candelária - RS;4304200;RS;DCA-Anexo I-C;Padrão;Outras Deduções da Receita;ReceitasExcetoIntraOrcamentarias;RECEITAS (EXCETO INTRA-ORÇAMENTÁRIAS) (I);2954747,01;28249
2024;Prefeitura Municipal de Candelária - RS;4304200;RS;DCA-Anexo I-C;Padrão;Receitas Brutas Realizadas;RO1.0.0.0.00.0.0;1.0.0.0.00.0.0 - Receitas Correntes;183907408,66;28249
2024;Prefeitura Municipal de Candelária - RS;4304200;RS;DCA-Anexo I-C;Padrão;Deduções - FUNDEB;RO1.0.0.0.00.0.0;1.0.0.0.00.0.0 - Receitas Correntes;15369335,13;28249
2024;Prefeitura Municipal de Candelária - RS;4304200;RS;DCA-Anexo I-C;Padrão;Outras Deduções da Receita;RO1.0.0.0.00.0.0;1.0.0.0.00.0.0 - Receitas Correntes;2954747,01;28249
2024;Prefeitura Municipal de Candelária - RS;4304200;RS;DCA-Anexo I-C;Padrão;Receitas Brutas Realizadas;RO1.1.0.0.00.0.0;1.1.0.0.00.0.0 - Impostos, Taxas e Contribuições de Melhoria;15848510,39;28249
2024;Prefeitura Municipal de Candelária - RS;4304200;RS;DCA-Anexo I-C;Padrão;Outras Deduções da Receita;RO1.1.0.0.00.0.0;1.1.0.0.00.0.0 - Impostos, Taxas e Contribuições de Melhoria;152210,37;28249
2024;Prefeitura Municipal de Candelária - RS;4304200;RS;DCA-Anexo I-C;Padrão;Receitas Brutas Realizadas;RO1.1.1.0.00.0.0;1.1.1.0.00.0.0 - Impostos;14413966,91;28249
2024;Prefeitura Municipal de Candelária - RS;4304200;RS;DCA-Anexo I-C;Padrão;Outras Deduções da Receita;RO1.1.1.0.00.0.0;1.1.1.0.00.0.0 - Impostos;152191,43;28249
2024;Prefeitura Municipal de Candelária - RS;4304200;RS;DCA-Anexo I-C;Padrão;Receitas Brutas Realizadas;RO1.1.1.2.00.0.0;1.1.1.2.00.0.0 - Impostos sobre o Patrimônio;4617251,87;28249
2024;Prefeitura Municipal de Candelária - RS;4304200;RS;DCA-Anexo I-C;Padrão;Outras Deduções da Receita;RO1.1.1.2.00.0.0;1.1.1.2.00.0.0 - Impostos sobre o Patrimônio;152191,43;28249
2024;Prefeitura Municipal de Candelária - RS;4304200;RS;DCA-Anexo I-C;Padrão;Receitas Brutas Realizadas;RO1.1.1.2.50.0.0;1.1.1.2.50.0.0 - Imposto sobre a Propriedade Predial e Territorial Urbana;2888022,07;28249
2024;Prefeitura Municipal de Candelária - RS;4304200;RS;DCA-Anexo I-C;Padrão;Outras Deduções da Receita;RO1.1.1.2.50.0.0;1.1.1.2.50.0.0 - Imposto sobre a Propriedade Predial e Territorial Urbana;152191,43;28249
2024;Prefeitura Municipal de Candelária - RS;4304200;RS;DCA-Anexo I-C;Padrão;Receitas Brutas Realizadas;RO1.1.1.2.53.0.0;"1.1.1.2.53.0.0 - Impostos sobre Transmissão ""Inter Vivos"" de Bens Imóveis e de Direitos Reais sobre Imóveis";1729229,80;28249
2024;Prefeitura Municipal de Candelária - RS;4304200;RS;DCA-Anexo I-C;Padrão;Receitas Brutas Realizadas;RO1.1.1.3.00.0.0;1.1.1.3.00.0.0 - Impostos sobre a Renda e Proventos de Qualquer Natureza;5992597,33;28249
2024;Prefeitura Municipal de Candelária - RS;4304200;RS;DCA-Anexo I-C;Padrão;Receitas Brutas Realizadas;RO1.1.1.3.03.0.0;1.1.1.3.03.0.0 - Imposto sobre a Renda - Retido na Fonte;5992597,33;28249
2024;Prefeitura Municipal de Candelária - RS;4304200;RS;DCA-Anexo I-C;Padrão;Receitas Brutas Realizadas;RO1.1.1.3.03.1.0;1.1.1.3.03.1.0 - Imposto sobre a Renda - Retido na Fonte - Trabalho;5506433,52;28249
2024;Prefeitura Municipal de Candelária - RS;4304200;RS;DCA-Anexo I-C;Padrão;Receitas Brutas Realizadas;RO1.1.1.3.03.4.0;1.1.1.3.03.4.0 - Imposto sobre a Renda - Retido na Fonte - Outros Rendimentos;486163,81;28249
2024;Prefeitura Municipal de Candelária - RS;4304200;RS;DCA-Anexo I-C;Padrão;Receitas Brutas Realizadas;RO1.1.1.4.00.0.0;1.1.1.4.00.0.0 - Impostos sobre a Produção e Circulação de Mercadorias e Serviços;3804117,71;28249
2024;Prefeitura Municipal de Candelária - RS;4304200;RS;DCA-Anexo I-C;Padrão;Receitas Brutas Realizadas;RO1.1.1.4.51.0.0;1.1.1.4.51.0.0 - Impostos sobre Serviços;3804117,71;28249
2024;Prefeitura Municipal de Candelária - RS;4304200;RS;DCA-Anexo I-C;Padrão;Receitas Brutas Realizadas;RO1.1.1.4.51.1.0;1.1.1.4.51.1.0 - Imposto sobre Serviços de Qualquer Natureza - ISSQN;3804117,71;28249
2024;Prefeitura Municipal de Candelária - RS;4304200;RS;DCA-Anexo I-C;Padrão;Receitas Brutas Realizadas;RO1.1.2.0.00.0.0;1.1.2.0.00.0.0 - Taxas;1350618,95;28249
2024;Prefeitura Municipal de Candelária - RS;4304200;RS;DCA-Anexo I-C;Padrão;Outras Deduções da Receita;RO1.1.2.0.00.0.0;1.1.2.0.00.0.0 - Taxas;18,94;28249
2024;Prefeitura Municipal de Candelária - RS;4304200;RS;DCA-Anexo I-C;Padrão;Receitas Brutas Realizadas;RO1.1.2.1.00.0.0;1.1.2.1.00.0.0 - Taxas pelo Exercício do Poder de Polícia;579169,44;28249
2024;Prefeitura Municipal de Candelária - RS;4304200;RS;DCA-Anexo I-C;Padrão;Outras Deduções da Receita;RO1.1.2.1.00.0.0;1.1.2.1.00.0.0 - Taxas pelo Exercício do Poder de Polícia;18,94;28249
2024;Prefeitura Municipal de Candelária - RS;4304200;RS;DCA-Anexo I-C;Padrão;Receitas Brutas Realizadas;RO1.1.2.1.01.0.0;1.1.2.1.01.0.0 - Taxas de Inspeção, Controle e Fiscalização;579169,44;28249
2024;Prefeitura Municipal de Candelária - RS;4304200;RS;DCA-Anexo I-C;Padrão;Outras Deduções da Receita;RO1.1.2.1.01.0.0;1.1.2.1.01.0.0 - Taxas de Inspeção, Controle e Fiscalização;18,94;28249
2024;Prefeitura Municipal de Candelária - RS;4304200;RS;DCA-Anexo I-C;Padrão;Receitas Brutas Realizadas;RO1.1.2.2.00.0.0;1.1.2.2.00.0.0 - Taxas pela Prestação de Serviços;771449,51;28249
2024;Prefeitura Municipal de Candelária - RS;4304200;RS;DCA-Anexo I-C;Padrão;Receitas Brutas Realizadas;RO1.1.2.2.01.0.0;1.1.2.2.01.0.0 - Taxas pela Prestação de Serviços em Geral;771449,51;28249
2024;Prefeitura Municipal de Candelária - RS;4304200;RS;DCA-Anexo I-C;Padrão;Receitas Brutas Realizadas;RO1.1.3.0.00.0.0;1.1.3.0.00.0.0 - Contribuição de Melhoria;83924,53;28249
2024;Prefeitura Municipal de Candelária - RS;4304200;RS;DCA-Anexo I-C;Padrão;Receitas Brutas Realizadas;RO1.1.3.1.00.0.0;1.1.3.1.00.0.0 - Contribuição de Melhoria;83924,53;28249
2024;Prefeitura Municipal de Candelária - RS;4304200;RS;DCA-Anexo I-C;Padrão;Receitas Brutas Realizadas;RO1.1.3.1.53.0.0;1.1.3.1.53.0.0 - Contribuição de Melhoria para Pavimentação e Obras Complementares;83924,53;28249
2024;Prefeitura Municipal de Candelária - RS;4304200;RS;DCA-Anexo I-C;Padrão;Receitas Brutas Realizadas;RO1.2.0.0.00.0.0;1.2.0.0.00.0.0 - Contribuições;5824600,22;28249
2024;Prefeitura Municipal de Candelária - RS;4304200;RS;DCA-Anexo I-C;Padrão;Receitas Brutas Realizadas;RO1.2.1.0.00.0.0;1.2.1.0.00.0.0 - Contribuições Sociais;4026052,72;28249
2024;Prefeitura Municipal de Candelária - RS;4304200;RS;DCA-Anexo I-C;Padrão;Receitas Brutas Realizadas;RO1.2.1.5.00.0.0;1.2.1.5.00.0.0 - Contribuições para Regimes Próprios de Previdência e Sistema de Proteção Social;4026052,72;28249
2024;Prefeitura Municipal de Candelária - RS;4304200;RS;DCA-Anexo I-C;Padrão;Receitas Brutas Realizadas;RO1.2.1.5.01.0.0;1.2.1.5.01.0.0 - Contribuição do Servidor Civil;4026052,72;28249
2024;Prefeitura Municipal de Candelária - RS;4304200;RS;DCA-Anexo I-C;Padrão;Receitas Brutas Realizadas;RO1.2.1.5.01.1.0;1.2.1.5.01.1.0 - Contribuição do Servidor Civil Ativo;3915507,48;28249
2024;Prefeitura Municipal de Candelária - RS;4304200;RS;DCA-Anexo I-C;Padrão;Receitas Brutas Realizadas;RO1.2.1.5.01.2.0;1.2.1.5.01.2.0 - Contribuição do Servidor Civil Inativo;22881,45;28249
2024;Prefeitura Municipal de Candelária - RS;4304200;RS;DCA-Anexo I-C;Padrão;Receitas Brutas Realizadas;RO1.2.1.5.01.4.0;1.2.1.5.01.4.0 - Contribuição Oriunda de Sentenças Judiciais - Servidor Civil Ativo;87663,79;28249
2024;Prefeitura Municipal de Candelária - RS;4304200;RS;DCA-Anexo I-C;Padrão;Receitas Brutas Realizadas;RO1.2.4.0.00.0.0;1.2.4.0.00.0.0 - Contribuição para o Custeio do Serviço de Iluminação Pública;1798547,50;28249
2024;Prefeitura Municipal de Candelária - RS;4304200;RS;DCA-Anexo I-C;Padrão;Receitas Brutas Realizadas;RO1.3.0.0.00.0.0;1.3.0.0.00.0.0 - Receita Patrimonial;14692282,97;28249
2024;Prefeitura Municipal de Candelária - RS;4304200;RS;DCA-Anexo I-C;Padrão;Outras Deduções da Receita;RO1.3.0.0.00.0.0;1.3.0.0.00.0.0 - Receita Patrimonial;2759417,84;28249
2024;Prefeitura Municipal de Candelária - RS;4304200;RS;DCA-Anexo I-C;Padrão;Receitas Brutas Realizadas;RO1.3.1.0.00.0.0;1.3.1.0.00.0.0 - Exploração do Patrimônio Imobiliário do Estado;84651,84;28249
2024;Prefeitura Municipal de Candelária - RS;4304200;RS;DCA-Anexo I-C;Padrão;Outras Deduções da Receita;RO1.3.1.0.00.0.0;1.3.1.0.00.0.0 - Exploração do Patrimônio Imobiliário do Estado;6,16;28249
2024;Prefeitura Municipal de Candelária - RS;4304200;RS;DCA-Anexo I-C;Padrão;Receitas Brutas Realizadas;RO1.3.1.1.00.0.0;1.3.1.1.00.0.0 - Exploração do Patrimônio Imobiliário do Estado;84651,84;28249
2024;Prefeitura Municipal de Candelária - RS;4304200;RS;DCA-Anexo I-C;Padrão;Outras Deduções da Receita;RO1.3.1.1.00.0.0;1.3.1.1.00.0.0 - Exploração do Patrimônio Imobiliário do Estado;6,16;28249
2024;Prefeitura Municipal de Candelária - RS;4304200;RS;DCA-Anexo I-C;Padrão;Receitas Brutas Realizadas;RO1.3.1.1.01.0.0;1.3.1.1.01.0.0 - Aluguéis, Arrendamentos, Foros, Laudêmios, Tarifas de Ocupação;84651,84;28249
2024;Prefeitura Municipal de Candelária - RS;4304200;RS;DCA-Anexo I-C;Padrão;Outras Deduções da Receita;RO1.3.1.1.01.0.0;1.3.1.1.01.0.0 - Aluguéis, Arrendamentos, Foros, Laudêmios, Tarifas de Ocupação;6,16;28249
2024;Prefeitura Municipal de Candelária - RS;4304200;RS;DCA-Anexo I-C;Padrão;Receitas Brutas Realizadas;RO1.3.1.1.01.1.0;1.3.1.1.01.1.0 - Aluguéis e Arrendamentos;84651,84;28249
2024;Prefeitura Municipal de Candelária - RS;4304200;RS;DCA-Anexo I-C;Padrão;Outras Deduções da Receita;RO1.3.1.1.01.1.0;1.3.1.1.01.1.0 - Aluguéis e Arrendamentos;6,16;28249
2024;Prefeitura Municipal de Candelária - RS;4304200;RS;DCA-Anexo I-C;Padrão;Receitas Brutas Realizadas;RO1.3.2.0.00.0.0;1.3.2.0.00.0.0 - Valores Mobiliários;13407631,13;28249
2024;Prefeitura Municipal de Candelária - RS;4304200;RS;DCA-Anexo I-C;Padrão;Outras Deduções da Receita;RO1.3.2.0.00.0.0;1.3.2.0.00.0.0 - Valores Mobiliários;2759411,68;28249
2024;Prefeitura Municipal de Candelária - RS;4304200;RS;DCA-Anexo I-C;Padrão;Receitas Brutas Realizadas;RO1.3.2.1.00.0.0;1.3.2.1.00.0.0 - Juros e Correções Monetárias;13407631,13;28249
2024;Prefeitura Municipal de Candelária - RS;4304200;RS;DCA-Anexo I-C;Padrão;Outras Deduções da Receita;RO1.3.2.1.00.0.0;1.3.2.1.00.0.0 - Juros e Correções Monetárias;2759411,68;28249
2024;Prefeitura Municipal de Candelária - RS;4304200;RS;DCA-Anexo I-C;Padrão;Receitas Brutas Realizadas;RO1.3.2.1.01.0.0;1.3.2.1.01.0.0 - Remuneração de Depósitos Bancários;2720139,55;28249
2024;Prefeitura Municipal de Candelária - RS;4304200;RS;DCA-Anexo I-C;Padrão;Receitas Brutas Realizadas;RO1.3.2.1.04.0.0;1.3.2.1.04.0.0 - Remuneração dos Recursos do Regime Próprio de Previdência Social - RPPS;10686144,65;28249
2024;Prefeitura Municipal de Candelária - RS;4304200;RS;DCA-Anexo I-C;Padrão;Outras Deduções da Receita;RO1.3.2.1.04.0.0;1.3.2.1.04.0.0 - Remuneração dos Recursos do Regime Próprio de Previdência Social - RPPS;2759411,68;28249
2024;Prefeitura Municipal de Candelária - RS;4304200;RS;DCA-Anexo I-C;Padrão;Receitas Brutas Realizadas;RO1.3.2.1.05.0.0;1.3.2.1.05.0.0 - Juros de Títulos de Renda;1346,93;28249
2024;Prefeitura Municipal de Candelária - RS;4304200;RS;DCA-Anexo I-C;Padrão;Receitas Brutas Realizadas;RO1.3.3.0.00.0.0;1.3.3.0.00.0.0 - Delegação de Serviços Públicos Mediante Concessão, Permissão, Autorização ou Licença;1200000,00;28249
2024;Prefeitura Municipal de Candelária - RS;4304200;RS;DCA-Anexo I-C;Padrão;Receitas Brutas Realizadas;RO1.3.3.9.00.0.0;1.3.3.9.00.0.0 - Demais Delegações de Serviços Públicos;1200000,00;28249
2024;Prefeitura Municipal de Candelária - RS;4304200;RS;DCA-Anexo I-C;Padrão;Receitas Brutas Realizadas;RO1.6.0.0.00.0.0;1.6.0.0.00.0.0 - Receita de Serviços;191640,75;28249
2024;Prefeitura Municipal de Candelária - RS;4304200;RS;DCA-Anexo I-C;Padrão;Receitas Brutas Realizadas;RO1.6.1.0.00.0.0;1.6.1.0.00.0.0 - Serviços Administrativos e Comerciais Gerais;191640,75;28249
2024;Prefeitura Municipal de Candelária - RS;4304200;RS;DCA-Anexo I-C;Padrão;Receitas Brutas Realizadas;RO1.6.1.1.00.0.0;1.6.1.1.00.0.0 - Serviços Administrativos e Comerciais Gerais;191640,75;28249
2024;Prefeitura Municipal de Candelária - RS;4304200;RS;DCA-Anexo I-C;Padrão;Receitas Brutas Realizadas;RO1.6.1.1.01.0.0;1.6.1.1.01.0.0 - Serviços Administrativos e Comerciais Gerais Prestados por Entidades e Órgãos Públicos em Geral;118962,30;28249
2024;Prefeitura Municipal de Candelária - RS;4304200;RS;DCA-Anexo I-C;Padrão;Receitas Brutas Realizadas;RO1.6.1.1.02.0.0;1.6.1.1.02.0.0 - Inscrição em Concursos e Processos Seletivos;72678,45;28249
2024;Prefeitura Municipal de Candelária - RS;4304200;RS;DCA-Anexo I-C;Padrão;Receitas Brutas Realizadas;RO1.7.0.0.00.0.0;1.7.0.0.00.0.0 - Transferências Correntes;144843161,76;28249
2024;Prefeitura Municipal de Candelária - RS;4304200;RS;DCA-Anexo I-C;Padrão;Deduções - FUNDEB;RO1.7.0.0.00.0.0;1.7.0.0.00.0.0 - Transferências Correntes;15369335,13;28249
2024;Prefeitura Municipal de Candelária - RS;4304200;RS;DCA-Anexo I-C;Padrão;Outras Deduções da Receita;RO1.7.0.0.00.0.0;1.7.0.0.00.0.0 - Transferências Correntes;43118,80;28249
2024;Prefeitura Municipal de Candelária - RS;4304200;RS;DCA-Anexo I-C;Padrão;Receitas Brutas Realizadas;RO1.7.1.0.00.0.0;1.7.1.0.00.0.0 - Transferências da União e de suas Entidades;73614437,22;28249
2024;Prefeitura Municipal de Candelária - RS;4304200;RS;DCA-Anexo I-C;Padrão;Deduções - FUNDEB;RO1.7.1.0.00.0.0;1.7.1.0.00.0.0 - Transferências da União e de suas Entidades;8085869,61;28249
2024;Prefeitura Municipal de Candelária - RS;4304200;RS;DCA-Anexo I-C;Padrão;Receitas Brutas Realizadas;RO1.7.1.1.00.0.0;1.7.1.1.00.0.0 - Transferências Decorrentes de Participação na Receita da União;44589230,11;28249
2024;Prefeitura Municipal de Candelária - RS;4304200;RS;DCA-Anexo I-C;Padrão;Deduções - FUNDEB;RO1.7.1.1.00.0.0;1.7.1.1.00.0.0 - Transferências Decorrentes de Participação na Receita da União;8085869,61;28249
2024;Prefeitura Municipal de Candelária - RS;4304200;RS;DCA-Anexo I-C;Padrão;Receitas Brutas Realizadas;RO1.7.1.1.51.0.0;1.7.1.1.51.0.0 -Cota-Parte do Fundo de Participação dos Municípios - FPM;44455017,10;28249
2024;Prefeitura Municipal de Candelária - RS;4304200;RS;DCA-Anexo I-C;Padrão;Deduções - FUNDEB;RO1.7.1.1.51.0.0;1.7.1.1.51.0.0 -Cota-Parte do Fundo de Participação dos Municípios - FPM;8059027,14;28249
2024;Prefeitura Municipal de Candelária - RS;4304200;RS;DCA-Anexo I-C;Padrão;Receitas Brutas Realizadas;RO1.7.1.1.51.1.0;1.7.1.1.51.1.0 - Cota-Parte do Fundo de Participação dos Municípios - Cota Mensal;40295137,30;28249
2024;Prefeitura Municipal de Candelária - RS;4304200;RS;DCA-Anexo I-C;Padrão;Deduções - FUNDEB;RO1.7.1.1.51.1.0;1.7.1.1.51.1.0 - Cota-Parte do Fundo de Participação dos Municípios - Cota Mensal;8059027,14;28249
2024;Prefeitura Municipal de Candelária - RS;4304200;RS;DCA-Anexo I-C;Padrão;Receitas Brutas Realizadas;RO1.7.1.1.51.2.0;1.7.1.1.51.2.0 - Cota-Parte do Fundo de Participação dos Municípios - Cotas Extraordinárias;4159879,80;28249
2024;Prefeitura Municipal de Candelária - RS;4304200;RS;DCA-Anexo I-C;Padrão;Receitas Brutas Realizadas;RO1.7.1.1.52.0.0;1.7.1.1.52.0.0 - Cota-Parte do Imposto Sobre a Propriedade Territorial Rural;134213,01;28249
2024;Prefeitura Municipal de Candelária - RS;4304200;RS;DCA-Anexo I-C;Padrão;Deduções - FUNDEB;RO1.7.1.1.52.0.0;1.7.1.1.52.0.0 - Cota-Parte do Imposto Sobre a Propriedade Territorial Rural;26842,47;28249
2024;Prefeitura Municipal de Candelária - RS;4304200;RS;DCA-Anexo I-C;Padrão;Receitas Brutas Realizadas;RO1.7.1.2.00.0.0;1.7.1.2.00.0.0 -Transferências das Compensações Financeiras pela Exploração de Recursos Naturais;838725,43;28249
2024;Prefeitura Municipal de Candelária - RS;4304200;RS;DCA-Anexo I-C;Padrão;Receitas Brutas Realizadas;RO1.7.1.2.51.0.0;1.7.1.2.51.0.0 -Cota-parte da Compensação Financeira pela Exploração de Recursos Minerais - CFEM;26754,97;28249
2024;Prefeitura Municipal de Candelária - RS;4304200;RS;DCA-Anexo I-C;Padrão;Receitas Brutas Realizadas;RO1.7.1.2.52.0.0;1.7.1.2.52.0.0 - Cota-parte da Compensação Financeira pela Produção de Petróleo;811970,46;28249
2024;Prefeitura Municipal de Candelária - RS;4304200;RS;DCA-Anexo I-C;Padrão;Receitas Brutas Realizadas;RO1.7.1.2.52.4.0;1.7.1.2.52.4.0 - Cota-Parte do Fundo Especial do Petróleo ¿ FEP;811970,46;28249
2024;Prefeitura Municipal de Candelária - RS;4304200;RS;DCA-Anexo I-C;Padrão;Receitas Brutas Realizadas;RO1.7.1.3.00.0.0;1.7.1.3.00.0.0 -Transferências de Recursos do Sistema Único de Saúde ¿ SUS ;17716961,18;28249
2024;Prefeitura Municipal de Candelária - RS;4304200;RS;DCA-Anexo I-C;Padrão;Receitas Brutas Realizadas;RO1.7.1.3.50.0.0;1.7.1.3.50.0.0 - Transferências de Recursos do Sistema Único de Saúde ¿ SUS ¿ Repasses Fundo a Fundo - Bloco de Manutenção das Ações e Serviços Públicos de Saúde;17716961,18;28249
2024;Prefeitura Municipal de Candelária - RS;4304200;RS;DCA-Anexo I-C;Padrão;Receitas Brutas Realizadas;RO1.7.1.3.50.1.0;1.7.1.3.50.1.0 - Transferências de Recursos do Bloco de Manutenção das Ações e Serviços Públicos de Saúde ¿ Atenção Primária;6897998,06;28249
2024;Prefeitura Municipal de Candelária - RS;4304200;RS;DCA-Anexo I-C;Padrão;Receitas Brutas Realizadas;RO1.7.1.3.50.2.0;1.7.1.3.50.2.0 - Transferências de Recursos do Bloco de Manutenção das Ações e Serviços Públicos de Saúde ¿ Atenção Especializada;9132202,04;28249
2024;Prefeitura Municipal de Candelária - RS;4304200;RS;DCA-Anexo I-C;Padrão;Receitas Brutas Realizadas;RO1.7.1.3.50.3.0;1.7.1.3.50.3.0 - Transferências de Recursos do Bloco de Manutenção das Ações e Serviços Públicos de Saúde ¿ Vigilância em Saúde;318751,44;28249
2024;Prefeitura Municipal de Candelária - RS;4304200;RS;DCA-Anexo I-C;Padrão;Receitas Brutas Realizadas;RO1.7.1.3.50.4.0;1.7.1.3.50.4.0 -Transferências de Recursos do Bloco de Manutenção das Ações e Serviços Públicos de Saúde ¿ Assistência Farmacêutica;292424,42;28249
2024;Prefeitura Municipal de Candelária - RS;4304200;RS;DCA-Anexo I-C;Padrão;Receitas Brutas Realizadas;RO1.7.1.3.50.5.0;1.7.1.3.50.5.0 - Transferências de Recursos do Bloco de Manutenção das Ações e Serviços Públicos de Saúde ¿ Gestão do SUS;834884,54;28249
2024;Prefeitura Municipal de Candelária - RS;4304200;RS;DCA-Anexo I-C;Padrão;Receitas Brutas Realizadas;RO1.7.1.3.50.9.0;1.7.1.3.50.9.0 - Transferências de Recursos do Bloco de Manutenção das Ações e Serviços Públicos de Saúde ¿ Outros Programas;240700,68;28249
2024;Prefeitura Municipal de Candelária - RS;4304200;RS;DCA-Anexo I-C;Padrão;Receitas Brutas Realizadas;RO1.7.1.4.00.0.0;1.7.1.4.00.0.0 -Transferências de Recursos do Fundo Nacional do Desenvolvimento da Educação ¿ FNDE¿ ;2357608,94;28249
2024;Prefeitura Municipal de Candelária - RS;4304200;RS;DCA-Anexo I-C;Padrão;Receitas Brutas Realizadas;RO1.7.1.4.50.0.0;1.7.1.4.50.0.0 - Transferências do Salário-Educação;1374934,89;28249
2024;Prefeitura Municipal de Candelária - RS;4304200;RS;DCA-Anexo I-C;Padrão;Receitas Brutas Realizadas;RO1.7.1.4.52.0.0;1.7.1.4.52.0.0 - Transferências referentes ao Programa Nacional de Alimentação Escolar ¿ PNAE;392112,60;28249
2024;Prefeitura Municipal de Candelária - RS;4304200;RS;DCA-Anexo I-C;Padrão;Receitas Brutas Realizadas;RO1.7.1.4.53.0.0;1.7.1.4.53.0.0 - Transferências referentes ao Programa Nacional de Apoio ao Transporte do Escolar ¿ PNATE;321054,36;28249
2024;Prefeitura Municipal de Candelária - RS;4304200;RS;DCA-Anexo I-C;Padrão;Receitas Brutas Realizadas;RO1.7.1.4.99.0.0;1.7.1.4.99.0.0 - Outras Transferências Diretas do Fundo Nacional do Desenvolvimento da Educação - FNDE;269507,09;28249
2024;Prefeitura Municipal de Candelária - RS;4304200;RS;DCA-Anexo I-C;Padrão;Receitas Brutas Realizadas;RO1.7.1.6.00.0.0;1.7.1.6.00.0.0 - Transferências de Recursos do Fundo Nacional de Assistência Social ¿ FNAS;647078,33;28249
2024;Prefeitura Municipal de Candelária - RS;4304200;RS;DCA-Anexo I-C;Padrão;Receitas Brutas Realizadas;RO1.7.1.9.00.0.0;1.7.1.9.00.0.0 - Outras Transferências de Recursos da União e de suas Entidades;7464833,23;28249
2024;Prefeitura Municipal de Candelária - RS;4304200;RS;DCA-Anexo I-C;Padrão;Receitas Brutas Realizadas;RO1.7.1.9.60.0.0;1.7.1.9.60.0.0 - Transferências da Política Nacional Aldir Blanc de Fomento à Cultura - Lei nº 14.399/2022;232994,65;28249
2024;Prefeitura Municipal de Candelária - RS;4304200;RS;DCA-Anexo I-C;Padrão;Receitas Brutas Realizadas;RO1.7.1.9.99.0.0;1.7.1.9.99.0.0 - Outras Transferências de Recursos da União e de suas Entidades;7231838,58;28249
2024;Prefeitura Municipal de Candelária - RS;4304200;RS;DCA-Anexo I-C;Padrão;Receitas Brutas Realizadas;RO1.7.2.0.00.0.0;1.7.2.0.00.0.0 - Transferências dos Estados e do Distrito Federal e de suas Entidades;48330670,27;28249
2024;Prefeitura Municipal de Candelária - RS;4304200;RS;DCA-Anexo I-C;Padrão;Deduções - FUNDEB;RO1.7.2.0.00.0.0;1.7.2.0.00.0.0 - Transferências dos Estados e do Distrito Federal e de suas Entidades;7283465,52;28249
2024;Prefeitura Municipal de Candelária - RS;4304200;RS;DCA-Anexo I-C;Padrão;Receitas Brutas Realizadas;RO1.7.2.1.00.0.0;1.7.2.1.00.0.0 - Participação na Receita dos Estados e Distrito Federal;36075809,91;28249
2024;Prefeitura Municipal de Candelária - RS;4304200;RS;DCA-Anexo I-C;Padrão;Deduções - FUNDEB;RO1.7.2.1.00.0.0;1.7.2.1.00.0.0 - Participação na Receita dos Estados e Distrito Federal;7207730,76;28249
2024;Prefeitura Municipal de Candelária - RS;4304200;RS;DCA-Anexo I-C;Padrão;Receitas Brutas Realizadas;RO1.7.2.1.50.0.0;1.7.2.1.50.0.0 - Cota-Parte do ICMS;29965428,79;28249
2024;Prefeitura Municipal de Candelária - RS;4304200;RS;DCA-Anexo I-C;Padrão;Deduções - FUNDEB;RO1.7.2.1.50.0.0;1.7.2.1.50.0.0 - Cota-Parte do ICMS;5993085,58;28249
2024;Prefeitura Municipal de Candelária - RS;4304200;RS;DCA-Anexo I-C;Padrão;Receitas Brutas Realizadas;RO1.7.2.1.51.0.0;1.7.2.1.51.0.0 - Cota-Parte do IPVA;5694310,88;28249
2024;Prefeitura Municipal de Candelária - RS;4304200;RS;DCA-Anexo I-C;Padrão;Deduções - FUNDEB;RO1.7.2.1.51.0.0;1.7.2.1.51.0.0 - Cota-Parte do IPVA;1138861,50;28249
2024;Prefeitura Municipal de Candelária - RS;4304200;RS;DCA-Anexo I-C;Padrão;Receitas Brutas Realizadas;RO1.7.2.1.52.0.0;1.7.2.1.52.0.0 - Cota-Parte do IPI - Municípios;378918,86;28249
2024;Prefeitura Municipal de Candelária - RS;4304200;RS;DCA-Anexo I-C;Padrão;Deduções - FUNDEB;RO1.7.2.1.52.0.0;1.7.2.1.52.0.0 - Cota-Parte do IPI - Municípios;75783,68;28249
2024;Prefeitura Municipal de Candelária - RS;4304200;RS;DCA-Anexo I-C;Padrão;Receitas Brutas Realizadas;RO1.7.2.1.53.0.0;1.7.2.1.53.0.0 - Cota-Parte da Contribuição de Intervenção no Domínio Econômico;37151,38;28249
2024;Prefeitura Municipal de Candelária - RS;4304200;RS;DCA-Anexo I-C;Padrão;Receitas Brutas Realizadas;RO1.7.2.3.00.0.0;1.7.2.3.00.0.0 - Transferências de Recursos do Sistema Único de Saúde ¿ SUS;6561228,30;28249
2024;Prefeitura Municipal de Candelária - RS;4304200;RS;DCA-Anexo I-C;Padrão;Receitas Brutas Realizadas;RO1.7.2.4.00.0.0;1.7.2.4.00.0.0 - Transferências de Convênios dos Estados e DF e de Suas Entidades;2525289,68;28249
2024;Prefeitura Municipal de Candelária - RS;4304200;RS;DCA-Anexo I-C;Padrão;Receitas Brutas Realizadas;RO1.7.2.4.51.0.0;1.7.2.4.51.0.0 -Transferências de Convênios dos Estados Destinadas a Programas de Educação;2397813,70;28249
2024;Prefeitura Municipal de Candelária - RS;4304200;RS;DCA-Anexo I-C;Padrão;Receitas Brutas Realizadas;RO1.7.2.4.99.0.0;1.7.2.4.99.0.0 - Outras Transferências de Convênios dos Estados e DF e de Suas Entidades;127475,98;28249
2024;Prefeitura Municipal de Candelária - RS;4304200;RS;DCA-Anexo I-C;Padrão;Receitas Brutas Realizadas;RO1.7.2.9.00.0.0;1.7.2.9.00.0.0 - Outras Transferências dos Estados e Distrito Federal;3168342,38;28249
2024;Prefeitura Municipal de Candelária - RS;4304200;RS;DCA-Anexo I-C;Padrão;Deduções - FUNDEB;RO1.7.2.9.00.0.0;1.7.2.9.00.0.0 - Outras Transferências dos Estados e Distrito Federal;75734,76;28249
2024;Prefeitura Municipal de Candelária - RS;4304200;RS;DCA-Anexo I-C;Padrão;Receitas Brutas Realizadas;RO1.7.2.9.53.0.0;1.7.2.9.53.0.0 - Cota-Parte da Transferência da Compensação Financeira das Perdas com Arrecadação de ICMS - LC nº 194/2022;378673,82;28249
2024;Prefeitura Municipal de Candelária - RS;4304200;RS;DCA-Anexo I-C;Padrão;Deduções - FUNDEB;RO1.7.2.9.53.0.0;1.7.2.9.53.0.0 - Cota-Parte da Transferência da Compensação Financeira das Perdas com Arrecadação de ICMS - LC nº 194/2022;75734,76;28249
2024;Prefeitura Municipal de Candelária - RS;4304200;RS;DCA-Anexo I-C;Padrão;Receitas Brutas Realizadas;RO1.7.2.9.99.0.0;1.7.2.9.99.0.0 - Outras Transferências dos Estados e DF;2789668,56;28249
2024;Prefeitura Municipal de Candelária - RS;4304200;RS;DCA-Anexo I-C;Padrão;Receitas Brutas Realizadas;RO1.7.4.0.00.0.0;1.7.4.0.00.0.0 - Transferências de Instituições Privadas;186935,34;28249
2024;Prefeitura Municipal de Candelária - RS;4304200;RS;DCA-Anexo I-C;Padrão;Receitas Brutas Realizadas;RO1.7.4.1.00.0.0;1.7.4.1.00.0.0 - Transferências de Instituições Privadas;186935,34;28249
2024;Prefeitura Municipal de Candelária - RS;4304200;RS;DCA-Anexo I-C;Padrão;Receitas Brutas Realizadas;RO1.7.4.1.99.0.0;1.7.4.1.99.0.0 - Outras Transferências de Instituições Privadas;186935,34;28249
2024;Prefeitura Municipal de Candelária - RS;4304200;RS;DCA-Anexo I-C;Padrão;Receitas Brutas Realizadas;RO1.7.5.0.00.0.0;1.7.5.0.00.0.0 - Transferências de Outras Instituições Públicas;22185365,79;28249
2024;Prefeitura Municipal de Candelária - RS;4304200;RS;DCA-Anexo I-C;Padrão;Receitas Brutas Realizadas;RO1.7.5.1.00.0.0;1.7.5.1.00.0.0 - Transferências de Recursos do Fundo de Manutenção e Desenvolvimento da Educação Básica e de Valorização dos Profissionais da Educação - FUNDEB;22185365,79;28249
2024;Prefeitura Municipal de Candelária - RS;4304200;RS;DCA-Anexo I-C;Padrão;Receitas Brutas Realizadas;RO1.7.9.0.00.0.0;1.7.9.0.00.0.0 - Demais Transferências Correntes;525753,14;28249
2024;Prefeitura Municipal de Candelária - RS;4304200;RS;DCA-Anexo I-C;Padrão;Outras Deduções da Receita;RO1.7.9.0.00.0.0;1.7.9.0.00.0.0 - Demais Transferências Correntes;43118,80;28249
2024;Prefeitura Municipal de Candelária - RS;4304200;RS;DCA-Anexo I-C;Padrão;Receitas Brutas Realizadas;RO1.7.9.1.00.0.0;1.7.9.1.00.0.0 - Transferências de Pessoas Físicas;20050,00;28249
2024;Prefeitura Municipal de Candelária - RS;4304200;RS;DCA-Anexo I-C;Padrão;Receitas Brutas Realizadas;RO1.7.9.1.99.0.0;1.7.9.1.99.0.0 - Outras Transferências de Pessoas Físicas;20050,00;28249
2024;Prefeitura Municipal de Candelária - RS;4304200;RS;DCA-Anexo I-C;Padrão;Receitas Brutas Realizadas;RO1.7.9.2.00.0.0;1.7.9.2.00.0.0 - Transferências Provenientes de Depósitos Não Identificados;325703,14;28249
2024;Prefeitura Municipal de Candelária - RS;4304200;RS;DCA-Anexo I-C;Padrão;Outras Deduções da Receita;RO1.7.9.2.00.0.0;1.7.9.2.00.0.0 - Transferências Provenientes de Depósitos Não Identificados;43118,80;28249
2024;Prefeitura Municipal de Candelária - RS;4304200;RS;DCA-Anexo I-C;Padrão;Receitas Brutas Realizadas;RO1.7.9.9.00.0.0;1.7.9.9.00.0.0 - Outras Transferências Correntes;180000,00;28249
2024;Prefeitura Municipal de Candelária - RS;4304200;RS;DCA-Anexo I-C;Padrão;Receitas Brutas Realizadas;RO1.9.0.0.00.0.0;1.9.0.0.00.0.0 - Outras Receitas Correntes;2507212,57;28249
2024;Prefeitura Municipal de Candelária - RS;4304200;RS;DCA-Anexo I-C;Padrão;Receitas Brutas Realizadas;RO1.9.1.0.00.0.0;1.9.1.0.00.0.0 - Multas Administrativas, Contratuais e Judiciais;40816,20;28249
2024;Prefeitura Municipal de Candelária - RS;4304200;RS;DCA-Anexo I-C;Padrão;Receitas Brutas Realizadas;RO1.9.1.1.00.0.0;1.9.1.1.00.0.0 - Multas Administrativas, Contratuais e Judiciais;40816,20;28249
2024;Prefeitura Municipal de Candelária - RS;4304200;RS;DCA-Anexo I-C;Padrão;Receitas Brutas Realizadas;RO1.9.1.1.01.0.0;1.9.1.1.01.0.0 - Multas Previstas em Legislação Específica;13666,16;28249
2024;Prefeitura Municipal de Candelária - RS;4304200;RS;DCA-Anexo I-C;Padrão;Receitas Brutas Realizadas;RO1.9.1.1.06.0.0;1.9.1.1.06.0.0 - Multas por Danos Ambientais;27150,04;28249
2024;Prefeitura Municipal de Candelária - RS;4304200;RS;DCA-Anexo I-C;Padrão;Receitas Brutas Realizadas;RO1.9.1.1.06.1.0;1.9.1.1.06.1.0 - Multas Administrativas por Danos Ambientais;27150,04;28249
2024;Prefeitura Municipal de Candelária - RS;4304200;RS;DCA-Anexo I-C;Padrão;Receitas Brutas Realizadas;RO1.9.2.0.00.0.0;1.9.2.0.00.0.0 - Indenizações, Restituições e Ressarcimentos;147841,71;28249
2024;Prefeitura Municipal de Candelária - RS;4304200;RS;DCA-Anexo I-C;Padrão;Receitas Brutas Realizadas;RO1.9.2.1.00.0.0;1.9.2.1.00.0.0 - Indenizações;6594,65;28249
2024;Prefeitura Municipal de Candelária - RS;4304200;RS;DCA-Anexo I-C;Padrão;Receitas Brutas Realizadas;RO1.9.2.1.99.0.0;1.9.2.1.99.0.0 - Outras Indenizações;6594,65;28249
2024;Prefeitura Municipal de Candelária - RS;4304200;RS;DCA-Anexo I-C;Padrão;Receitas Brutas Realizadas;RO1.9.2.2.00.0.0;1.9.2.2.00.0.0 - Restituições;141247,06;28249
2024;Prefeitura Municipal de Candelária - RS;4304200;RS;DCA-Anexo I-C;Padrão;Receitas Brutas Realizadas;RO1.9.2.2.06.0.0;1.9.2.2.06.0.0 - Restituição de Despesas de Exercícios Anteriores;3877,12;28249
2024;Prefeitura Municipal de Candelária - RS;4304200;RS;DCA-Anexo I-C;Padrão;Receitas Brutas Realizadas;RO1.9.2.2.06.3.0;1.9.2.2.06.3.0 - Restituição de Despesas Primárias de Exercícios Anteriores;1942,48;28249
2024;Prefeitura Municipal de Candelária - RS;4304200;RS;DCA-Anexo I-C;Padrão;Receitas Brutas Realizadas;RO1.9.2.2.06.4.0;1.9.2.2.06.4.0 - Restituição de Despesas Financeiras de Exercícios Anteriores;1934,64;28249
2024;Prefeitura Municipal de Candelária - RS;4304200;RS;DCA-Anexo I-C;Padrão;Receitas Brutas Realizadas;RO1.9.2.2.99.0.0;1.9.2.2.99.0.0 - Outras Restituições;137369,94;28249
2024;Prefeitura Municipal de Candelária - RS;4304200;RS;DCA-Anexo I-C;Padrão;Receitas Brutas Realizadas;RO1.9.9.0.00.0.0;1.9.9.0.00.0.0 - Demais Receitas Correntes;2318554,66;28249
2024;Prefeitura Municipal de Candelária - RS;4304200;RS;DCA-Anexo I-C;Padrão;Receitas Brutas Realizadas;RO1.9.9.9.00.0.0;1.9.9.9.00.0.0 - Outras Receitas Correntes;2318554,66;28249
2024;Prefeitura Municipal de Candelária - RS;4304200;RS;DCA-Anexo I-C;Padrão;Receitas Brutas Realizadas;RO1.9.9.9.03.0.0;1.9.9.9.03.0.0 - Compensações Financeiras entre os Regimes de Previdência;2315965,62;28249
2024;Prefeitura Municipal de Candelária - RS;4304200;RS;DCA-Anexo I-C;Padrão;Receitas Brutas Realizadas;RO1.9.9.9.12.0.0;1.9.9.9.12.0.0 - Encargos Legais pela Inscrição em Dívida Ativa e Receitas de Ônus de Sucumbência;2589,04;28249
2024;Prefeitura Municipal de Candelária - RS;4304200;RS;DCA-Anexo I-C;Padrão;Receitas Brutas Realizadas;RO1.9.9.9.12.2.0;1.9.9.9.12.2.0 - Ônus de Sucumbência;2589,04;28249
2024;Prefeitura Municipal de Candelária - RS;4304200;RS;DCA-Anexo I-C;Padrão;Receitas Brutas Realizadas;RO2.0.0.0.00.0.0;2.0.0.0.00.0.0 - Receitas de Capital;12657857,55;28249
2024;Prefeitura Municipal de Candelária - RS;4304200;RS;DCA-Anexo I-C;Padrão;Receitas Brutas Realizadas;RO2.1.0.0.00.0.0;2.1.0.0.00.0.0 - Operações de Crédito;8380215,75;28249
2024;Prefeitura Municipal de Candelária - RS;4304200;RS;DCA-Anexo I-C;Padrão;Receitas Brutas Realizadas;RO2.1.1.0.00.0.0;2.1.1.0.00.0.0 - Operações de Crédito - Mercado Interno;8380215,75;28249
2024;Prefeitura Municipal de Candelária - RS;4304200;RS;DCA-Anexo I-C;Padrão;Receitas Brutas Realizadas;RO2.1.1.2.00.0.0;2.1.1.2.00.0.0 - Operações de Crédito Contratuais - Mercado Interno;8380215,75;28249
2024;Prefeitura Municipal de Candelária - RS;4304200;RS;DCA-Anexo I-C;Padrão;Receitas Brutas Realizadas;RO2.1.1.2.01.0.0;2.1.1.2.01.0.0 - Operações de Crédito Contratuais - Mercado Interno;8380215,75;28249
2024;Prefeitura Municipal de Candelária - RS;4304200;RS;DCA-Anexo I-C;Padrão;Receitas Brutas Realizadas;RO2.4.0.0.00.0.0;2.4.0.0.00.0.0 - Transferências de Capital;4277641,80;28249
2024;Prefeitura Municipal de Candelária - RS;4304200;RS;DCA-Anexo I-C;Padrão;Receitas Brutas Realizadas;RO2.4.1.0.00.0.0;2.4.1.0.00.0.0 - Transferências da União e de suas Entidades;3328035,00;28249
2024;Prefeitura Municipal de Candelária - RS;4304200;RS;DCA-Anexo I-C;Padrão;Receitas Brutas Realizadas;RO2.4.1.1.00.0.0;2.4.1.1.00.0.0 - Transferências de Recursos do Sistema Único de Saúde - SUS;1850429,00;28249
2024;Prefeitura Municipal de Candelária - RS;4304200;RS;DCA-Anexo I-C;Padrão;Receitas Brutas Realizadas;RO2.4.1.1.50.0.0;2.4.1.1.50.0.0 - Transferências de Recursos do Sistema Único de Saúde ¿ SUS ¿ Fundo a Fundo - Bloco de Manutenção das Ações e Serviços Públicos de Saúde;1092967,00;28249
2024;Prefeitura Municipal de Candelária - RS;4304200;RS;DCA-Anexo I-C;Padrão;Receitas Brutas Realizadas;RO2.4.1.1.50.1.0;2.4.1.1.50.1.0 - Transferências de Recursos do Bloco de Manutenção das Ações e Serviços Públicos de Saúde ¿ Atenção Primária;660653,00;28249
2024;Prefeitura Municipal de Candelária - RS;4304200;RS;DCA-Anexo I-C;Padrão;Receitas Brutas Realizadas;RO2.4.1.1.50.3.0;2.4.1.1.50.3.0 - Transferências de Recursos do Bloco de Manutenção das Ações e Serviços Públicos de Saúde ¿ Vigilância em Saúde;432314,00;28249
2024;Prefeitura Municipal de Candelária - RS;4304200;RS;DCA-Anexo I-C;Padrão;Receitas Brutas Realizadas;RO2.4.1.1.51.0.0;2.4.1.1.51.0.0 - Transferências de Recursos do Sistema Único de Saúde ¿ SUS - Fundo a Fundo - Bloco de Estruturação da Rede de Serviços Públicos de Saúde;757462,00;28249
2024;Prefeitura Municipal de Candelária - RS;4304200;RS;DCA-Anexo I-C;Padrão;Receitas Brutas Realizadas;RO2.4.1.1.51.2.0;2.4.1.1.51.2.0 - Transferências de Recursos do Bloco de Estruturação da Rede de Serviços Públicos de Saúde - Atenção Especializada;757462,00;28249
2024;Prefeitura Municipal de Candelária - RS;4304200;RS;DCA-Anexo I-C;Padrão;Receitas Brutas Realizadas;RO2.4.1.4.00.0.0;2.4.1.4.00.0.0 - Transferências de Convênios da União e de suas Entidades ;477606,00;28249
2024;Prefeitura Municipal de Candelária - RS;4304200;RS;DCA-Anexo I-C;Padrão;Receitas Brutas Realizadas;RO2.4.1.4.99.0.0;2.4.1.4.99.0.0 - Outras Transferências de Convênios da União e de Suas Entidades;477606,00;28249
2024;Prefeitura Municipal de Candelária - RS;4304200;RS;DCA-Anexo I-C;Padrão;Receitas Brutas Realizadas;RO2.4.1.9.00.0.0;2.4.1.9.00.0.0 - Outras Transferências de Recursos da União e de suas Entidades;1000000,00;28249
2024;Prefeitura Municipal de Candelária - RS;4304200;RS;DCA-Anexo I-C;Padrão;Receitas Brutas Realizadas;RO2.4.1.9.51.0.0;2.4.1.9.51.0.0 - Transferência Especial da União;1000000,00;28249
2024;Prefeitura Municipal de Candelária - RS;4304200;RS;DCA-Anexo I-C;Padrão;Receitas Brutas Realizadas;RO2.4.2.0.00.0.0;2.4.2.0.00.0.0 - Transferências dos Estados e do Distrito Federal e de suas Entidades;949606,80;28249
2024;Prefeitura Municipal de Candelária - RS;4304200;RS;DCA-Anexo I-C;Padrão;Receitas Brutas Realizadas;RO2.4.2.1.00.0.0;2.4.2.1.00.0.0 - Transferências de Recursos do Sistema Único de Saúde ¿ SUS dos Estados e DF;350000,00;28249
2024;Prefeitura Municipal de Candelária - RS;4304200;RS;DCA-Anexo I-C;Padrão;Receitas Brutas Realizadas;RO2.4.2.1.50.0.0;2.4.2.1.50.0.0 - Transferências de Recursos do Sistema Único de Saúde ¿ SUS;350000,00;28249
2024;Prefeitura Municipal de Candelária - RS;4304200;RS;DCA-Anexo I-C;Padrão;Receitas Brutas Realizadas;RO2.4.2.2.00.0.0;2.4.2.2.00.0.0 - Transferências de Convênios dos Estados e DF e de Suas Entidades ;599606,80;28249
2024;Prefeitura Municipal de Candelária - RS;4304200;RS;DCA-Anexo I-C;Padrão;Receitas Brutas Realizadas;RO2.4.2.2.54.0.0;2.4.2.2.54.0.0 - Transferências de Convênios dos Estados destinadas a Programas de Infraestrutura em Transporte;599606,80;28249
2024;Prefeitura Municipal de Candelária - RS;4304200;RS;DCA-Anexo I-C;Padrão;Receitas Brutas Realizadas;ReceitasIntraOrcamentarias;RECEITAS (INTRA-ORÇAMENTÁRIAS) (II);14459964,93;28249
2024;Prefeitura Municipal de Candelária - RS;4304200;RS;DCA-Anexo I-C;Padrão;Receitas Brutas Realizadas;RI7.0.0.0.00.0.0;7.0.0.0.00.0.0 - Receitas Correntes;14459964,93;28249
2024;Prefeitura Municipal de Candelária - RS;4304200;RS;DCA-Anexo I-C;Padrão;Receitas Brutas Realizadas;RI7.2.0.0.00.0.0;7.2.0.0.00.0.0 - Contribuições;10408635,83;28249
2024;Prefeitura Municipal de Candelária - RS;4304200;RS;DCA-Anexo I-C;Padrão;Receitas Brutas Realizadas;RI7.2.1.0.00.0.0;7.2.1.0.00.0.0 - Contribuições Sociais;10408635,83;28249
2024;Prefeitura Municipal de Candelária - RS;4304200;RS;DCA-Anexo I-C;Padrão;Receitas Brutas Realizadas;RI7.2.1.5.00.0.0;7.2.1.5.00.0.0 - Contribuições para Regimes Próprios de Previdência e Sistema de Proteção Social;10408635,83;28249
2024;Prefeitura Municipal de Candelária - RS;4304200;RS;DCA-Anexo I-C;Padrão;Receitas Brutas Realizadas;RI7.2.1.5.02.0.0;7.2.1.5.02.0.0 - Contribuição Patronal - Servidor Civil;10408635,83;28249
2024;Prefeitura Municipal de Candelária - RS;4304200;RS;DCA-Anexo I-C;Padrão;Receitas Brutas Realizadas;RI7.2.1.5.02.1.0;7.2.1.5.02.1.0 - Contribuição Patronal - Servidor Civil Ativo;10408635,83;28249
2024;Prefeitura Municipal de Candelária - RS;4304200;RS;DCA-Anexo I-C;Padrão;Receitas Brutas Realizadas;RI7.9.0.0.00.0.0;7.9.0.0.00.0.0 - Outras Receitas Correntes;4051329,10;28249
2024;Prefeitura Municipal de Candelária - RS;4304200;RS;DCA-Anexo I-C;Padrão;Receitas Brutas Realizadas;RI7.9.9.0.00.0.0;7.9.9.0.00.0.0 - Demais Receitas Correntes;4051329,10;28249
2024;Prefeitura Municipal de Candelária - RS;4304200;RS;DCA-Anexo I-C;Padrão;Receitas Brutas Realizadas;RI7.9.9.9.00.0.0;7.9.9.9.00.0.0 - Outras Receitas Correntes;4051329,10;28249
2024;Prefeitura Municipal de Candelária - RS;4304200;RS;DCA-Anexo I-C;Padrão;Receitas Brutas Realizadas;RI7.9.9.9.01.0.0;7.9.9.9.01.0.0 - Aportes Periódicos para Amortização de Déficit Atuarial do Regimes Próprios de Previdência e Sistema de Proteção Social;4051329,10;28249
2024;Prefeitura Municipal de Candelária - RS;4304200;RS;DCA-Anexo I-C;Padrão;Receitas Brutas Realizadas;TotalReceitas;TOTAL DAS RECEITAS (III) = (I + II);211025231,14;28249
2024;Prefeitura Municipal de Candelária - RS;4304200;RS;DCA-Anexo I-C;Padrão;Deduções - FUNDEB;TotalReceitas;TOTAL DAS RECEITAS (III) = (I + II);15369335,13;28249
2024;Prefeitura Municipal de Candelária - RS;4304200;RS;DCA-Anexo I-C;Padrão;Outras Deduções da Receita;TotalReceitas;TOTAL DAS RECEITAS (III) = (I + II);2954747,01;28249
