exercicio;instituicao;cod_ibge;uf;anexo;rotulo;coluna;cod_conta;conta;valor;populacao
2014;Prefeitura Municipal de São Francisco de Goiás - GO;5219902;GO;DCA-Anexo I-C;NA;Receitas Brutas Realizadas;TotalReceitas;Total Receitas;15812591,05;6328
2014;Prefeitura Municipal de São Francisco de Goiás - GO;5219902;GO;DCA-Anexo I-C;NA;Deduções - Transferências Constitucionais;TotalReceitas;Total Receitas;1799357,86;6328
2014;Prefeitura Municipal de São Francisco de Goiás - GO;5219902;GO;DCA-Anexo I-C;NA;Receitas Brutas Realizadas;RO1.0.0.0.00.00.00;1.0.0.0.00.00.00 - Receitas Correntes;15796841,05;6328
2014;Prefeitura Municipal de São Francisco de Goiás - GO;5219902;GO;DCA-Anexo I-C;NA;Deduções - Transferências Constitucionais;RO1.0.0.0.00.00.00;1.0.0.0.00.00.00 - Receitas Correntes;1799357,86;6328
2014;Prefeitura Municipal de São Francisco de Goiás - GO;5219902;GO;DCA-Anexo I-C;NA;Receitas Brutas Realizadas;RO1.1.0.0.00.00.00;1.1.0.0.00.00.00 - Receita Tributária;2246021,72;6328
2014;Prefeitura Municipal de São Francisco de Goiás - GO;5219902;GO;DCA-Anexo I-C;NA;Receitas Brutas Realizadas;RO1.1.1.0.00.00.00;1.1.1.0.00.00.00 - Impostos;2149910,52;6328
2014;Prefeitura Municipal de São Francisco de Goiás - GO;5219902;GO;DCA-Anexo I-C;NA;Receitas Brutas Realizadas;RO1.1.1.2.00.00.00;1.1.1.2.00.00.00 - Impostos sobre o Patrimônio e a Renda;427272,79;6328
2014;Prefeitura Municipal de São Francisco de Goiás - GO;5219902;GO;DCA-Anexo I-C;NA;Receitas Brutas Realizadas;RO1.1.1.2.02.00.00;1.1.1.2.02.00.00 - Imposto sobre a Propriedade Predial e Territorial Urbana ¿ IPTU;59694,09;6328
2014;Prefeitura Municipal de São Francisco de Goiás - GO;5219902;GO;DCA-Anexo I-C;NA;Receitas Brutas Realizadas;RO1.1.1.2.04.00.00;1.1.1.2.04.00.00 - Imposto sobre a Renda e Proventos de Qualquer Natureza ¿ IR;190630,74;6328
2014;Prefeitura Municipal de São Francisco de Goiás - GO;5219902;GO;DCA-Anexo I-C;NA;Receitas Brutas Realizadas;RO1.1.1.2.04.31.00;1.1.1.2.04.31.00 - Retido nas Fontes - Trabalho;190630,74;6328
2014;Prefeitura Municipal de São Francisco de Goiás - GO;5219902;GO;DCA-Anexo I-C;NA;Receitas Brutas Realizadas;RO1.1.1.2.08.00.00;"1.1.1.2.08.00.00 - Imposto sobre Transmissão ""Inter Vivos"" de Bens Imóveis e de Direitos Reais sobre Imóveis ¿ ITBI";176947,96;6328
2014;Prefeitura Municipal de São Francisco de Goiás - GO;5219902;GO;DCA-Anexo I-C;NA;Receitas Brutas Realizadas;RO1.1.1.3.00.00.00;1.1.1.3.00.00.00 - Impostos sobre a Produção e a Circulação;1722637,73;6328
2014;Prefeitura Municipal de São Francisco de Goiás - GO;5219902;GO;DCA-Anexo I-C;NA;Receitas Brutas Realizadas;RO1.1.1.3.05.00.00;1.1.1.3.05.00.00 - Imposto sobre Serviços de Qualquer Natureza ¿ ISSQN;1722637,73;6328
2014;Prefeitura Municipal de São Francisco de Goiás - GO;5219902;GO;DCA-Anexo I-C;NA;Receitas Brutas Realizadas;RO1.1.2.0.00.00.00;1.1.2.0.00.00.00 - Taxas;96111,20;6328
2014;Prefeitura Municipal de São Francisco de Goiás - GO;5219902;GO;DCA-Anexo I-C;NA;Receitas Brutas Realizadas;RO1.1.2.2.00.00.00;1.1.2.2.00.00.00 - Taxas pela Prestação de Serviços;96111,20;6328
2014;Prefeitura Municipal de São Francisco de Goiás - GO;5219902;GO;DCA-Anexo I-C;NA;Receitas Brutas Realizadas;RO1.3.0.0.00.00.00;1.3.0.0.00.00.00 - Receita Patrimonial;52487,09;6328
2014;Prefeitura Municipal de São Francisco de Goiás - GO;5219902;GO;DCA-Anexo I-C;NA;Receitas Brutas Realizadas;RO1.3.2.0.00.00.00;1.3.2.0.00.00.00 - Receitas de Valores Mobiliários;52487,09;6328
2014;Prefeitura Municipal de São Francisco de Goiás - GO;5219902;GO;DCA-Anexo I-C;NA;Receitas Brutas Realizadas;RO1.3.2.5.00.00.00;1.3.2.5.00.00.00 - Remuneração de Depósitos Bancários;52487,09;6328
2014;Prefeitura Municipal de São Francisco de Goiás - GO;5219902;GO;DCA-Anexo I-C;NA;Receitas Brutas Realizadas;RO1.7.0.0.00.00.00;1.7.0.0.00.00.00 - Transferências Correntes;13163600,79;6328
2014;Prefeitura Municipal de São Francisco de Goiás - GO;5219902;GO;DCA-Anexo I-C;NA;Deduções - Transferências Constitucionais;RO1.7.0.0.00.00.00;1.7.0.0.00.00.00 - Transferências Correntes;1799357,86;6328
2014;Prefeitura Municipal de São Francisco de Goiás - GO;5219902;GO;DCA-Anexo I-C;NA;Receitas Brutas Realizadas;RO1.7.2.0.00.00.00;1.7.2.0.00.00.00 - Transferências Intergovernamentais;13122800,79;6328
2014;Prefeitura Municipal de São Francisco de Goiás - GO;5219902;GO;DCA-Anexo I-C;NA;Deduções - Transferências Constitucionais;RO1.7.2.0.00.00.00;1.7.2.0.00.00.00 - Transferências Intergovernamentais;1799357,86;6328
2014;Prefeitura Municipal de São Francisco de Goiás - GO;5219902;GO;DCA-Anexo I-C;NA;Receitas Brutas Realizadas;RO1.7.2.1.00.00.00;1.7.2.1.00.00.00 - Transferências da União;7917522,34;6328
2014;Prefeitura Municipal de São Francisco de Goiás - GO;5219902;GO;DCA-Anexo I-C;NA;Deduções - Transferências Constitucionais;RO1.7.2.1.00.00.00;1.7.2.1.00.00.00 - Transferências da União;1227376,58;6328
2014;Prefeitura Municipal de São Francisco de Goiás - GO;5219902;GO;DCA-Anexo I-C;NA;Receitas Brutas Realizadas;RO1.7.2.1.01.00.00;1.7.2.1.01.00.00 - Participação na Receita da União;6401811,56;6328
2014;Prefeitura Municipal de São Francisco de Goiás - GO;5219902;GO;DCA-Anexo I-C;NA;Deduções - Transferências Constitucionais;RO1.7.2.1.01.00.00;1.7.2.1.01.00.00 - Participação na Receita da União;1226298,25;6328
2014;Prefeitura Municipal de São Francisco de Goiás - GO;5219902;GO;DCA-Anexo I-C;NA;Receitas Brutas Realizadas;RO1.7.2.1.01.02.00;1.7.2.1.01.02.00 - Cota-Parte do Fundo de Participação dos Municípios ¿ FPM;6364743,89;6328
2014;Prefeitura Municipal de São Francisco de Goiás - GO;5219902;GO;DCA-Anexo I-C;NA;Deduções - Transferências Constitucionais;RO1.7.2.1.01.02.00;1.7.2.1.01.02.00 - Cota-Parte do Fundo de Participação dos Municípios ¿ FPM;1218884,82;6328
2014;Prefeitura Municipal de São Francisco de Goiás - GO;5219902;GO;DCA-Anexo I-C;NA;Receitas Brutas Realizadas;RO1.7.2.1.01.05.00;1.7.2.1.01.05.00 - Cota-Parte do Imposto Sobre a Propriedade Territorial Rural ¿ ITR;37067,67;6328
2014;Prefeitura Municipal de São Francisco de Goiás - GO;5219902;GO;DCA-Anexo I-C;NA;Deduções - Transferências Constitucionais;RO1.7.2.1.01.05.00;1.7.2.1.01.05.00 - Cota-Parte do Imposto Sobre a Propriedade Territorial Rural ¿ ITR;7413,43;6328
2014;Prefeitura Municipal de São Francisco de Goiás - GO;5219902;GO;DCA-Anexo I-C;NA;Receitas Brutas Realizadas;RO1.7.2.1.22.00.00;1.7.2.1.22.00.00 - Transferências da Compensação Financeira pela Exploração de Recursos Naturais;97932,67;6328
2014;Prefeitura Municipal de São Francisco de Goiás - GO;5219902;GO;DCA-Anexo I-C;NA;Receitas Brutas Realizadas;RO1.7.2.1.22.20.00;1.7.2.1.22.20.00 - Cota-Parte da Compensação Financeira de Recursos Minerais - CFEM;2907,28;6328
2014;Prefeitura Municipal de São Francisco de Goiás - GO;5219902;GO;DCA-Anexo I-C;NA;Receitas Brutas Realizadas;RO1.7.2.1.22.70.00;1.7.2.1.22.70.00 - Cota-Parte do Fundo Especial do Petróleo ¿ FEP;95025,39;6328
2014;Prefeitura Municipal de São Francisco de Goiás - GO;5219902;GO;DCA-Anexo I-C;NA;Receitas Brutas Realizadas;RO1.7.2.1.33.00.00;1.7.2.1.33.00.00 - Transferências de Recursos do Sistema Único de Saúde - SUS - Repasses Fundo a Fundo;874417,78;6328
2014;Prefeitura Municipal de São Francisco de Goiás - GO;5219902;GO;DCA-Anexo I-C;NA;Receitas Brutas Realizadas;RO1.7.2.1.34.00.00;1.7.2.1.34.00.00 - Transferências de Recursos do Fundo Nacional de Assistência Social ¿ FNAS;156439,82;6328
2014;Prefeitura Municipal de São Francisco de Goiás - GO;5219902;GO;DCA-Anexo I-C;NA;Receitas Brutas Realizadas;RO1.7.2.1.35.00.00;1.7.2.1.35.00.00 - Transferências de Recursos do Fundo Nacional do Desenvolvimento da Educação ¿ FNDE;189018,02;6328
2014;Prefeitura Municipal de São Francisco de Goiás - GO;5219902;GO;DCA-Anexo I-C;NA;Receitas Brutas Realizadas;RO1.7.2.1.36.00.00;1.7.2.1.36.00.00 - Transferências Financeiras do ICMS ¿ Desoneração ¿ L.C. Nº 87/96;7623,10;6328
2014;Prefeitura Municipal de São Francisco de Goiás - GO;5219902;GO;DCA-Anexo I-C;NA;Deduções - Transferências Constitucionais;RO1.7.2.1.36.00.00;1.7.2.1.36.00.00 - Transferências Financeiras do ICMS ¿ Desoneração ¿ L.C. Nº 87/96;1078,33;6328
2014;Prefeitura Municipal de São Francisco de Goiás - GO;5219902;GO;DCA-Anexo I-C;NA;Receitas Brutas Realizadas;RO1.7.2.1.99.00.00;1.7.2.1.99.00.00 - Outras Transferências da União;190279,39;6328
2014;Prefeitura Municipal de São Francisco de Goiás - GO;5219902;GO;DCA-Anexo I-C;NA;Receitas Brutas Realizadas;RO1.7.2.2.00.00.00;1.7.2.2.00.00.00 - Transferências dos Estados;3187775,84;6328
2014;Prefeitura Municipal de São Francisco de Goiás - GO;5219902;GO;DCA-Anexo I-C;NA;Deduções - Transferências Constitucionais;RO1.7.2.2.00.00.00;1.7.2.2.00.00.00 - Transferências dos Estados;571981,28;6328
2014;Prefeitura Municipal de São Francisco de Goiás - GO;5219902;GO;DCA-Anexo I-C;NA;Receitas Brutas Realizadas;RO1.7.2.2.01.00.00;1.7.2.2.01.00.00 - Participação na Receita dos Estados;2978145,84;6328
2014;Prefeitura Municipal de São Francisco de Goiás - GO;5219902;GO;DCA-Anexo I-C;NA;Deduções - Transferências Constitucionais;RO1.7.2.2.01.00.00;1.7.2.2.01.00.00 - Participação na Receita dos Estados;571981,28;6328
2014;Prefeitura Municipal de São Francisco de Goiás - GO;5219902;GO;DCA-Anexo I-C;NA;Receitas Brutas Realizadas;RO1.7.2.2.01.01.00;1.7.2.2.01.01.00 - Cota-Parte do ICMS;2817925,47;6328
2014;Prefeitura Municipal de São Francisco de Goiás - GO;5219902;GO;DCA-Anexo I-C;NA;Deduções - Transferências Constitucionais;RO1.7.2.2.01.01.00;1.7.2.2.01.01.00 - Cota-Parte do ICMS;540126,81;6328
2014;Prefeitura Municipal de São Francisco de Goiás - GO;5219902;GO;DCA-Anexo I-C;NA;Receitas Brutas Realizadas;RO1.7.2.2.01.02.00;1.7.2.2.01.02.00 - Cota-Parte do IPVA;133436,10;6328
2014;Prefeitura Municipal de São Francisco de Goiás - GO;5219902;GO;DCA-Anexo I-C;NA;Deduções - Transferências Constitucionais;RO1.7.2.2.01.02.00;1.7.2.2.01.02.00 - Cota-Parte do IPVA;26666,06;6328
2014;Prefeitura Municipal de São Francisco de Goiás - GO;5219902;GO;DCA-Anexo I-C;NA;Receitas Brutas Realizadas;RO1.7.2.2.01.04.00;1.7.2.2.01.04.00 - Cota-Parte do IPI sobre Exportação;24502,19;6328
2014;Prefeitura Municipal de São Francisco de Goiás - GO;5219902;GO;DCA-Anexo I-C;NA;Deduções - Transferências Constitucionais;RO1.7.2.2.01.04.00;1.7.2.2.01.04.00 - Cota-Parte do IPI sobre Exportação;5188,41;6328
2014;Prefeitura Municipal de São Francisco de Goiás - GO;5219902;GO;DCA-Anexo I-C;NA;Receitas Brutas Realizadas;RO1.7.2.2.01.13.00;1.7.2.2.01.13.00 - Cota-Parte da Contribuição de Intervenção no Domínio Econômico;2282,08;6328
2014;Prefeitura Municipal de São Francisco de Goiás - GO;5219902;GO;DCA-Anexo I-C;NA;Receitas Brutas Realizadas;RO1.7.2.2.33.00.00;1.7.2.2.33.00.00 - Transferências de Recursos do Estado para Programas de Saúde - Repasse Fundo a Fundo;54780,00;6328
2014;Prefeitura Municipal de São Francisco de Goiás - GO;5219902;GO;DCA-Anexo I-C;NA;Receitas Brutas Realizadas;RO1.7.2.2.99.00.00;1.7.2.2.99.00.00 - Outras Transferências dos Estados;154850,00;6328
2014;Prefeitura Municipal de São Francisco de Goiás - GO;5219902;GO;DCA-Anexo I-C;NA;Receitas Brutas Realizadas;RO1.7.2.4.00.00.00;1.7.2.4.00.00.00 - Transferências Multigovernamentais;2017502,61;6328
2014;Prefeitura Municipal de São Francisco de Goiás - GO;5219902;GO;DCA-Anexo I-C;NA;Receitas Brutas Realizadas;RO1.7.2.4.01.00.00;1.7.2.4.01.00.00 - Transferências de Recursos do Fundo de Manutenção e Desenvolvimento do Ensino Fundamental e de Valorização do Magistério - FUNDEB;2017502,61;6328
2014;Prefeitura Municipal de São Francisco de Goiás - GO;5219902;GO;DCA-Anexo I-C;NA;Receitas Brutas Realizadas;RO1.7.6.0.00.00.00;1.7.6.0.00.00.00 - Transferências de Convênios;40800,00;6328
2014;Prefeitura Municipal de São Francisco de Goiás - GO;5219902;GO;DCA-Anexo I-C;NA;Receitas Brutas Realizadas;RO1.7.6.1.00.00.00;1.7.6.1.00.00.00 - Transferências de Convênios da União e de Suas Entidades;40800,00;6328
2014;Prefeitura Municipal de São Francisco de Goiás - GO;5219902;GO;DCA-Anexo I-C;NA;Receitas Brutas Realizadas;RO1.7.6.1.01.00.00;1.7.6.1.01.00.00 - Transferências de Convênios da União para o Sistema Único de Saúde - SUS;40800,00;6328
2014;Prefeitura Municipal de São Francisco de Goiás - GO;5219902;GO;DCA-Anexo I-C;NA;Receitas Brutas Realizadas;RO1.9.0.0.00.00.00;1.9.0.0.00.00.00 - Outras Receitas Correntes;334731,45;6328
2014;Prefeitura Municipal de São Francisco de Goiás - GO;5219902;GO;DCA-Anexo I-C;NA;Receitas Brutas Realizadas;RO1.9.1.0.00.00.00;1.9.1.0.00.00.00 - Multas e Juros de Mora;27417,59;6328
2014;Prefeitura Municipal de São Francisco de Goiás - GO;5219902;GO;DCA-Anexo I-C;NA;Receitas Brutas Realizadas;RO1.9.1.1.00.00.00;1.9.1.1.00.00.00 - Multas e Juros de Mora dos Tributos;27417,59;6328
2014;Prefeitura Municipal de São Francisco de Goiás - GO;5219902;GO;DCA-Anexo I-C;NA;Receitas Brutas Realizadas;RO1.9.2.0.00.00.00;1.9.2.0.00.00.00 - Indenizações e Restituições;149612,34;6328
2014;Prefeitura Municipal de São Francisco de Goiás - GO;5219902;GO;DCA-Anexo I-C;NA;Receitas Brutas Realizadas;RO1.9.2.1.00.00.00;1.9.2.1.00.00.00 - Indenizações;149612,34;6328
2014;Prefeitura Municipal de São Francisco de Goiás - GO;5219902;GO;DCA-Anexo I-C;NA;Receitas Brutas Realizadas;RO1.9.3.0.00.00.00;1.9.3.0.00.00.00 - Receita da Dívida Ativa;122631,48;6328
2014;Prefeitura Municipal de São Francisco de Goiás - GO;5219902;GO;DCA-Anexo I-C;NA;Receitas Brutas Realizadas;RO1.9.3.1.00.00.00;1.9.3.1.00.00.00 - Receita da Dívida Ativa Tributária;122631,48;6328
2014;Prefeitura Municipal de São Francisco de Goiás - GO;5219902;GO;DCA-Anexo I-C;NA;Receitas Brutas Realizadas;RO1.9.9.0.00.00.00;1.9.9.0.00.00.00 - Receitas Diversas;35070,04;6328
2014;Prefeitura Municipal de São Francisco de Goiás - GO;5219902;GO;DCA-Anexo I-C;NA;Receitas Brutas Realizadas;RO2.0.0.0.00.00.00;2.0.0.0.00.00.00 - Receitas de Capital;15750,00;6328
2014;Prefeitura Municipal de São Francisco de Goiás - GO;5219902;GO;DCA-Anexo I-C;NA;Receitas Brutas Realizadas;RO2.4.0.0.00.00.00;2.4.0.0.00.00.00 - Transferências de Capital;15750,00;6328
2014;Prefeitura Municipal de São Francisco de Goiás - GO;5219902;GO;DCA-Anexo I-C;NA;Receitas Brutas Realizadas;RO2.4.7.0.00.00.00;2.4.7.0.00.00.00 - Transferências de Convênios;15750,00;6328
2014;Prefeitura Municipal de São Francisco de Goiás - GO;5219902;GO;DCA-Anexo I-C;NA;Receitas Brutas Realizadas;RO2.4.7.1.00.00.00;2.4.7.1.00.00.00 - Transferências de Convênios da União e de suas Entidades;15750,00;6328
2014;Prefeitura Municipal de São Francisco de Goiás - GO;5219902;GO;DCA-Anexo I-C;NA;Receitas Brutas Realizadas;RO2.4.7.1.01.00.00;2.4.7.1.01.00.00 - Transferências de Convênios da União para o Sistema Único de Saúde - SUS;15750,00;6328
2015;Prefeitura Municipal de São Francisco de Goiás - GO;5219902;GO;DCA-Anexo I-C;NA;Receitas Brutas Realizadas;TotalReceitas;Total Receitas;16287108,53;6328
2015;Prefeitura Municipal de São Francisco de Goiás - GO;5219902;GO;DCA-Anexo I-C;NA;Deduções - FUNDEB;TotalReceitas;Total Receitas;1885422,79;6328
2015;Prefeitura Municipal de São Francisco de Goiás - GO;5219902;GO;DCA-Anexo I-C;NA;Receitas Brutas Realizadas;RO1.0.0.0.00.00.00;1.0.0.0.00.00.00 - Receitas Correntes;15934638,03;6328
2015;Prefeitura Municipal de São Francisco de Goiás - GO;5219902;GO;DCA-Anexo I-C;NA;Deduções - FUNDEB;RO1.0.0.0.00.00.00;1.0.0.0.00.00.00 - Receitas Correntes;1885422,79;6328
2015;Prefeitura Municipal de São Francisco de Goiás - GO;5219902;GO;DCA-Anexo I-C;NA;Receitas Brutas Realizadas;RO1.1.0.0.00.00.00;1.1.0.0.00.00.00 - Receita Tributária;1723583,58;6328
2015;Prefeitura Municipal de São Francisco de Goiás - GO;5219902;GO;DCA-Anexo I-C;NA;Receitas Brutas Realizadas;RO1.1.1.0.00.00.00;1.1.1.0.00.00.00 - Impostos;1616212,32;6328
2015;Prefeitura Municipal de São Francisco de Goiás - GO;5219902;GO;DCA-Anexo I-C;NA;Receitas Brutas Realizadas;RO1.1.1.2.00.00.00;1.1.1.2.00.00.00 - Impostos sobre o Patrimônio e a Renda;449919,72;6328
2015;Prefeitura Municipal de São Francisco de Goiás - GO;5219902;GO;DCA-Anexo I-C;NA;Receitas Brutas Realizadas;RO1.1.1.2.02.00.00;1.1.1.2.02.00.00 - Imposto sobre a Propriedade Predial e Territorial Urbana ¿ IPTU;59613,80;6328
2015;Prefeitura Municipal de São Francisco de Goiás - GO;5219902;GO;DCA-Anexo I-C;NA;Receitas Brutas Realizadas;RO1.1.1.2.04.00.00;1.1.1.2.04.00.00 - Imposto sobre a Renda e Proventos de Qualquer Natureza ¿ IR;280329,23;6328
2015;Prefeitura Municipal de São Francisco de Goiás - GO;5219902;GO;DCA-Anexo I-C;NA;Receitas Brutas Realizadas;RO1.1.1.2.04.31.00;1.1.1.2.04.31.00 - Retido nas Fontes - Trabalho;280329,23;6328
2015;Prefeitura Municipal de São Francisco de Goiás - GO;5219902;GO;DCA-Anexo I-C;NA;Receitas Brutas Realizadas;RO1.1.1.2.08.00.00;"1.1.1.2.08.00.00 - Imposto sobre Transmissão ""Inter Vivos"" de Bens Imóveis e de Direitos Reais sobre Imóveis ¿ ITBI";109976,69;6328
2015;Prefeitura Municipal de São Francisco de Goiás - GO;5219902;GO;DCA-Anexo I-C;NA;Receitas Brutas Realizadas;RO1.1.1.3.00.00.00;1.1.1.3.00.00.00 - Impostos sobre a Produção e a Circulação;1166292,60;6328
2015;Prefeitura Municipal de São Francisco de Goiás - GO;5219902;GO;DCA-Anexo I-C;NA;Receitas Brutas Realizadas;RO1.1.1.3.05.00.00;1.1.1.3.05.00.00 - Imposto sobre Serviços de Qualquer Natureza ¿ ISSQN;1166292,60;6328
2015;Prefeitura Municipal de São Francisco de Goiás - GO;5219902;GO;DCA-Anexo I-C;NA;Receitas Brutas Realizadas;RO1.1.2.0.00.00.00;1.1.2.0.00.00.00 - Taxas;81510,76;6328
2015;Prefeitura Municipal de São Francisco de Goiás - GO;5219902;GO;DCA-Anexo I-C;NA;Receitas Brutas Realizadas;RO1.1.2.2.00.00.00;1.1.2.2.00.00.00 - Taxas pela Prestação de Serviços;81510,76;6328
2015;Prefeitura Municipal de São Francisco de Goiás - GO;5219902;GO;DCA-Anexo I-C;NA;Receitas Brutas Realizadas;RO1.1.3.0.00.00.00;1.1.3.0.00.00.00 - Contribuição de Melhoria;25860,50;6328
2015;Prefeitura Municipal de São Francisco de Goiás - GO;5219902;GO;DCA-Anexo I-C;NA;Receitas Brutas Realizadas;RO1.3.0.0.00.00.00;1.3.0.0.00.00.00 - Receita Patrimonial;89820,15;6328
2015;Prefeitura Municipal de São Francisco de Goiás - GO;5219902;GO;DCA-Anexo I-C;NA;Receitas Brutas Realizadas;RO1.3.2.0.00.00.00;1.3.2.0.00.00.00 - Receitas de Valores Mobiliários;89820,15;6328
2015;Prefeitura Municipal de São Francisco de Goiás - GO;5219902;GO;DCA-Anexo I-C;NA;Receitas Brutas Realizadas;RO1.3.2.5.00.00.00;1.3.2.5.00.00.00 - Remuneração de Depósitos Bancários;89820,15;6328
2015;Prefeitura Municipal de São Francisco de Goiás - GO;5219902;GO;DCA-Anexo I-C;NA;Receitas Brutas Realizadas;RO1.4.0.0.00.00.00;1.4.0.0.00.00.00 - Receita Agropecuária;88,56;6328
2015;Prefeitura Municipal de São Francisco de Goiás - GO;5219902;GO;DCA-Anexo I-C;NA;Receitas Brutas Realizadas;RO1.4.9.0.00.00.00;1.4.9.0.00.00.00 - Outras Receitas Agropecuárias;88,56;6328
2015;Prefeitura Municipal de São Francisco de Goiás - GO;5219902;GO;DCA-Anexo I-C;NA;Receitas Brutas Realizadas;RO1.7.0.0.00.00.00;1.7.0.0.00.00.00 - Transferências Correntes;13974232,57;6328
2015;Prefeitura Municipal de São Francisco de Goiás - GO;5219902;GO;DCA-Anexo I-C;NA;Deduções - FUNDEB;RO1.7.0.0.00.00.00;1.7.0.0.00.00.00 - Transferências Correntes;1885422,79;6328
2015;Prefeitura Municipal de São Francisco de Goiás - GO;5219902;GO;DCA-Anexo I-C;NA;Receitas Brutas Realizadas;RO1.7.2.0.00.00.00;1.7.2.0.00.00.00 - Transferências Intergovernamentais;13503232,57;6328
2015;Prefeitura Municipal de São Francisco de Goiás - GO;5219902;GO;DCA-Anexo I-C;NA;Deduções - FUNDEB;RO1.7.2.0.00.00.00;1.7.2.0.00.00.00 - Transferências Intergovernamentais;1885422,79;6328
2015;Prefeitura Municipal de São Francisco de Goiás - GO;5219902;GO;DCA-Anexo I-C;NA;Receitas Brutas Realizadas;RO1.7.2.1.00.00.00;1.7.2.1.00.00.00 - Transferências da União;8284461,85;6328
2015;Prefeitura Municipal de São Francisco de Goiás - GO;5219902;GO;DCA-Anexo I-C;NA;Deduções - FUNDEB;RO1.7.2.1.00.00.00;1.7.2.1.00.00.00 - Transferências da União;1288159,31;6328
2015;Prefeitura Municipal de São Francisco de Goiás - GO;5219902;GO;DCA-Anexo I-C;NA;Receitas Brutas Realizadas;RO1.7.2.1.01.00.00;1.7.2.1.01.00.00 - Participação na Receita da União;6435260,83;6328
2015;Prefeitura Municipal de São Francisco de Goiás - GO;5219902;GO;DCA-Anexo I-C;NA;Deduções - FUNDEB;RO1.7.2.1.01.00.00;1.7.2.1.01.00.00 - Participação na Receita da União;1287051,70;6328
2015;Prefeitura Municipal de São Francisco de Goiás - GO;5219902;GO;DCA-Anexo I-C;NA;Receitas Brutas Realizadas;RO1.7.2.1.01.02.00;1.7.2.1.01.02.00 - Cota-Parte do Fundo de Participação dos Municípios ¿ FPM;6390043,08;6328
2015;Prefeitura Municipal de São Francisco de Goiás - GO;5219902;GO;DCA-Anexo I-C;NA;Deduções - FUNDEB;RO1.7.2.1.01.02.00;1.7.2.1.01.02.00 - Cota-Parte do Fundo de Participação dos Municípios ¿ FPM;1278008,27;6328
2015;Prefeitura Municipal de São Francisco de Goiás - GO;5219902;GO;DCA-Anexo I-C;NA;Receitas Brutas Realizadas;RO1.7.2.1.01.05.00;1.7.2.1.01.05.00 - Cota-Parte do Imposto Sobre a Propriedade Territorial Rural ¿ ITR;45217,75;6328
2015;Prefeitura Municipal de São Francisco de Goiás - GO;5219902;GO;DCA-Anexo I-C;NA;Deduções - FUNDEB;RO1.7.2.1.01.05.00;1.7.2.1.01.05.00 - Cota-Parte do Imposto Sobre a Propriedade Territorial Rural ¿ ITR;9043,43;6328
2015;Prefeitura Municipal de São Francisco de Goiás - GO;5219902;GO;DCA-Anexo I-C;NA;Receitas Brutas Realizadas;RO1.7.2.1.22.00.00;1.7.2.1.22.00.00 - Transferências da Compensação Financeira pela Exploração de Recursos Naturais;71649,21;6328
2015;Prefeitura Municipal de São Francisco de Goiás - GO;5219902;GO;DCA-Anexo I-C;NA;Receitas Brutas Realizadas;RO1.7.2.1.22.70.00;1.7.2.1.22.70.00 - Cota-Parte do Fundo Especial do Petróleo ¿ FEP;71649,21;6328
2015;Prefeitura Municipal de São Francisco de Goiás - GO;5219902;GO;DCA-Anexo I-C;NA;Receitas Brutas Realizadas;RO1.7.2.1.33.00.00;1.7.2.1.33.00.00 - Transferências de Recursos do Sistema Único de Saúde - SUS - Repasses Fundo a Fundo;919539,53;6328
2015;Prefeitura Municipal de São Francisco de Goiás - GO;5219902;GO;DCA-Anexo I-C;NA;Receitas Brutas Realizadas;RO1.7.2.1.34.00.00;1.7.2.1.34.00.00 - Transferências de Recursos do Fundo Nacional de Assistência Social ¿ FNAS;221666,09;6328
2015;Prefeitura Municipal de São Francisco de Goiás - GO;5219902;GO;DCA-Anexo I-C;NA;Receitas Brutas Realizadas;RO1.7.2.1.35.00.00;1.7.2.1.35.00.00 - Transferências de Recursos do Fundo Nacional do Desenvolvimento da Educação ¿ FNDE;228589,07;6328
2015;Prefeitura Municipal de São Francisco de Goiás - GO;5219902;GO;DCA-Anexo I-C;NA;Receitas Brutas Realizadas;RO1.7.2.1.36.00.00;1.7.2.1.36.00.00 - Transferências Financeiras do ICMS ¿ Desoneração ¿ L.C. Nº 87/96;17312,46;6328
2015;Prefeitura Municipal de São Francisco de Goiás - GO;5219902;GO;DCA-Anexo I-C;NA;Deduções - FUNDEB;RO1.7.2.1.36.00.00;1.7.2.1.36.00.00 - Transferências Financeiras do ICMS ¿ Desoneração ¿ L.C. Nº 87/96;1107,61;6328
2015;Prefeitura Municipal de São Francisco de Goiás - GO;5219902;GO;DCA-Anexo I-C;NA;Receitas Brutas Realizadas;RO1.7.2.1.99.00.00;1.7.2.1.99.00.00 - Outras Transferências da União;390444,66;6328
2015;Prefeitura Municipal de São Francisco de Goiás - GO;5219902;GO;DCA-Anexo I-C;NA;Receitas Brutas Realizadas;RO1.7.2.2.00.00.00;1.7.2.2.00.00.00 - Transferências dos Estados;3158115,71;6328
2015;Prefeitura Municipal de São Francisco de Goiás - GO;5219902;GO;DCA-Anexo I-C;NA;Deduções - FUNDEB;RO1.7.2.2.00.00.00;1.7.2.2.00.00.00 - Transferências dos Estados;597263,48;6328
2015;Prefeitura Municipal de São Francisco de Goiás - GO;5219902;GO;DCA-Anexo I-C;NA;Receitas Brutas Realizadas;RO1.7.2.2.01.00.00;1.7.2.2.01.00.00 - Participação na Receita dos Estados;2982650,42;6328
2015;Prefeitura Municipal de São Francisco de Goiás - GO;5219902;GO;DCA-Anexo I-C;NA;Deduções - FUNDEB;RO1.7.2.2.01.00.00;1.7.2.2.01.00.00 - Participação na Receita dos Estados;597263,48;6328
2015;Prefeitura Municipal de São Francisco de Goiás - GO;5219902;GO;DCA-Anexo I-C;NA;Receitas Brutas Realizadas;RO1.7.2.2.01.01.00;1.7.2.2.01.01.00 - Cota-Parte do ICMS;2764385,53;6328
2015;Prefeitura Municipal de São Francisco de Goiás - GO;5219902;GO;DCA-Anexo I-C;NA;Deduções - FUNDEB;RO1.7.2.2.01.01.00;1.7.2.2.01.01.00 - Cota-Parte do ICMS;557348,46;6328
2015;Prefeitura Municipal de São Francisco de Goiás - GO;5219902;GO;DCA-Anexo I-C;NA;Receitas Brutas Realizadas;RO1.7.2.2.01.02.00;1.7.2.2.01.02.00 - Cota-Parte do IPVA;185790,68;6328
2015;Prefeitura Municipal de São Francisco de Goiás - GO;5219902;GO;DCA-Anexo I-C;NA;Deduções - FUNDEB;RO1.7.2.2.01.02.00;1.7.2.2.01.02.00 - Cota-Parte do IPVA;35163,81;6328
2015;Prefeitura Municipal de São Francisco de Goiás - GO;5219902;GO;DCA-Anexo I-C;NA;Receitas Brutas Realizadas;RO1.7.2.2.01.04.00;1.7.2.2.01.04.00 - Cota-Parte do IPI sobre Exportação;23756,27;6328
2015;Prefeitura Municipal de São Francisco de Goiás - GO;5219902;GO;DCA-Anexo I-C;NA;Deduções - FUNDEB;RO1.7.2.2.01.04.00;1.7.2.2.01.04.00 - Cota-Parte do IPI sobre Exportação;4751,21;6328
2015;Prefeitura Municipal de São Francisco de Goiás - GO;5219902;GO;DCA-Anexo I-C;NA;Receitas Brutas Realizadas;RO1.7.2.2.01.13.00;1.7.2.2.01.13.00 - Cota-Parte da Contribuição de Intervenção no Domínio Econômico;8717,94;6328
2015;Prefeitura Municipal de São Francisco de Goiás - GO;5219902;GO;DCA-Anexo I-C;NA;Receitas Brutas Realizadas;RO1.7.2.2.22.00.00;1.7.2.2.22.00.00 - Transferências da Cota-Parte da Compensação Financeira (25%);390,44;6328
2015;Prefeitura Municipal de São Francisco de Goiás - GO;5219902;GO;DCA-Anexo I-C;NA;Receitas Brutas Realizadas;RO1.7.2.2.22.20.00;1.7.2.2.22.20.00 - Cota-Parte da Compensação Financeira de Recursos Minerais - CFEM;390,44;6328
2015;Prefeitura Municipal de São Francisco de Goiás - GO;5219902;GO;DCA-Anexo I-C;NA;Receitas Brutas Realizadas;RO1.7.2.2.33.00.00;1.7.2.2.33.00.00 - Transferências de Recursos do Estado para Programas de Saúde - Repasse Fundo a Fundo;36324,85;6328
2015;Prefeitura Municipal de São Francisco de Goiás - GO;5219902;GO;DCA-Anexo I-C;NA;Receitas Brutas Realizadas;RO1.7.2.2.99.00.00;1.7.2.2.99.00.00 - Outras Transferências dos Estados;138750,00;6328
2015;Prefeitura Municipal de São Francisco de Goiás - GO;5219902;GO;DCA-Anexo I-C;NA;Receitas Brutas Realizadas;RO1.7.2.4.00.00.00;1.7.2.4.00.00.00 - Transferências Multigovernamentais;2060655,01;6328
2015;Prefeitura Municipal de São Francisco de Goiás - GO;5219902;GO;DCA-Anexo I-C;NA;Receitas Brutas Realizadas;RO1.7.2.4.01.00.00;1.7.2.4.01.00.00 - Transferências de Recursos do Fundo de Manutenção e Desenvolvimento do Ensino Fundamental e de Valorização do Magistério - FUNDEB;2060655,01;6328
2015;Prefeitura Municipal de São Francisco de Goiás - GO;5219902;GO;DCA-Anexo I-C;NA;Receitas Brutas Realizadas;RO1.7.6.0.00.00.00;1.7.6.0.00.00.00 - Transferências de Convênios;471000,00;6328
2015;Prefeitura Municipal de São Francisco de Goiás - GO;5219902;GO;DCA-Anexo I-C;NA;Receitas Brutas Realizadas;RO1.7.6.1.00.00.00;1.7.6.1.00.00.00 - Transferências de Convênios da União e de Suas Entidades;471000,00;6328
2015;Prefeitura Municipal de São Francisco de Goiás - GO;5219902;GO;DCA-Anexo I-C;NA;Receitas Brutas Realizadas;RO1.7.6.1.02.00.00;1.7.6.1.02.00.00 - Transferências de Convênios da União Destinadas a Programas de Educação;471000,00;6328
2015;Prefeitura Municipal de São Francisco de Goiás - GO;5219902;GO;DCA-Anexo I-C;NA;Receitas Brutas Realizadas;RO1.9.0.0.00.00.00;1.9.0.0.00.00.00 - Outras Receitas Correntes;146913,17;6328
2015;Prefeitura Municipal de São Francisco de Goiás - GO;5219902;GO;DCA-Anexo I-C;NA;Receitas Brutas Realizadas;RO1.9.1.0.00.00.00;1.9.1.0.00.00.00 - Multas e Juros de Mora;1450,72;6328
2015;Prefeitura Municipal de São Francisco de Goiás - GO;5219902;GO;DCA-Anexo I-C;NA;Receitas Brutas Realizadas;RO1.9.1.1.00.00.00;1.9.1.1.00.00.00 - Multas e Juros de Mora dos Tributos;1450,72;6328
2015;Prefeitura Municipal de São Francisco de Goiás - GO;5219902;GO;DCA-Anexo I-C;NA;Receitas Brutas Realizadas;RO1.9.1.1.99.00.00;1.9.1.1.99.00.00 - Multas e Juros de Mora de Outros Tributos;1450,72;6328
2015;Prefeitura Municipal de São Francisco de Goiás - GO;5219902;GO;DCA-Anexo I-C;NA;Receitas Brutas Realizadas;RO1.9.2.0.00.00.00;1.9.2.0.00.00.00 - Indenizações e Restituições;94230,45;6328
2015;Prefeitura Municipal de São Francisco de Goiás - GO;5219902;GO;DCA-Anexo I-C;NA;Receitas Brutas Realizadas;RO1.9.2.1.00.00.00;1.9.2.1.00.00.00 - Indenizações;1957,02;6328
2015;Prefeitura Municipal de São Francisco de Goiás - GO;5219902;GO;DCA-Anexo I-C;NA;Receitas Brutas Realizadas;RO1.9.2.2.00.00.00;1.9.2.2.00.00.00 - Restituições;92273,43;6328
2015;Prefeitura Municipal de São Francisco de Goiás - GO;5219902;GO;DCA-Anexo I-C;NA;Receitas Brutas Realizadas;RO1.9.2.2.99.00.00;1.9.2.2.99.00.00 - Outras Restituições;92273,43;6328
2015;Prefeitura Municipal de São Francisco de Goiás - GO;5219902;GO;DCA-Anexo I-C;NA;Receitas Brutas Realizadas;RO1.9.3.0.00.00.00;1.9.3.0.00.00.00 - Receita da Dívida Ativa;15085,93;6328
2015;Prefeitura Municipal de São Francisco de Goiás - GO;5219902;GO;DCA-Anexo I-C;NA;Receitas Brutas Realizadas;RO1.9.3.1.00.00.00;1.9.3.1.00.00.00 - Receita da Dívida Ativa Tributária;15085,93;6328
2015;Prefeitura Municipal de São Francisco de Goiás - GO;5219902;GO;DCA-Anexo I-C;NA;Receitas Brutas Realizadas;RO1.9.3.1.11.00.00;1.9.3.1.11.00.00 - Receita da Dívida Ativa do Imposto sobre a Propriedade Predial e Territorial Urbana ¿ IPTU;15085,93;6328
2015;Prefeitura Municipal de São Francisco de Goiás - GO;5219902;GO;DCA-Anexo I-C;NA;Receitas Brutas Realizadas;RO1.9.9.0.00.00.00;1.9.9.0.00.00.00 - Receitas Diversas;36146,07;6328
2015;Prefeitura Municipal de São Francisco de Goiás - GO;5219902;GO;DCA-Anexo I-C;NA;Receitas Brutas Realizadas;RO2.0.0.0.00.00.00;2.0.0.0.00.00.00 - Receitas de Capital;352470,50;6328
2015;Prefeitura Municipal de São Francisco de Goiás - GO;5219902;GO;DCA-Anexo I-C;NA;Receitas Brutas Realizadas;RO2.4.0.0.00.00.00;2.4.0.0.00.00.00 - Transferências de Capital;352470,50;6328
2015;Prefeitura Municipal de São Francisco de Goiás - GO;5219902;GO;DCA-Anexo I-C;NA;Receitas Brutas Realizadas;RO2.4.7.0.00.00.00;2.4.7.0.00.00.00 - Transferências de Convênios;352470,50;6328
2015;Prefeitura Municipal de São Francisco de Goiás - GO;5219902;GO;DCA-Anexo I-C;NA;Receitas Brutas Realizadas;RO2.4.7.1.00.00.00;2.4.7.1.00.00.00 - Transferências de Convênios da União e de suas Entidades;277500,00;6328
2015;Prefeitura Municipal de São Francisco de Goiás - GO;5219902;GO;DCA-Anexo I-C;NA;Receitas Brutas Realizadas;RO2.4.7.1.01.00.00;2.4.7.1.01.00.00 - Transferências de Convênios da União para o Sistema Único de Saúde - SUS;63000,00;6328
2015;Prefeitura Municipal de São Francisco de Goiás - GO;5219902;GO;DCA-Anexo I-C;NA;Receitas Brutas Realizadas;RO2.4.7.1.99.00.00;2.4.7.1.99.00.00 - Outras Transferências de Convênios da União;214500,00;6328
2015;Prefeitura Municipal de São Francisco de Goiás - GO;5219902;GO;DCA-Anexo I-C;NA;Receitas Brutas Realizadas;RO2.4.7.2.00.00.00;2.4.7.2.00.00.00 - Transferências de Convênios dos Estados e do Distrito Federal e de suas Entidades;74970,50;6328
2015;Prefeitura Municipal de São Francisco de Goiás - GO;5219902;GO;DCA-Anexo I-C;NA;Receitas Brutas Realizadas;RO2.4.7.2.99.00.00;2.4.7.2.99.00.00 - Outras Transferências de Convênios dos Estados;74970,50;6328
2016;Prefeitura Municipal de São Francisco de Goiás - GO;5219902;GO;DCA-Anexo I-C;NA;Receitas Brutas Realizadas;TotalReceitas;Total Receitas;22944008,73;6341
2016;Prefeitura Municipal de São Francisco de Goiás - GO;5219902;GO;DCA-Anexo I-C;NA;Deduções - FUNDEB;TotalReceitas;Total Receitas;2336982,66;6341
2016;Prefeitura Municipal de São Francisco de Goiás - GO;5219902;GO;DCA-Anexo I-C;NA;Receitas Brutas Realizadas;RO1.0.0.0.00.00.00;1.0.0.0.00.00.00 - Receitas Correntes;21029746,11;6341
2016;Prefeitura Municipal de São Francisco de Goiás - GO;5219902;GO;DCA-Anexo I-C;NA;Deduções - FUNDEB;RO1.0.0.0.00.00.00;1.0.0.0.00.00.00 - Receitas Correntes;2336982,66;6341
2016;Prefeitura Municipal de São Francisco de Goiás - GO;5219902;GO;DCA-Anexo I-C;NA;Receitas Brutas Realizadas;RO1.1.0.0.00.00.00;1.1.0.0.00.00.00 - Receita Tributária;1462976,61;6341
2016;Prefeitura Municipal de São Francisco de Goiás - GO;5219902;GO;DCA-Anexo I-C;NA;Receitas Brutas Realizadas;RO1.1.1.0.00.00.00;1.1.1.0.00.00.00 - Impostos;1336614,05;6341
2016;Prefeitura Municipal de São Francisco de Goiás - GO;5219902;GO;DCA-Anexo I-C;NA;Receitas Brutas Realizadas;RO1.1.1.2.00.00.00;1.1.1.2.00.00.00 - Impostos sobre o Patrimônio e a Renda;486043,73;6341
2016;Prefeitura Municipal de São Francisco de Goiás - GO;5219902;GO;DCA-Anexo I-C;NA;Receitas Brutas Realizadas;RO1.1.1.2.02.00.00;1.1.1.2.02.00.00 - Imposto sobre a Propriedade Predial e Territorial Urbana ¿ IPTU;137039,76;6341
2016;Prefeitura Municipal de São Francisco de Goiás - GO;5219902;GO;DCA-Anexo I-C;NA;Receitas Brutas Realizadas;RO1.1.1.2.04.00.00;1.1.1.2.04.00.00 - Imposto sobre a Renda e Proventos de Qualquer Natureza ¿ IR;209785,83;6341
2016;Prefeitura Municipal de São Francisco de Goiás - GO;5219902;GO;DCA-Anexo I-C;NA;Receitas Brutas Realizadas;RO1.1.1.2.04.31.00;1.1.1.2.04.31.00 - Retido nas Fontes - Trabalho;209785,83;6341
2016;Prefeitura Municipal de São Francisco de Goiás - GO;5219902;GO;DCA-Anexo I-C;NA;Receitas Brutas Realizadas;RO1.1.1.2.08.00.00;"1.1.1.2.08.00.00 - Imposto sobre Transmissão ""Inter Vivos"" de Bens Imóveis e de Direitos Reais sobre Imóveis ¿ ITBI";139218,14;6341
2016;Prefeitura Municipal de São Francisco de Goiás - GO;5219902;GO;DCA-Anexo I-C;NA;Receitas Brutas Realizadas;RO1.1.1.3.00.00.00;1.1.1.3.00.00.00 - Impostos sobre a Produção e a Circulação;850570,32;6341
2016;Prefeitura Municipal de São Francisco de Goiás - GO;5219902;GO;DCA-Anexo I-C;NA;Receitas Brutas Realizadas;RO1.1.1.3.05.00.00;1.1.1.3.05.00.00 - Imposto sobre Serviços de Qualquer Natureza ¿ ISSQN;850570,32;6341
2016;Prefeitura Municipal de São Francisco de Goiás - GO;5219902;GO;DCA-Anexo I-C;NA;Receitas Brutas Realizadas;RO1.1.2.0.00.00.00;1.1.2.0.00.00.00 - Taxas;90354,97;6341
2016;Prefeitura Municipal de São Francisco de Goiás - GO;5219902;GO;DCA-Anexo I-C;NA;Receitas Brutas Realizadas;RO1.1.2.1.00.00.00;1.1.2.1.00.00.00 - Taxas pelo Exercício do Poder de Polícia;5205,37;6341
2016;Prefeitura Municipal de São Francisco de Goiás - GO;5219902;GO;DCA-Anexo I-C;NA;Receitas Brutas Realizadas;RO1.1.2.2.00.00.00;1.1.2.2.00.00.00 - Taxas pela Prestação de Serviços;85149,60;6341
2016;Prefeitura Municipal de São Francisco de Goiás - GO;5219902;GO;DCA-Anexo I-C;NA;Receitas Brutas Realizadas;RO1.1.2.2.21.00.00;1.1.2.2.21.00.00 - Taxas de Serviços Cadastrais;1903,33;6341
2016;Prefeitura Municipal de São Francisco de Goiás - GO;5219902;GO;DCA-Anexo I-C;NA;Receitas Brutas Realizadas;RO1.1.2.2.28.00.00;1.1.2.2.28.00.00 - Taxa de Cemitérios;3520,00;6341
2016;Prefeitura Municipal de São Francisco de Goiás - GO;5219902;GO;DCA-Anexo I-C;NA;Receitas Brutas Realizadas;RO1.1.2.2.90.00.00;1.1.2.2.90.00.00 - Taxa de Limpeza Pública;1903,33;6341
2016;Prefeitura Municipal de São Francisco de Goiás - GO;5219902;GO;DCA-Anexo I-C;NA;Receitas Brutas Realizadas;RO1.1.2.2.99.00.00;1.1.2.2.99.00.00 - Outras Taxas pela Prestação de Serviços;77822,94;6341
2016;Prefeitura Municipal de São Francisco de Goiás - GO;5219902;GO;DCA-Anexo I-C;NA;Receitas Brutas Realizadas;RO1.1.3.0.00.00.00;1.1.3.0.00.00.00 - Contribuição de Melhoria;36007,59;6341
2016;Prefeitura Municipal de São Francisco de Goiás - GO;5219902;GO;DCA-Anexo I-C;NA;Receitas Brutas Realizadas;RO1.1.3.0.99.00.00;1.1.3.0.99.00.00 - Outras Contribuições de Melhoria;36007,59;6341
2016;Prefeitura Municipal de São Francisco de Goiás - GO;5219902;GO;DCA-Anexo I-C;NA;Receitas Brutas Realizadas;RO1.2.0.0.00.00.00;1.2.0.0.00.00.00 - Receitas de Contribuições;2539,24;6341
2016;Prefeitura Municipal de São Francisco de Goiás - GO;5219902;GO;DCA-Anexo I-C;NA;Receitas Brutas Realizadas;RO1.2.1.0.00.00.00;1.2.1.0.00.00.00 - Contribuições Sociais;2539,24;6341
2016;Prefeitura Municipal de São Francisco de Goiás - GO;5219902;GO;DCA-Anexo I-C;NA;Receitas Brutas Realizadas;RO1.2.1.0.99.00.00;1.2.1.0.99.00.00 - Outras Contribuições Sociais;2539,24;6341
2016;Prefeitura Municipal de São Francisco de Goiás - GO;5219902;GO;DCA-Anexo I-C;NA;Receitas Brutas Realizadas;RO1.3.0.0.00.00.00;1.3.0.0.00.00.00 - Receita Patrimonial;123944,99;6341
2016;Prefeitura Municipal de São Francisco de Goiás - GO;5219902;GO;DCA-Anexo I-C;NA;Receitas Brutas Realizadas;RO1.3.1.0.00.00.00;1.3.1.0.00.00.00 - Receitas Imobiliárias;951,67;6341
2016;Prefeitura Municipal de São Francisco de Goiás - GO;5219902;GO;DCA-Anexo I-C;NA;Receitas Brutas Realizadas;RO1.3.1.9.00.00.00;1.3.1.9.00.00.00 - Outras Receitas Imobiliárias;951,67;6341
2016;Prefeitura Municipal de São Francisco de Goiás - GO;5219902;GO;DCA-Anexo I-C;NA;Receitas Brutas Realizadas;RO1.3.2.0.00.00.00;1.3.2.0.00.00.00 - Receitas de Valores Mobiliários;122993,32;6341
2016;Prefeitura Municipal de São Francisco de Goiás - GO;5219902;GO;DCA-Anexo I-C;NA;Receitas Brutas Realizadas;RO1.3.2.5.00.00.00;1.3.2.5.00.00.00 - Remuneração de Depósitos Bancários;122993,32;6341
2016;Prefeitura Municipal de São Francisco de Goiás - GO;5219902;GO;DCA-Anexo I-C;NA;Receitas Brutas Realizadas;RO1.4.0.0.00.00.00;1.4.0.0.00.00.00 - Receita Agropecuária;951,67;6341
2016;Prefeitura Municipal de São Francisco de Goiás - GO;5219902;GO;DCA-Anexo I-C;NA;Receitas Brutas Realizadas;RO1.4.9.0.00.00.00;1.4.9.0.00.00.00 - Outras Receitas Agropecuárias;951,67;6341
2016;Prefeitura Municipal de São Francisco de Goiás - GO;5219902;GO;DCA-Anexo I-C;NA;Receitas Brutas Realizadas;RO1.5.0.0.00.00.00;1.5.0.0.00.00.00 - Receita Industrial;951,67;6341
2016;Prefeitura Municipal de São Francisco de Goiás - GO;5219902;GO;DCA-Anexo I-C;NA;Receitas Brutas Realizadas;RO1.5.9.0.00.00.00;1.5.9.0.00.00.00 - Outras Receitas Industriais;951,67;6341
2016;Prefeitura Municipal de São Francisco de Goiás - GO;5219902;GO;DCA-Anexo I-C;NA;Receitas Brutas Realizadas;RO1.7.0.0.00.00.00;1.7.0.0.00.00.00 - Transferências Correntes;19254713,79;6341
2016;Prefeitura Municipal de São Francisco de Goiás - GO;5219902;GO;DCA-Anexo I-C;NA;Deduções - FUNDEB;RO1.7.0.0.00.00.00;1.7.0.0.00.00.00 - Transferências Correntes;2336982,66;6341
2016;Prefeitura Municipal de São Francisco de Goiás - GO;5219902;GO;DCA-Anexo I-C;NA;Receitas Brutas Realizadas;RO1.7.2.0.00.00.00;1.7.2.0.00.00.00 - Transferências Intergovernamentais;19254713,79;6341
2016;Prefeitura Municipal de São Francisco de Goiás - GO;5219902;GO;DCA-Anexo I-C;NA;Deduções - FUNDEB;RO1.7.2.0.00.00.00;1.7.2.0.00.00.00 - Transferências Intergovernamentais;2336982,66;6341
2016;Prefeitura Municipal de São Francisco de Goiás - GO;5219902;GO;DCA-Anexo I-C;NA;Receitas Brutas Realizadas;RO1.7.2.1.00.00.00;1.7.2.1.00.00.00 - Transferências da União;12294738,55;6341
2016;Prefeitura Municipal de São Francisco de Goiás - GO;5219902;GO;DCA-Anexo I-C;NA;Deduções - FUNDEB;RO1.7.2.1.00.00.00;1.7.2.1.00.00.00 - Transferências da União;1557980,85;6341
2016;Prefeitura Municipal de São Francisco de Goiás - GO;5219902;GO;DCA-Anexo I-C;NA;Receitas Brutas Realizadas;RO1.7.2.1.01.00.00;1.7.2.1.01.00.00 - Participação na Receita da União;7767954,88;6341
2016;Prefeitura Municipal de São Francisco de Goiás - GO;5219902;GO;DCA-Anexo I-C;NA;Deduções - FUNDEB;RO1.7.2.1.01.00.00;1.7.2.1.01.00.00 - Participação na Receita da União;1554174,19;6341
2016;Prefeitura Municipal de São Francisco de Goiás - GO;5219902;GO;DCA-Anexo I-C;NA;Receitas Brutas Realizadas;RO1.7.2.1.01.02.00;1.7.2.1.01.02.00 - Cota-Parte do Fundo de Participação dos Municípios ¿ FPM;7739404,92;6341
2016;Prefeitura Municipal de São Francisco de Goiás - GO;5219902;GO;DCA-Anexo I-C;NA;Deduções - FUNDEB;RO1.7.2.1.01.02.00;1.7.2.1.01.02.00 - Cota-Parte do Fundo de Participação dos Municípios ¿ FPM;1548464,20;6341
2016;Prefeitura Municipal de São Francisco de Goiás - GO;5219902;GO;DCA-Anexo I-C;NA;Receitas Brutas Realizadas;RO1.7.2.1.01.05.00;1.7.2.1.01.05.00 - Cota-Parte do Imposto Sobre a Propriedade Territorial Rural ¿ ITR;28549,96;6341
2016;Prefeitura Municipal de São Francisco de Goiás - GO;5219902;GO;DCA-Anexo I-C;NA;Deduções - FUNDEB;RO1.7.2.1.01.05.00;1.7.2.1.01.05.00 - Cota-Parte do Imposto Sobre a Propriedade Territorial Rural ¿ ITR;5709,99;6341
2016;Prefeitura Municipal de São Francisco de Goiás - GO;5219902;GO;DCA-Anexo I-C;NA;Receitas Brutas Realizadas;RO1.7.2.1.22.00.00;1.7.2.1.22.00.00 - Transferências da Compensação Financeira pela Exploração de Recursos Naturais;194600,70;6341
2016;Prefeitura Municipal de São Francisco de Goiás - GO;5219902;GO;DCA-Anexo I-C;NA;Receitas Brutas Realizadas;RO1.7.2.1.22.70.00;1.7.2.1.22.70.00 - Cota-Parte do Fundo Especial do Petróleo ¿ FEP;194600,70;6341
2016;Prefeitura Municipal de São Francisco de Goiás - GO;5219902;GO;DCA-Anexo I-C;NA;Receitas Brutas Realizadas;RO1.7.2.1.33.00.00;1.7.2.1.33.00.00 - Transferências de Recursos do Sistema Único de Saúde - SUS - Repasses Fundo a Fundo;1473650,43;6341
2016;Prefeitura Municipal de São Francisco de Goiás - GO;5219902;GO;DCA-Anexo I-C;NA;Receitas Brutas Realizadas;RO1.7.2.1.34.00.00;1.7.2.1.34.00.00 - Transferências de Recursos do Fundo Nacional de Assistência Social ¿ FNAS;259690,83;6341
2016;Prefeitura Municipal de São Francisco de Goiás - GO;5219902;GO;DCA-Anexo I-C;NA;Receitas Brutas Realizadas;RO1.7.2.1.35.00.00;1.7.2.1.35.00.00 - Transferências de Recursos do Fundo Nacional do Desenvolvimento da Educação ¿ FNDE;419272,87;6341
2016;Prefeitura Municipal de São Francisco de Goiás - GO;5219902;GO;DCA-Anexo I-C;NA;Receitas Brutas Realizadas;RO1.7.2.1.36.00.00;1.7.2.1.36.00.00 - Transferências Financeiras do ICMS ¿ Desoneração ¿ L.C. Nº 87/96;19033,31;6341
2016;Prefeitura Municipal de São Francisco de Goiás - GO;5219902;GO;DCA-Anexo I-C;NA;Deduções - FUNDEB;RO1.7.2.1.36.00.00;1.7.2.1.36.00.00 - Transferências Financeiras do ICMS ¿ Desoneração ¿ L.C. Nº 87/96;3806,66;6341
2016;Prefeitura Municipal de São Francisco de Goiás - GO;5219902;GO;DCA-Anexo I-C;NA;Receitas Brutas Realizadas;RO1.7.2.1.99.00.00;1.7.2.1.99.00.00 - Outras Transferências da União;2160535,53;6341
2016;Prefeitura Municipal de São Francisco de Goiás - GO;5219902;GO;DCA-Anexo I-C;NA;Receitas Brutas Realizadas;RO1.7.2.2.00.00.00;1.7.2.2.00.00.00 - Transferências dos Estados;4239065,56;6341
2016;Prefeitura Municipal de São Francisco de Goiás - GO;5219902;GO;DCA-Anexo I-C;NA;Deduções - FUNDEB;RO1.7.2.2.00.00.00;1.7.2.2.00.00.00 - Transferências dos Estados;779001,81;6341
2016;Prefeitura Municipal de São Francisco de Goiás - GO;5219902;GO;DCA-Anexo I-C;NA;Receitas Brutas Realizadas;RO1.7.2.2.01.00.00;1.7.2.2.01.00.00 - Participação na Receita dos Estados;3923899,06;6341
2016;Prefeitura Municipal de São Francisco de Goiás - GO;5219902;GO;DCA-Anexo I-C;NA;Deduções - FUNDEB;RO1.7.2.2.01.00.00;1.7.2.2.01.00.00 - Participação na Receita dos Estados;779001,81;6341
2016;Prefeitura Municipal de São Francisco de Goiás - GO;5219902;GO;DCA-Anexo I-C;NA;Receitas Brutas Realizadas;RO1.7.2.2.01.01.00;1.7.2.2.01.01.00 - Cota-Parte do ICMS;2658967,71;6341
2016;Prefeitura Municipal de São Francisco de Goiás - GO;5219902;GO;DCA-Anexo I-C;NA;Deduções - FUNDEB;RO1.7.2.2.01.01.00;1.7.2.2.01.01.00 - Cota-Parte do ICMS;531793,54;6341
2016;Prefeitura Municipal de São Francisco de Goiás - GO;5219902;GO;DCA-Anexo I-C;NA;Receitas Brutas Realizadas;RO1.7.2.2.01.02.00;1.7.2.2.01.02.00 - Cota-Parte do IPVA;1210000,00;6341
2016;Prefeitura Municipal de São Francisco de Goiás - GO;5219902;GO;DCA-Anexo I-C;NA;Deduções - FUNDEB;RO1.7.2.2.01.02.00;1.7.2.2.01.02.00 - Cota-Parte do IPVA;242000,00;6341
2016;Prefeitura Municipal de São Francisco de Goiás - GO;5219902;GO;DCA-Anexo I-C;NA;Receitas Brutas Realizadas;RO1.7.2.2.01.04.00;1.7.2.2.01.04.00 - Cota-Parte do IPI - Municípios;26041,38;6341
2016;Prefeitura Municipal de São Francisco de Goiás - GO;5219902;GO;DCA-Anexo I-C;NA;Deduções - FUNDEB;RO1.7.2.2.01.04.00;1.7.2.2.01.04.00 - Cota-Parte do IPI - Municípios;5208,27;6341
2016;Prefeitura Municipal de São Francisco de Goiás - GO;5219902;GO;DCA-Anexo I-C;NA;Receitas Brutas Realizadas;RO1.7.2.2.01.13.00;1.7.2.2.01.13.00 - Cota-Parte da Contribuição de Intervenção no Domínio Econômico;28889,97;6341
2016;Prefeitura Municipal de São Francisco de Goiás - GO;5219902;GO;DCA-Anexo I-C;NA;Receitas Brutas Realizadas;RO1.7.2.2.33.00.00;1.7.2.2.33.00.00 - Transferências de Recursos do Estado para Programas de Saúde - Repasse Fundo a Fundo;95166,50;6341
2016;Prefeitura Municipal de São Francisco de Goiás - GO;5219902;GO;DCA-Anexo I-C;NA;Receitas Brutas Realizadas;RO1.7.2.2.99.00.00;1.7.2.2.99.00.00 - Outras Transferências dos Estados;220000,00;6341
2016;Prefeitura Municipal de São Francisco de Goiás - GO;5219902;GO;DCA-Anexo I-C;NA;Receitas Brutas Realizadas;RO1.7.2.4.00.00.00;1.7.2.4.00.00.00 - Transferências Multigovernamentais;2720909,68;6341
2016;Prefeitura Municipal de São Francisco de Goiás - GO;5219902;GO;DCA-Anexo I-C;NA;Receitas Brutas Realizadas;RO1.7.2.4.01.00.00;1.7.2.4.01.00.00 - Transferências de Recursos do Fundo de Manutenção e Desenvolvimento do Ensino Fundamental e de Valorização do Magistério - FUNDEB;2720909,68;6341
2016;Prefeitura Municipal de São Francisco de Goiás - GO;5219902;GO;DCA-Anexo I-C;NA;Receitas Brutas Realizadas;RO1.9.0.0.00.00.00;1.9.0.0.00.00.00 - Outras Receitas Correntes;183668,14;6341
2016;Prefeitura Municipal de São Francisco de Goiás - GO;5219902;GO;DCA-Anexo I-C;NA;Receitas Brutas Realizadas;RO1.9.1.0.00.00.00;1.9.1.0.00.00.00 - Multas e Juros de Mora;1903,33;6341
2016;Prefeitura Municipal de São Francisco de Goiás - GO;5219902;GO;DCA-Anexo I-C;NA;Receitas Brutas Realizadas;RO1.9.1.3.00.00.00;1.9.1.3.00.00.00 - Multas e Juros de Mora da Dívida Ativa dos Tributos;1903,33;6341
2016;Prefeitura Municipal de São Francisco de Goiás - GO;5219902;GO;DCA-Anexo I-C;NA;Receitas Brutas Realizadas;RO1.9.1.3.35.00.00;1.9.1.3.35.00.00 - Multas e Juros de Mora da Dívida Ativa da Taxa de Fiscalização e Vigilância Sanitária;1903,33;6341
2016;Prefeitura Municipal de São Francisco de Goiás - GO;5219902;GO;DCA-Anexo I-C;NA;Receitas Brutas Realizadas;RO1.9.2.0.00.00.00;1.9.2.0.00.00.00 - Indenizações e Restituições;127975,40;6341
2016;Prefeitura Municipal de São Francisco de Goiás - GO;5219902;GO;DCA-Anexo I-C;NA;Receitas Brutas Realizadas;RO1.9.2.1.00.00.00;1.9.2.1.00.00.00 - Indenizações;9516,65;6341
2016;Prefeitura Municipal de São Francisco de Goiás - GO;5219902;GO;DCA-Anexo I-C;NA;Receitas Brutas Realizadas;RO1.9.2.2.00.00.00;1.9.2.2.00.00.00 - Restituições;118458,75;6341
2016;Prefeitura Municipal de São Francisco de Goiás - GO;5219902;GO;DCA-Anexo I-C;NA;Receitas Brutas Realizadas;RO1.9.2.2.99.00.00;1.9.2.2.99.00.00 - Outras Restituições;118458,75;6341
2016;Prefeitura Municipal de São Francisco de Goiás - GO;5219902;GO;DCA-Anexo I-C;NA;Receitas Brutas Realizadas;RO1.9.3.0.00.00.00;1.9.3.0.00.00.00 - Receita da Dívida Ativa;2855,00;6341
2016;Prefeitura Municipal de São Francisco de Goiás - GO;5219902;GO;DCA-Anexo I-C;NA;Receitas Brutas Realizadas;RO1.9.3.1.00.00.00;1.9.3.1.00.00.00 - Receita da Dívida Ativa Tributária;1903,33;6341
2016;Prefeitura Municipal de São Francisco de Goiás - GO;5219902;GO;DCA-Anexo I-C;NA;Receitas Brutas Realizadas;RO1.9.3.1.99.00.00;1.9.3.1.99.00.00 - Receita da Dívida Ativa de Outros Tributos;1903,33;6341
2016;Prefeitura Municipal de São Francisco de Goiás - GO;5219902;GO;DCA-Anexo I-C;NA;Receitas Brutas Realizadas;RO1.9.3.2.00.00.00;1.9.3.2.00.00.00 - Receita da Dívida Ativa Não Tributária;951,67;6341
2016;Prefeitura Municipal de São Francisco de Goiás - GO;5219902;GO;DCA-Anexo I-C;NA;Receitas Brutas Realizadas;RO1.9.3.2.99.00.00;1.9.3.2.99.00.00 - Receita da Dívida Ativa Não Tributária de Outras Receitas;951,67;6341
2016;Prefeitura Municipal de São Francisco de Goiás - GO;5219902;GO;DCA-Anexo I-C;NA;Receitas Brutas Realizadas;RO1.9.9.0.00.00.00;1.9.9.0.00.00.00 - Receitas Diversas;50934,41;6341
2016;Prefeitura Municipal de São Francisco de Goiás - GO;5219902;GO;DCA-Anexo I-C;NA;Receitas Brutas Realizadas;RO1.9.9.0.99.00.00;1.9.9.0.99.00.00 - Outras Receitas;50934,41;6341
2016;Prefeitura Municipal de São Francisco de Goiás - GO;5219902;GO;DCA-Anexo I-C;NA;Receitas Brutas Realizadas;RO2.0.0.0.00.00.00;2.0.0.0.00.00.00 - Receitas de Capital;1914262,62;6341
2016;Prefeitura Municipal de São Francisco de Goiás - GO;5219902;GO;DCA-Anexo I-C;NA;Receitas Brutas Realizadas;RO2.1.0.0.00.00.00;2.1.0.0.00.00.00 - Operações de Crédito;2916,08;6341
2016;Prefeitura Municipal de São Francisco de Goiás - GO;5219902;GO;DCA-Anexo I-C;NA;Receitas Brutas Realizadas;RO2.1.1.0.00.00.00;2.1.1.0.00.00.00 - Operações de Crédito Internas;2916,08;6341
2016;Prefeitura Municipal de São Francisco de Goiás - GO;5219902;GO;DCA-Anexo I-C;NA;Receitas Brutas Realizadas;RO2.2.0.0.00.00.00;2.2.0.0.00.00.00 - Alienação de Bens;9516,65;6341
2016;Prefeitura Municipal de São Francisco de Goiás - GO;5219902;GO;DCA-Anexo I-C;NA;Receitas Brutas Realizadas;RO2.2.2.0.00.00.00;2.2.2.0.00.00.00 - Alienação de Bens Imóveis;9516,65;6341
2016;Prefeitura Municipal de São Francisco de Goiás - GO;5219902;GO;DCA-Anexo I-C;NA;Receitas Brutas Realizadas;RO2.4.0.0.00.00.00;2.4.0.0.00.00.00 - Transferências de Capital;1901829,89;6341
2016;Prefeitura Municipal de São Francisco de Goiás - GO;5219902;GO;DCA-Anexo I-C;NA;Receitas Brutas Realizadas;RO2.4.7.0.00.00.00;2.4.7.0.00.00.00 - Transferências de Convênios;1901829,89;6341
2016;Prefeitura Municipal de São Francisco de Goiás - GO;5219902;GO;DCA-Anexo I-C;NA;Receitas Brutas Realizadas;RO2.4.7.1.00.00.00;2.4.7.1.00.00.00 - Transferências de Convênios da União e de suas Entidades;1527820,60;6341
2016;Prefeitura Municipal de São Francisco de Goiás - GO;5219902;GO;DCA-Anexo I-C;NA;Receitas Brutas Realizadas;RO2.4.7.1.01.00.00;2.4.7.1.01.00.00 - Transferências de Convênios da União para o Sistema Único de Saúde - SUS;33514,58;6341
2016;Prefeitura Municipal de São Francisco de Goiás - GO;5219902;GO;DCA-Anexo I-C;NA;Receitas Brutas Realizadas;RO2.4.7.1.99.00.00;2.4.7.1.99.00.00 - Outras Transferências de Convênios da União;1494306,02;6341
2016;Prefeitura Municipal de São Francisco de Goiás - GO;5219902;GO;DCA-Anexo I-C;NA;Receitas Brutas Realizadas;RO2.4.7.2.00.00.00;2.4.7.2.00.00.00 - Transferências de Convênios dos Estados e do Distrito Federal e de suas Entidades;374009,29;6341
2016;Prefeitura Municipal de São Francisco de Goiás - GO;5219902;GO;DCA-Anexo I-C;NA;Receitas Brutas Realizadas;RO2.4.7.2.99.00.00;2.4.7.2.99.00.00 - Outras Transferências de Convênios dos Estados;374009,29;6341
2017;Prefeitura Municipal de São Francisco de Goiás - GO;5219902;GO;DCA-Anexo I-C;Padrão;Receitas Brutas Realizadas;TotalReceitas;Total Receitas;18235071,45;6354
2017;Prefeitura Municipal de São Francisco de Goiás - GO;5219902;GO;DCA-Anexo I-C;Padrão;Deduções - FUNDEB;TotalReceitas;Total Receitas;2133720,20;6354
2017;Prefeitura Municipal de São Francisco de Goiás - GO;5219902;GO;DCA-Anexo I-C;Padrão;Receitas Brutas Realizadas;RO1.0.0.0.00.00.00;1.0.0.0.00.00.00 - Receitas Correntes;17499596,21;6354
2017;Prefeitura Municipal de São Francisco de Goiás - GO;5219902;GO;DCA-Anexo I-C;Padrão;Deduções - FUNDEB;RO1.0.0.0.00.00.00;1.0.0.0.00.00.00 - Receitas Correntes;2133720,20;6354
2017;Prefeitura Municipal de São Francisco de Goiás - GO;5219902;GO;DCA-Anexo I-C;Padrão;Receitas Brutas Realizadas;RO1.1.0.0.00.00.00;1.1.0.0.00.00.00 - Receita Tributária;1332335,42;6354
2017;Prefeitura Municipal de São Francisco de Goiás - GO;5219902;GO;DCA-Anexo I-C;Padrão;Receitas Brutas Realizadas;RO1.1.1.0.00.00.00;1.1.1.0.00.00.00 - Impostos;1256297,53;6354
2017;Prefeitura Municipal de São Francisco de Goiás - GO;5219902;GO;DCA-Anexo I-C;Padrão;Receitas Brutas Realizadas;RO1.1.1.2.00.00.00;1.1.1.2.00.00.00 - Impostos sobre o Patrimônio e a Renda;566893,60;6354
2017;Prefeitura Municipal de São Francisco de Goiás - GO;5219902;GO;DCA-Anexo I-C;Padrão;Receitas Brutas Realizadas;RO1.1.1.2.02.00.00;1.1.1.2.02.00.00 - Imposto sobre a Propriedade Predial e Territorial Urbana ¿ IPTU;121213,19;6354
2017;Prefeitura Municipal de São Francisco de Goiás - GO;5219902;GO;DCA-Anexo I-C;Padrão;Receitas Brutas Realizadas;RO1.1.1.2.04.00.00;1.1.1.2.04.00.00 - Imposto sobre a Renda e Proventos de Qualquer Natureza ¿ IR;334157,44;6354
2017;Prefeitura Municipal de São Francisco de Goiás - GO;5219902;GO;DCA-Anexo I-C;Padrão;Receitas Brutas Realizadas;RO1.1.1.2.04.31.00;1.1.1.2.04.31.00 - Retido nas Fontes - Trabalho;334157,44;6354
2017;Prefeitura Municipal de São Francisco de Goiás - GO;5219902;GO;DCA-Anexo I-C;Padrão;Receitas Brutas Realizadas;RO1.1.1.2.08.00.00;"1.1.1.2.08.00.00 - Imposto sobre Transmissão ""Inter Vivos"" de Bens Imóveis e de Direitos Reais sobre Imóveis ¿ ITBI";111522,97;6354
2017;Prefeitura Municipal de São Francisco de Goiás - GO;5219902;GO;DCA-Anexo I-C;Padrão;Receitas Brutas Realizadas;RO1.1.1.3.00.00.00;1.1.1.3.00.00.00 - Impostos sobre a Produção e a Circulação;689403,93;6354
2017;Prefeitura Municipal de São Francisco de Goiás - GO;5219902;GO;DCA-Anexo I-C;Padrão;Receitas Brutas Realizadas;RO1.1.1.3.05.00.00;1.1.1.3.05.00.00 - Imposto sobre Serviços de Qualquer Natureza ¿ ISSQN;689403,93;6354
2017;Prefeitura Municipal de São Francisco de Goiás - GO;5219902;GO;DCA-Anexo I-C;Padrão;Receitas Brutas Realizadas;RO1.1.2.0.00.00.00;1.1.2.0.00.00.00 - Taxas;76037,89;6354
2017;Prefeitura Municipal de São Francisco de Goiás - GO;5219902;GO;DCA-Anexo I-C;Padrão;Receitas Brutas Realizadas;RO1.1.2.1.00.00.00;1.1.2.1.00.00.00 - Taxas pelo Exercício do Poder de Polícia;58381,75;6354
2017;Prefeitura Municipal de São Francisco de Goiás - GO;5219902;GO;DCA-Anexo I-C;Padrão;Receitas Brutas Realizadas;RO1.1.2.2.00.00.00;1.1.2.2.00.00.00 - Taxas pela Prestação de Serviços;17656,14;6354
2017;Prefeitura Municipal de São Francisco de Goiás - GO;5219902;GO;DCA-Anexo I-C;Padrão;Receitas Brutas Realizadas;RO1.1.2.2.21.00.00;1.1.2.2.21.00.00 - Taxas de Serviços Cadastrais;20,05;6354
2017;Prefeitura Municipal de São Francisco de Goiás - GO;5219902;GO;DCA-Anexo I-C;Padrão;Receitas Brutas Realizadas;RO1.1.2.2.28.00.00;1.1.2.2.28.00.00 - Taxa de Cemitérios;1176,74;6354
2017;Prefeitura Municipal de São Francisco de Goiás - GO;5219902;GO;DCA-Anexo I-C;Padrão;Receitas Brutas Realizadas;RO1.1.2.2.90.00.00;1.1.2.2.90.00.00 - Taxa de Limpeza Pública;86,96;6354
2017;Prefeitura Municipal de São Francisco de Goiás - GO;5219902;GO;DCA-Anexo I-C;Padrão;Receitas Brutas Realizadas;RO1.1.2.2.99.00.00;1.1.2.2.99.00.00 - Outras Taxas pela Prestação de Serviços;16372,39;6354
2017;Prefeitura Municipal de São Francisco de Goiás - GO;5219902;GO;DCA-Anexo I-C;Padrão;Receitas Brutas Realizadas;RO1.2.0.0.00.00.00;1.2.0.0.00.00.00 - Receitas de Contribuições;340790,50;6354
2017;Prefeitura Municipal de São Francisco de Goiás - GO;5219902;GO;DCA-Anexo I-C;Padrão;Receitas Brutas Realizadas;RO1.2.3.0.00.00.00;1.2.3.0.00.00.00 - Contribuição para Custeio do Serviço de Iluminação Pública;340790,50;6354
2017;Prefeitura Municipal de São Francisco de Goiás - GO;5219902;GO;DCA-Anexo I-C;Padrão;Receitas Brutas Realizadas;RO1.3.0.0.00.00.00;1.3.0.0.00.00.00 - Receita Patrimonial;84119,95;6354
2017;Prefeitura Municipal de São Francisco de Goiás - GO;5219902;GO;DCA-Anexo I-C;Padrão;Receitas Brutas Realizadas;RO1.3.2.0.00.00.00;1.3.2.0.00.00.00 - Receitas de Valores Mobiliários;84119,95;6354
2017;Prefeitura Municipal de São Francisco de Goiás - GO;5219902;GO;DCA-Anexo I-C;Padrão;Receitas Brutas Realizadas;RO1.3.2.5.00.00.00;1.3.2.5.00.00.00 - Remuneração de Depósitos Bancários;84119,95;6354
2017;Prefeitura Municipal de São Francisco de Goiás - GO;5219902;GO;DCA-Anexo I-C;Padrão;Receitas Brutas Realizadas;RO1.7.0.0.00.00.00;1.7.0.0.00.00.00 - Transferências Correntes;15676087,29;6354
2017;Prefeitura Municipal de São Francisco de Goiás - GO;5219902;GO;DCA-Anexo I-C;Padrão;Deduções - FUNDEB;RO1.7.0.0.00.00.00;1.7.0.0.00.00.00 - Transferências Correntes;2133720,20;6354
2017;Prefeitura Municipal de São Francisco de Goiás - GO;5219902;GO;DCA-Anexo I-C;Padrão;Receitas Brutas Realizadas;RO1.7.2.0.00.00.00;1.7.2.0.00.00.00 - Transferências Intergovernamentais;15508580,30;6354
2017;Prefeitura Municipal de São Francisco de Goiás - GO;5219902;GO;DCA-Anexo I-C;Padrão;Deduções - FUNDEB;RO1.7.2.0.00.00.00;1.7.2.0.00.00.00 - Transferências Intergovernamentais;2133720,20;6354
2017;Prefeitura Municipal de São Francisco de Goiás - GO;5219902;GO;DCA-Anexo I-C;Padrão;Receitas Brutas Realizadas;RO1.7.2.1.00.00.00;1.7.2.1.00.00.00 - Transferências da União;9299751,90;6354
2017;Prefeitura Municipal de São Francisco de Goiás - GO;5219902;GO;DCA-Anexo I-C;Padrão;Deduções - FUNDEB;RO1.7.2.1.00.00.00;1.7.2.1.00.00.00 - Transferências da União;1403165,04;6354
2017;Prefeitura Municipal de São Francisco de Goiás - GO;5219902;GO;DCA-Anexo I-C;Padrão;Receitas Brutas Realizadas;RO1.7.2.1.01.00.00;1.7.2.1.01.00.00 - Participação na Receita da União;7637048,73;6354
2017;Prefeitura Municipal de São Francisco de Goiás - GO;5219902;GO;DCA-Anexo I-C;Padrão;Deduções - FUNDEB;RO1.7.2.1.01.00.00;1.7.2.1.01.00.00 - Participação na Receita da União;1402214,19;6354
2017;Prefeitura Municipal de São Francisco de Goiás - GO;5219902;GO;DCA-Anexo I-C;Padrão;Receitas Brutas Realizadas;RO1.7.2.1.01.02.00;1.7.2.1.01.02.00 - Cota-Parte do Fundo de Participação dos Municípios ¿ FPM;6936299,28;6354
2017;Prefeitura Municipal de São Francisco de Goiás - GO;5219902;GO;DCA-Anexo I-C;Padrão;Deduções - FUNDEB;RO1.7.2.1.01.02.00;1.7.2.1.01.02.00 - Cota-Parte do Fundo de Participação dos Municípios ¿ FPM;1387259,51;6354
2017;Prefeitura Municipal de São Francisco de Goiás - GO;5219902;GO;DCA-Anexo I-C;Padrão;Receitas Brutas Realizadas;RO1.7.2.1.01.03.00;1.7.2.1.01.03.00 - Cota-Parte do Fundo de Participação dos Municípios - 1% Cota Anual;308359,14;6354
2017;Prefeitura Municipal de São Francisco de Goiás - GO;5219902;GO;DCA-Anexo I-C;Padrão;Receitas Brutas Realizadas;RO1.7.2.1.01.04.00;1.7.2.1.01.04.00 - Cota-Parte do Fundo de Participação dos Municípios - 1% Cota entregue no mês de julho (67)(I);318144,64;6354
2017;Prefeitura Municipal de São Francisco de Goiás - GO;5219902;GO;DCA-Anexo I-C;Padrão;Receitas Brutas Realizadas;RO1.7.2.1.01.05.00;1.7.2.1.01.05.00 - Cota-Parte do Imposto Sobre a Propriedade Territorial Rural ¿ ITR;74245,67;6354
2017;Prefeitura Municipal de São Francisco de Goiás - GO;5219902;GO;DCA-Anexo I-C;Padrão;Deduções - FUNDEB;RO1.7.2.1.01.05.00;1.7.2.1.01.05.00 - Cota-Parte do Imposto Sobre a Propriedade Territorial Rural ¿ ITR;14954,68;6354
2017;Prefeitura Municipal de São Francisco de Goiás - GO;5219902;GO;DCA-Anexo I-C;Padrão;Receitas Brutas Realizadas;RO1.7.2.1.22.00.00;1.7.2.1.22.00.00 - Transferências da Compensação Financeira pela Exploração de Recursos Naturais;80572,02;6354
2017;Prefeitura Municipal de São Francisco de Goiás - GO;5219902;GO;DCA-Anexo I-C;Padrão;Receitas Brutas Realizadas;RO1.7.2.1.22.70.00;1.7.2.1.22.70.00 - Cota-Parte do Fundo Especial do Petróleo ¿ FEP;80572,02;6354
2017;Prefeitura Municipal de São Francisco de Goiás - GO;5219902;GO;DCA-Anexo I-C;Padrão;Receitas Brutas Realizadas;RO1.7.2.1.33.00.00;1.7.2.1.33.00.00 - Transferências de Recursos do Sistema Único de Saúde - SUS - Repasses Fundo a Fundo;939333,63;6354
2017;Prefeitura Municipal de São Francisco de Goiás - GO;5219902;GO;DCA-Anexo I-C;Padrão;Receitas Brutas Realizadas;RO1.7.2.1.34.00.00;1.7.2.1.34.00.00 - Transferências de Recursos do Fundo Nacional de Assistência Social ¿ FNAS;150142,85;6354
2017;Prefeitura Municipal de São Francisco de Goiás - GO;5219902;GO;DCA-Anexo I-C;Padrão;Receitas Brutas Realizadas;RO1.7.2.1.35.00.00;1.7.2.1.35.00.00 - Transferências de Recursos do Fundo Nacional do Desenvolvimento da Educação ¿ FNDE;446139,49;6354
2017;Prefeitura Municipal de São Francisco de Goiás - GO;5219902;GO;DCA-Anexo I-C;Padrão;Receitas Brutas Realizadas;RO1.7.2.1.36.00.00;1.7.2.1.36.00.00 - Transferências Financeiras do ICMS ¿ Desoneração ¿ L.C. Nº 87/96;6339,24;6354
2017;Prefeitura Municipal de São Francisco de Goiás - GO;5219902;GO;DCA-Anexo I-C;Padrão;Deduções - FUNDEB;RO1.7.2.1.36.00.00;1.7.2.1.36.00.00 - Transferências Financeiras do ICMS ¿ Desoneração ¿ L.C. Nº 87/96;950,85;6354
2017;Prefeitura Municipal de São Francisco de Goiás - GO;5219902;GO;DCA-Anexo I-C;Padrão;Receitas Brutas Realizadas;RO1.7.2.1.99.00.00;1.7.2.1.99.00.00 - Outras Transferências da União;40175,94;6354
2017;Prefeitura Municipal de São Francisco de Goiás - GO;5219902;GO;DCA-Anexo I-C;Padrão;Receitas Brutas Realizadas;RO1.7.2.2.00.00.00;1.7.2.2.00.00.00 - Transferências dos Estados;3804784,90;6354
2017;Prefeitura Municipal de São Francisco de Goiás - GO;5219902;GO;DCA-Anexo I-C;Padrão;Deduções - FUNDEB;RO1.7.2.2.00.00.00;1.7.2.2.00.00.00 - Transferências dos Estados;730555,16;6354
2017;Prefeitura Municipal de São Francisco de Goiás - GO;5219902;GO;DCA-Anexo I-C;Padrão;Receitas Brutas Realizadas;RO1.7.2.2.01.00.00;1.7.2.2.01.00.00 - Participação na Receita dos Estados;3717501,12;6354
2017;Prefeitura Municipal de São Francisco de Goiás - GO;5219902;GO;DCA-Anexo I-C;Padrão;Deduções - FUNDEB;RO1.7.2.2.01.00.00;1.7.2.2.01.00.00 - Participação na Receita dos Estados;730555,16;6354
2017;Prefeitura Municipal de São Francisco de Goiás - GO;5219902;GO;DCA-Anexo I-C;Padrão;Receitas Brutas Realizadas;RO1.7.2.2.01.01.00;1.7.2.2.01.01.00 - Cota-Parte do ICMS;3393883,76;6354
2017;Prefeitura Municipal de São Francisco de Goiás - GO;5219902;GO;DCA-Anexo I-C;Padrão;Deduções - FUNDEB;RO1.7.2.2.01.01.00;1.7.2.2.01.01.00 - Cota-Parte do ICMS;678987,00;6354
2017;Prefeitura Municipal de São Francisco de Goiás - GO;5219902;GO;DCA-Anexo I-C;Padrão;Receitas Brutas Realizadas;RO1.7.2.2.01.02.00;1.7.2.2.01.02.00 - Cota-Parte do IPVA;265417,16;6354
2017;Prefeitura Municipal de São Francisco de Goiás - GO;5219902;GO;DCA-Anexo I-C;Padrão;Deduções - FUNDEB;RO1.7.2.2.01.02.00;1.7.2.2.01.02.00 - Cota-Parte do IPVA;50261,45;6354
2017;Prefeitura Municipal de São Francisco de Goiás - GO;5219902;GO;DCA-Anexo I-C;Padrão;Receitas Brutas Realizadas;RO1.7.2.2.01.04.00;1.7.2.2.01.04.00 - Cota-Parte do IPI - Municípios;24181,29;6354
2017;Prefeitura Municipal de São Francisco de Goiás - GO;5219902;GO;DCA-Anexo I-C;Padrão;Deduções - FUNDEB;RO1.7.2.2.01.04.00;1.7.2.2.01.04.00 - Cota-Parte do IPI - Municípios;1306,71;6354
2017;Prefeitura Municipal de São Francisco de Goiás - GO;5219902;GO;DCA-Anexo I-C;Padrão;Receitas Brutas Realizadas;RO1.7.2.2.01.13.00;1.7.2.2.01.13.00 - Cota-Parte da Contribuição de Intervenção no Domínio Econômico;34018,91;6354
2017;Prefeitura Municipal de São Francisco de Goiás - GO;5219902;GO;DCA-Anexo I-C;Padrão;Receitas Brutas Realizadas;RO1.7.2.2.22.00.00;1.7.2.2.22.00.00 - Transferências da Cota-Parte da Compensação Financeira (25%);254,28;6354
2017;Prefeitura Municipal de São Francisco de Goiás - GO;5219902;GO;DCA-Anexo I-C;Padrão;Receitas Brutas Realizadas;RO1.7.2.2.22.20.00;1.7.2.2.22.20.00 - Cota-Parte da Compensação Financeira de Recursos Minerais - CFEM;254,28;6354
2017;Prefeitura Municipal de São Francisco de Goiás - GO;5219902;GO;DCA-Anexo I-C;Padrão;Receitas Brutas Realizadas;RO1.7.2.2.33.00.00;1.7.2.2.33.00.00 - Transferências de Recursos do Estado para Programas de Saúde - Repasse Fundo a Fundo;87029,50;6354
2017;Prefeitura Municipal de São Francisco de Goiás - GO;5219902;GO;DCA-Anexo I-C;Padrão;Receitas Brutas Realizadas;RO1.7.2.4.00.00.00;1.7.2.4.00.00.00 - Transferências Multigovernamentais;2404043,50;6354
2017;Prefeitura Municipal de São Francisco de Goiás - GO;5219902;GO;DCA-Anexo I-C;Padrão;Receitas Brutas Realizadas;RO1.7.2.4.01.00.00;1.7.2.4.01.00.00 - Transferências de Recursos do Fundo de Manutenção e Desenvolvimento do Ensino Fundamental e de Valorização do Magistério - FUNDEB;2404043,50;6354
2017;Prefeitura Municipal de São Francisco de Goiás - GO;5219902;GO;DCA-Anexo I-C;Padrão;Receitas Brutas Realizadas;RO1.7.6.0.00.00.00;1.7.6.0.00.00.00 - Transferências de Convênios;167506,99;6354
2017;Prefeitura Municipal de São Francisco de Goiás - GO;5219902;GO;DCA-Anexo I-C;Padrão;Receitas Brutas Realizadas;RO1.7.6.1.00.00.00;1.7.6.1.00.00.00 - Transferências de Convênios da União e de Suas Entidades;6,99;6354
2017;Prefeitura Municipal de São Francisco de Goiás - GO;5219902;GO;DCA-Anexo I-C;Padrão;Receitas Brutas Realizadas;RO1.7.6.1.02.00.00;1.7.6.1.02.00.00 - Transferências de Convênios da União Destinadas a Programas de Educação;6,99;6354
2017;Prefeitura Municipal de São Francisco de Goiás - GO;5219902;GO;DCA-Anexo I-C;Padrão;Receitas Brutas Realizadas;RO1.7.6.2.00.00.00;1.7.6.2.00.00.00 - Transferências de Convênios dos Estados e do Distrito Federal e de Suas Entidades;167500,00;6354
2017;Prefeitura Municipal de São Francisco de Goiás - GO;5219902;GO;DCA-Anexo I-C;Padrão;Receitas Brutas Realizadas;RO1.7.6.2.01.00.00;1.7.6.2.01.00.00 - Transferências de Convênios dos Estados para o Sistema Único de Saúde - SUS;167500,00;6354
2017;Prefeitura Municipal de São Francisco de Goiás - GO;5219902;GO;DCA-Anexo I-C;Padrão;Receitas Brutas Realizadas;RO1.9.0.0.00.00.00;1.9.0.0.00.00.00 - Outras Receitas Correntes;66263,05;6354
2017;Prefeitura Municipal de São Francisco de Goiás - GO;5219902;GO;DCA-Anexo I-C;Padrão;Receitas Brutas Realizadas;RO1.9.1.0.00.00.00;1.9.1.0.00.00.00 - Multas e Juros de Mora;586,53;6354
2017;Prefeitura Municipal de São Francisco de Goiás - GO;5219902;GO;DCA-Anexo I-C;Padrão;Receitas Brutas Realizadas;RO1.9.1.3.00.00.00;1.9.1.3.00.00.00 - Multas e Juros de Mora da Dívida Ativa dos Tributos;586,53;6354
2017;Prefeitura Municipal de São Francisco de Goiás - GO;5219902;GO;DCA-Anexo I-C;Padrão;Receitas Brutas Realizadas;RO1.9.1.3.35.00.00;1.9.1.3.35.00.00 - Multas e Juros de Mora da Dívida Ativa da Taxa de Fiscalização e Vigilância Sanitária;586,53;6354
2017;Prefeitura Municipal de São Francisco de Goiás - GO;5219902;GO;DCA-Anexo I-C;Padrão;Receitas Brutas Realizadas;RO1.9.2.0.00.00.00;1.9.2.0.00.00.00 - Indenizações e Restituições;7699,09;6354
2017;Prefeitura Municipal de São Francisco de Goiás - GO;5219902;GO;DCA-Anexo I-C;Padrão;Receitas Brutas Realizadas;RO1.9.2.1.00.00.00;1.9.2.1.00.00.00 - Indenizações;7699,09;6354
2017;Prefeitura Municipal de São Francisco de Goiás - GO;5219902;GO;DCA-Anexo I-C;Padrão;Receitas Brutas Realizadas;RO1.9.3.0.00.00.00;1.9.3.0.00.00.00 - Receita da Dívida Ativa;51665,82;6354
2017;Prefeitura Municipal de São Francisco de Goiás - GO;5219902;GO;DCA-Anexo I-C;Padrão;Receitas Brutas Realizadas;RO1.9.3.1.00.00.00;1.9.3.1.00.00.00 - Receita da Dívida Ativa Tributária;51665,82;6354
2017;Prefeitura Municipal de São Francisco de Goiás - GO;5219902;GO;DCA-Anexo I-C;Padrão;Receitas Brutas Realizadas;RO1.9.3.1.11.00.00;1.9.3.1.11.00.00 - Receita da Dívida Ativa do Imposto sobre a Propriedade Predial e Territorial Urbana ¿ IPTU;39598,31;6354
2017;Prefeitura Municipal de São Francisco de Goiás - GO;5219902;GO;DCA-Anexo I-C;Padrão;Receitas Brutas Realizadas;RO1.9.3.1.12.00.00;1.9.3.1.12.00.00 - Receita da Dívida Ativa do Imposto sobre a Transmissão Inter Vivos de Bens Imóveis - ITBI;1797,27;6354
2017;Prefeitura Municipal de São Francisco de Goiás - GO;5219902;GO;DCA-Anexo I-C;Padrão;Receitas Brutas Realizadas;RO1.9.3.1.13.00.00;1.9.3.1.13.00.00 - Receita da Dívida Ativa do Imposto sobre Serviços de Qualquer Natureza ¿ ISS;8366,72;6354
2017;Prefeitura Municipal de São Francisco de Goiás - GO;5219902;GO;DCA-Anexo I-C;Padrão;Receitas Brutas Realizadas;RO1.9.3.1.35.00.00;1.9.3.1.35.00.00 - Receita da Dívida Ativa da Taxa de Fiscalização e Vigilância Sanitária;141,46;6354
2017;Prefeitura Municipal de São Francisco de Goiás - GO;5219902;GO;DCA-Anexo I-C;Padrão;Receitas Brutas Realizadas;RO1.9.3.1.99.00.00;1.9.3.1.99.00.00 - Receita da Dívida Ativa de Outros Tributos;1762,06;6354
2017;Prefeitura Municipal de São Francisco de Goiás - GO;5219902;GO;DCA-Anexo I-C;Padrão;Receitas Brutas Realizadas;RO1.9.9.0.00.00.00;1.9.9.0.00.00.00 - Receitas Diversas;6311,61;6354
2017;Prefeitura Municipal de São Francisco de Goiás - GO;5219902;GO;DCA-Anexo I-C;Padrão;Receitas Brutas Realizadas;RO1.9.9.0.99.00.00;1.9.9.0.99.00.00 - Outras Receitas;6311,61;6354
2017;Prefeitura Municipal de São Francisco de Goiás - GO;5219902;GO;DCA-Anexo I-C;Padrão;Receitas Brutas Realizadas;RO2.0.0.0.00.00.00;2.0.0.0.00.00.00 - Receitas de Capital;735475,24;6354
2017;Prefeitura Municipal de São Francisco de Goiás - GO;5219902;GO;DCA-Anexo I-C;Padrão;Receitas Brutas Realizadas;RO2.2.0.0.00.00.00;2.2.0.0.00.00.00 - Alienação de Bens;173700,00;6354
2017;Prefeitura Municipal de São Francisco de Goiás - GO;5219902;GO;DCA-Anexo I-C;Padrão;Receitas Brutas Realizadas;RO2.2.1.0.00.00.00;2.2.1.0.00.00.00 - Alienação de Bens Móveis;173700,00;6354
2017;Prefeitura Municipal de São Francisco de Goiás - GO;5219902;GO;DCA-Anexo I-C;Padrão;Receitas Brutas Realizadas;RO2.4.0.0.00.00.00;2.4.0.0.00.00.00 - Transferências de Capital;561775,24;6354
2017;Prefeitura Municipal de São Francisco de Goiás - GO;5219902;GO;DCA-Anexo I-C;Padrão;Receitas Brutas Realizadas;RO2.4.7.0.00.00.00;2.4.7.0.00.00.00 - Transferências de Convênios;561775,24;6354
2017;Prefeitura Municipal de São Francisco de Goiás - GO;5219902;GO;DCA-Anexo I-C;Padrão;Receitas Brutas Realizadas;RO2.4.7.1.00.00.00;2.4.7.1.00.00.00 - Transferências de Convênios da União e de suas Entidades;461775,24;6354
2017;Prefeitura Municipal de São Francisco de Goiás - GO;5219902;GO;DCA-Anexo I-C;Padrão;Receitas Brutas Realizadas;RO2.4.7.1.99.00.00;2.4.7.1.99.00.00 - Outras Transferências de Convênios da União;461775,24;6354
2017;Prefeitura Municipal de São Francisco de Goiás - GO;5219902;GO;DCA-Anexo I-C;Padrão;Receitas Brutas Realizadas;RO2.4.7.2.00.00.00;2.4.7.2.00.00.00 - Transferências de Convênios dos Estados e do Distrito Federal e de suas Entidades;100000,00;6354
2017;Prefeitura Municipal de São Francisco de Goiás - GO;5219902;GO;DCA-Anexo I-C;Padrão;Receitas Brutas Realizadas;RO2.4.7.2.99.00.00;2.4.7.2.99.00.00 - Outras Transferências de Convênios dos Estados;100000,00;6354
2018;Prefeitura Municipal de São Francisco de Goiás - GO;5219902;GO;DCA-Anexo I-C;Padrão;Receitas Brutas Realizadas;TotalReceitas;Total Receitas;19402117,89;6354
2018;Prefeitura Municipal de São Francisco de Goiás - GO;5219902;GO;DCA-Anexo I-C;Padrão;Deduções - FUNDEB;TotalReceitas;Total Receitas;2191233,32;6354
2018;Prefeitura Municipal de São Francisco de Goiás - GO;5219902;GO;DCA-Anexo I-C;Padrão;Receitas Brutas Realizadas;RO1.0.0.0.00.0.0;1.0.0.0.00.0.0 - Receitas Correntes;18201129,53;6354
2018;Prefeitura Municipal de São Francisco de Goiás - GO;5219902;GO;DCA-Anexo I-C;Padrão;Deduções - FUNDEB;RO1.0.0.0.00.0.0;1.0.0.0.00.0.0 - Receitas Correntes;2191233,32;6354
2018;Prefeitura Municipal de São Francisco de Goiás - GO;5219902;GO;DCA-Anexo I-C;Padrão;Receitas Brutas Realizadas;RO1.1.0.0.00.0.0;1.1.0.0.00.0.0 - Impostos, Taxas e Contribuições de Melhoria;1075913,17;6354
2018;Prefeitura Municipal de São Francisco de Goiás - GO;5219902;GO;DCA-Anexo I-C;Padrão;Receitas Brutas Realizadas;RO1.1.1.0.00.0.0;1.1.1.0.00.0.0 - Impostos;1010207,81;6354
2018;Prefeitura Municipal de São Francisco de Goiás - GO;5219902;GO;DCA-Anexo I-C;Padrão;Receitas Brutas Realizadas;RO1.1.1.3.00.0.0;1.1.1.3.00.0.0 - Impostos sobre a Renda e Proventos de Qualquer Natureza;313839,06;6354
2018;Prefeitura Municipal de São Francisco de Goiás - GO;5219902;GO;DCA-Anexo I-C;Padrão;Receitas Brutas Realizadas;RO1.1.1.3.03.0.0;1.1.1.3.03.0.0 - Imposto sobre a Renda - Retido na Fonte;313839,06;6354
2018;Prefeitura Municipal de São Francisco de Goiás - GO;5219902;GO;DCA-Anexo I-C;Padrão;Receitas Brutas Realizadas;RO1.1.1.3.03.4.0;1.1.1.3.03.4.0 - Imposto sobre a Renda - Retido na Fonte - Outros Rendimentos;313839,06;6354
2018;Prefeitura Municipal de São Francisco de Goiás - GO;5219902;GO;DCA-Anexo I-C;Padrão;Receitas Brutas Realizadas;RO1.1.1.8.00.0.0;1.1.1.8.00.0.0 Impostos Específicos de Estados, DF e Municípios;696368,75;6354
2018;Prefeitura Municipal de São Francisco de Goiás - GO;5219902;GO;DCA-Anexo I-C;Padrão;Receitas Brutas Realizadas;RO1.1.1.8.01.0.0;1.1.1.8.01.0.0 Impostos sobre o Patrimônio para Estados/DF/Municípios;351824,88;6354
2018;Prefeitura Municipal de São Francisco de Goiás - GO;5219902;GO;DCA-Anexo I-C;Padrão;Receitas Brutas Realizadas;RO1.1.1.8.01.1.0;1.1.1.8.01.1.0 Imposto sobre a Propriedade Predial e Territorial Urbana;151434,33;6354
2018;Prefeitura Municipal de São Francisco de Goiás - GO;5219902;GO;DCA-Anexo I-C;Padrão;Receitas Brutas Realizadas;RO1.1.1.8.01.4.0;1.1.1.8.01.4.0 Imposto sobre Transmissão ¿Inter Vivos¿ de Bens Imóveis e de Direitos Reais sobre Imóveis;200390,55;6354
2018;Prefeitura Municipal de São Francisco de Goiás - GO;5219902;GO;DCA-Anexo I-C;Padrão;Receitas Brutas Realizadas;RO1.1.1.8.02.0.0;1.1.1.8.02.0.0 Impostos sobre a Produção, Circulação de Mercadorias e Serviços;344543,87;6354
2018;Prefeitura Municipal de São Francisco de Goiás - GO;5219902;GO;DCA-Anexo I-C;Padrão;Receitas Brutas Realizadas;RO1.1.1.8.02.3.0;1.1.1.8.02.3.0 Imposto sobre Serviços de Qualquer Natureza;344543,87;6354
2018;Prefeitura Municipal de São Francisco de Goiás - GO;5219902;GO;DCA-Anexo I-C;Padrão;Receitas Brutas Realizadas;RO1.1.2.0.00.0.0;1.1.2.0.00.0.0 - Taxas;65705,36;6354
2018;Prefeitura Municipal de São Francisco de Goiás - GO;5219902;GO;DCA-Anexo I-C;Padrão;Receitas Brutas Realizadas;RO1.1.2.1.00.0.0;1.1.2.1.00.0.0 - Taxas pelo Exercício do Poder de Polícia;62957,16;6354
2018;Prefeitura Municipal de São Francisco de Goiás - GO;5219902;GO;DCA-Anexo I-C;Padrão;Receitas Brutas Realizadas;RO1.1.2.1.01.0.0;1.1.2.1.01.0.0 - Taxas de Inspeção, Controle e Fiscalização;62957,16;6354
2018;Prefeitura Municipal de São Francisco de Goiás - GO;5219902;GO;DCA-Anexo I-C;Padrão;Receitas Brutas Realizadas;RO1.1.2.2.00.0.0;1.1.2.2.00.0.0 - Taxas pela Prestação de Serviços;2748,20;6354
2018;Prefeitura Municipal de São Francisco de Goiás - GO;5219902;GO;DCA-Anexo I-C;Padrão;Receitas Brutas Realizadas;RO1.1.2.2.01.0.0;1.1.2.2.01.0.0 - Taxas pela Prestação de Serviços;2748,20;6354
2018;Prefeitura Municipal de São Francisco de Goiás - GO;5219902;GO;DCA-Anexo I-C;Padrão;Receitas Brutas Realizadas;RO1.2.0.0.00.0.0;1.2.0.0.00.0.0 - Contribuições;299583,14;6354
2018;Prefeitura Municipal de São Francisco de Goiás - GO;5219902;GO;DCA-Anexo I-C;Padrão;Receitas Brutas Realizadas;RO1.2.4.0.00.0.0;1.2.4.0.00.0.0 - Contribuição para o Custeio do Serviço de Iluminação Pública;299583,14;6354
2018;Prefeitura Municipal de São Francisco de Goiás - GO;5219902;GO;DCA-Anexo I-C;Padrão;Receitas Brutas Realizadas;RO1.3.0.0.00.0.0;1.3.0.0.00.0.0 - Receita Patrimonial;26424,78;6354
2018;Prefeitura Municipal de São Francisco de Goiás - GO;5219902;GO;DCA-Anexo I-C;Padrão;Receitas Brutas Realizadas;RO1.3.1.0.00.0.0;1.3.1.0.00.0.0 - Exploração do Patrimônio Imobiliário do Estado;5504,90;6354
2018;Prefeitura Municipal de São Francisco de Goiás - GO;5219902;GO;DCA-Anexo I-C;Padrão;Receitas Brutas Realizadas;RO1.3.1.0.99.0.0;1.3.1.0.99.0.0 - Outras Receitas Imobiliárias;5504,90;6354
2018;Prefeitura Municipal de São Francisco de Goiás - GO;5219902;GO;DCA-Anexo I-C;Padrão;Receitas Brutas Realizadas;RO1.3.2.0.00.0.0;1.3.2.0.00.0.0 - Valores Mobiliários;20919,88;6354
2018;Prefeitura Municipal de São Francisco de Goiás - GO;5219902;GO;DCA-Anexo I-C;Padrão;Receitas Brutas Realizadas;RO1.3.2.1.00.0.0;1.3.2.1.00.0.0 - Juros e Correções Monetárias;20919,88;6354
2018;Prefeitura Municipal de São Francisco de Goiás - GO;5219902;GO;DCA-Anexo I-C;Padrão;Receitas Brutas Realizadas;RO1.3.2.1.00.1.0;1.3.2.1.00.1.0 - Remuneração de Depósitos Bancários;20919,88;6354
2018;Prefeitura Municipal de São Francisco de Goiás - GO;5219902;GO;DCA-Anexo I-C;Padrão;Receitas Brutas Realizadas;RO1.7.0.0.00.0.0;1.7.0.0.00.0.0 - Transferências Correntes;16797255,25;6354
2018;Prefeitura Municipal de São Francisco de Goiás - GO;5219902;GO;DCA-Anexo I-C;Padrão;Deduções - FUNDEB;RO1.7.0.0.00.0.0;1.7.0.0.00.0.0 - Transferências Correntes;2191233,32;6354
2018;Prefeitura Municipal de São Francisco de Goiás - GO;5219902;GO;DCA-Anexo I-C;Padrão;Receitas Brutas Realizadas;RO1.7.1.0.00.0.0;1.7.1.0.00.0.0 - Transferências da União e de suas Entidades;10750965,31;6354
2018;Prefeitura Municipal de São Francisco de Goiás - GO;5219902;GO;DCA-Anexo I-C;Padrão;Deduções - FUNDEB;RO1.7.1.0.00.0.0;1.7.1.0.00.0.0 - Transferências da União e de suas Entidades;1498857,49;6354
2018;Prefeitura Municipal de São Francisco de Goiás - GO;5219902;GO;DCA-Anexo I-C;Padrão;Receitas Brutas Realizadas;RO1.7.1.8.00.0.0;1.7.1.8.00.0.0 Transferências da União - Específicas de Estados, DF e Municípios;10750965,31;6354
2018;Prefeitura Municipal de São Francisco de Goiás - GO;5219902;GO;DCA-Anexo I-C;Padrão;Deduções - FUNDEB;RO1.7.1.8.00.0.0;1.7.1.8.00.0.0 Transferências da União - Específicas de Estados, DF e Municípios;1498857,49;6354
2018;Prefeitura Municipal de São Francisco de Goiás - GO;5219902;GO;DCA-Anexo I-C;Padrão;Receitas Brutas Realizadas;RO1.7.1.8.01.0.0;1.7.1.8.01.0.0 Participação na Receita da União;8137766,12;6354
2018;Prefeitura Municipal de São Francisco de Goiás - GO;5219902;GO;DCA-Anexo I-C;Padrão;Deduções - FUNDEB;RO1.7.1.8.01.0.0;1.7.1.8.01.0.0 Participação na Receita da União;1498857,49;6354
2018;Prefeitura Municipal de São Francisco de Goiás - GO;5219902;GO;DCA-Anexo I-C;Padrão;Receitas Brutas Realizadas;RO1.7.1.8.01.2.0;1.7.1.8.01.2.0 Cota-Parte do Fundo de Participação dos Municípios - Cota Mensal;7716027,56;6354
2018;Prefeitura Municipal de São Francisco de Goiás - GO;5219902;GO;DCA-Anexo I-C;Padrão;Deduções - FUNDEB;RO1.7.1.8.01.2.0;1.7.1.8.01.2.0 Cota-Parte do Fundo de Participação dos Municípios - Cota Mensal;1479111,59;6354
2018;Prefeitura Municipal de São Francisco de Goiás - GO;5219902;GO;DCA-Anexo I-C;Padrão;Receitas Brutas Realizadas;RO1.7.1.8.01.3.0;1.7.1.8.01.3.0 Cota-Parte do Fundo de Participação do Municípios ¿ 1% Cota entregue no mês de dezembro;328465,54;6354
2018;Prefeitura Municipal de São Francisco de Goiás - GO;5219902;GO;DCA-Anexo I-C;Padrão;Receitas Brutas Realizadas;RO1.7.1.8.01.5.0;1.7.1.8.01.5.0 Cota-Parte do Imposto Sobre a Propriedade Territorial Rural;93273,02;6354
2018;Prefeitura Municipal de São Francisco de Goiás - GO;5219902;GO;DCA-Anexo I-C;Padrão;Deduções - FUNDEB;RO1.7.1.8.01.5.0;1.7.1.8.01.5.0 Cota-Parte do Imposto Sobre a Propriedade Territorial Rural;19745,90;6354
2018;Prefeitura Municipal de São Francisco de Goiás - GO;5219902;GO;DCA-Anexo I-C;Padrão;Receitas Brutas Realizadas;RO1.7.1.8.02.0.0;1.7.1.8.02.0.0 Transferência da Compensação Financeira pela Exploração de Recursos Naturais;123052,97;6354
2018;Prefeitura Municipal de São Francisco de Goiás - GO;5219902;GO;DCA-Anexo I-C;Padrão;Receitas Brutas Realizadas;RO1.7.1.8.02.2.0;1.7.1.8.02.2.0 Cota-parte da Compensação Financeira de Recursos Minerais - CFEM;39,44;6354
2018;Prefeitura Municipal de São Francisco de Goiás - GO;5219902;GO;DCA-Anexo I-C;Padrão;Receitas Brutas Realizadas;RO1.7.1.8.02.6.0;1.7.1.8.02.6.0 Cota-Parte do Fundo Especial do Petróleo ¿ FEP;123013,53;6354
2018;Prefeitura Municipal de São Francisco de Goiás - GO;5219902;GO;DCA-Anexo I-C;Padrão;Receitas Brutas Realizadas;RO1.7.1.8.03.0.0;1.7.1.8.03.0.0 Transferência de Recursos do Sistema Único de Saúde ¿ SUS ¿ Repasses Fundo a Fundo;1942525,51;6354
2018;Prefeitura Municipal de São Francisco de Goiás - GO;5219902;GO;DCA-Anexo I-C;Padrão;Receitas Brutas Realizadas;RO1.7.1.8.04.0.0;1.7.1.8.04.0.0 Transferências de Recursos do Fundo Nacional de Assistência Social ¿ FNAS;229522,92;6354
2018;Prefeitura Municipal de São Francisco de Goiás - GO;5219902;GO;DCA-Anexo I-C;Padrão;Receitas Brutas Realizadas;RO1.7.1.8.05.0.0;1.7.1.8.05.0.0 Transferências de Recursos do Fundo Nacional do Desenvolvimento da Educação ¿ FNDE;312640,67;6354
2018;Prefeitura Municipal de São Francisco de Goiás - GO;5219902;GO;DCA-Anexo I-C;Padrão;Receitas Brutas Realizadas;RO1.7.1.8.05.1.0;1.7.1.8.05.1.0 Transferências do Salário-Educação;179370,44;6354
2018;Prefeitura Municipal de São Francisco de Goiás - GO;5219902;GO;DCA-Anexo I-C;Padrão;Receitas Brutas Realizadas;RO1.7.1.8.05.3.0;1.7.1.8.05.3.0 Transferências Diretas do FNDE referentes ao Programa Nacional de Alimentação Escolar ¿ PNAE;40248,00;6354
2018;Prefeitura Municipal de São Francisco de Goiás - GO;5219902;GO;DCA-Anexo I-C;Padrão;Receitas Brutas Realizadas;RO1.7.1.8.05.4.0;1.7.1.8.05.4.0 Transferências Diretas do FNDE referentes ao Programa Nacional de Apoio ao Transporte do Escolar ¿ PNATE;45567,65;6354
2018;Prefeitura Municipal de São Francisco de Goiás - GO;5219902;GO;DCA-Anexo I-C;Padrão;Receitas Brutas Realizadas;RO1.7.1.8.05.9.0;1.7.1.8.05.9.0 Outras Transferências Diretas do Fundo Nacional do Desenvolvimento da Educação ¿ FNDE;47454,58;6354
2018;Prefeitura Municipal de São Francisco de Goiás - GO;5219902;GO;DCA-Anexo I-C;Padrão;Receitas Brutas Realizadas;RO1.7.1.8.06.0.0;1.7.1.8.06.0.0 Transferência Financeira do ICMS ¿ Desoneração ¿ L.C. Nº 87/96;5457,12;6354
2018;Prefeitura Municipal de São Francisco de Goiás - GO;5219902;GO;DCA-Anexo I-C;Padrão;Receitas Brutas Realizadas;RO1.7.1.8.06.1.0;1.7.1.8.06.1.0 Transferência Financeira do ICMS ¿ Desoneração ¿ L.C. Nº 87/96;5457,12;6354
2018;Prefeitura Municipal de São Francisco de Goiás - GO;5219902;GO;DCA-Anexo I-C;Padrão;Receitas Brutas Realizadas;RO1.7.2.0.00.0.0;1.7.2.0.00.0.0 - Transferências dos Estados e do Distrito Federal e de suas Entidades;3668938,23;6354
2018;Prefeitura Municipal de São Francisco de Goiás - GO;5219902;GO;DCA-Anexo I-C;Padrão;Deduções - FUNDEB;RO1.7.2.0.00.0.0;1.7.2.0.00.0.0 - Transferências dos Estados e do Distrito Federal e de suas Entidades;692375,83;6354
2018;Prefeitura Municipal de São Francisco de Goiás - GO;5219902;GO;DCA-Anexo I-C;Padrão;Receitas Brutas Realizadas;RO1.7.2.8.00.0.0;1.7.2.8.00.0.0 Transferências dos Estados - Específicas de Estados, DF e Municípios;3668938,23;6354
2018;Prefeitura Municipal de São Francisco de Goiás - GO;5219902;GO;DCA-Anexo I-C;Padrão;Deduções - FUNDEB;RO1.7.2.8.00.0.0;1.7.2.8.00.0.0 Transferências dos Estados - Específicas de Estados, DF e Municípios;692375,83;6354
2018;Prefeitura Municipal de São Francisco de Goiás - GO;5219902;GO;DCA-Anexo I-C;Padrão;Receitas Brutas Realizadas;RO1.7.2.8.01.0.0;1.7.2.8.01.0.0 Participação na Receita dos Estados;3512032,23;6354
2018;Prefeitura Municipal de São Francisco de Goiás - GO;5219902;GO;DCA-Anexo I-C;Padrão;Deduções - FUNDEB;RO1.7.2.8.01.0.0;1.7.2.8.01.0.0 Participação na Receita dos Estados;692375,83;6354
2018;Prefeitura Municipal de São Francisco de Goiás - GO;5219902;GO;DCA-Anexo I-C;Padrão;Receitas Brutas Realizadas;RO1.7.2.8.01.1.0;1.7.2.8.01.1.0 Cota-Parte do ICMS;3174538,65;6354
2018;Prefeitura Municipal de São Francisco de Goiás - GO;5219902;GO;DCA-Anexo I-C;Padrão;Deduções - FUNDEB;RO1.7.2.8.01.1.0;1.7.2.8.01.1.0 Cota-Parte do ICMS;634907,56;6354
2018;Prefeitura Municipal de São Francisco de Goiás - GO;5219902;GO;DCA-Anexo I-C;Padrão;Receitas Brutas Realizadas;RO1.7.2.8.01.2.0;1.7.2.8.01.2.0 Cota-Parte do IPVA;287344,99;6354
2018;Prefeitura Municipal de São Francisco de Goiás - GO;5219902;GO;DCA-Anexo I-C;Padrão;Deduções - FUNDEB;RO1.7.2.8.01.2.0;1.7.2.8.01.2.0 Cota-Parte do IPVA;57468,27;6354
2018;Prefeitura Municipal de São Francisco de Goiás - GO;5219902;GO;DCA-Anexo I-C;Padrão;Receitas Brutas Realizadas;RO1.7.2.8.01.3.0;1.7.2.8.01.3.0 Cota-Parte do IPI - Municípios;22553,26;6354
2018;Prefeitura Municipal de São Francisco de Goiás - GO;5219902;GO;DCA-Anexo I-C;Padrão;Receitas Brutas Realizadas;RO1.7.2.8.01.4.0;1.7.2.8.01.4.0 Cota-Parte da Contribuição de Intervenção no Domínio Econômico;27595,33;6354
2018;Prefeitura Municipal de São Francisco de Goiás - GO;5219902;GO;DCA-Anexo I-C;Padrão;Receitas Brutas Realizadas;RO1.7.2.8.10.0.0;1.7.2.8.10.0.0 Transferência de Convênios dos Estados e do Distrito Federal e de Suas Entidades;156906,00;6354
2018;Prefeitura Municipal de São Francisco de Goiás - GO;5219902;GO;DCA-Anexo I-C;Padrão;Receitas Brutas Realizadas;RO1.7.2.8.10.1.0;1.7.2.8.10.1.0 Transferências de Convênio dos Estados para o Sistema Único de Saúde ¿ SUS;32000,00;6354
2018;Prefeitura Municipal de São Francisco de Goiás - GO;5219902;GO;DCA-Anexo I-C;Padrão;Receitas Brutas Realizadas;RO1.7.2.8.10.2.0;1.7.2.8.10.2.0 Transferências de Convênio dos Estados Destinadas a Programas de Educação;124906,00;6354
2018;Prefeitura Municipal de São Francisco de Goiás - GO;5219902;GO;DCA-Anexo I-C;Padrão;Receitas Brutas Realizadas;RO1.7.5.0.00.0.0;1.7.5.0.00.0.0 - Transferências de Outras Instituições Públicas;2377351,71;6354
2018;Prefeitura Municipal de São Francisco de Goiás - GO;5219902;GO;DCA-Anexo I-C;Padrão;Receitas Brutas Realizadas;RO1.7.5.8.00.0.0;1.7.5.8.00.0.0 Transferências de Outras Instituições Públicas - Específicas de Estados, DF e Municípios;2377351,71;6354
2018;Prefeitura Municipal de São Francisco de Goiás - GO;5219902;GO;DCA-Anexo I-C;Padrão;Receitas Brutas Realizadas;RO1.7.5.8.01.0.0;1.7.5.8.01.0.0 Transferências de Recursos do Fundo de Manutenção e Desenvolvimento da Educação Básica e de Valorização dos Profissionais da Educação ¿ FUNDEB;2377351,71;6354
2018;Prefeitura Municipal de São Francisco de Goiás - GO;5219902;GO;DCA-Anexo I-C;Padrão;Receitas Brutas Realizadas;RO1.9.0.0.00.0.0;1.9.0.0.00.0.0 - Outras Receitas Correntes;1953,19;6354
2018;Prefeitura Municipal de São Francisco de Goiás - GO;5219902;GO;DCA-Anexo I-C;Padrão;Receitas Brutas Realizadas;RO1.9.2.0.00.0.0;1.9.2.0.00.0.0 - Indenizações, Restituições e Ressarcimentos;1953,19;6354
2018;Prefeitura Municipal de São Francisco de Goiás - GO;5219902;GO;DCA-Anexo I-C;Padrão;Receitas Brutas Realizadas;RO1.9.2.1.00.0.0;1.9.2.1.00.0.0 - Indenizações;1953,19;6354
2018;Prefeitura Municipal de São Francisco de Goiás - GO;5219902;GO;DCA-Anexo I-C;Padrão;Receitas Brutas Realizadas;RO2.0.0.0.00.0.0;2.0.0.0.00.0.0 - Receitas de Capital;1200988,36;6354
2018;Prefeitura Municipal de São Francisco de Goiás - GO;5219902;GO;DCA-Anexo I-C;Padrão;Receitas Brutas Realizadas;RO2.2.0.0.00.0.0;2.2.0.0.00.0.0 - Alienação de Bens;580805,00;6354
2018;Prefeitura Municipal de São Francisco de Goiás - GO;5219902;GO;DCA-Anexo I-C;Padrão;Receitas Brutas Realizadas;RO2.2.1.0.00.0.0;2.2.1.0.00.0.0 - Alienação de Bens Móveis;380800,00;6354
2018;Prefeitura Municipal de São Francisco de Goiás - GO;5219902;GO;DCA-Anexo I-C;Padrão;Receitas Brutas Realizadas;RO2.2.1.3.00.0.0;2.2.1.3.00.0.0 Alienação de Bens Móveis e Semoventes;380800,00;6354
2018;Prefeitura Municipal de São Francisco de Goiás - GO;5219902;GO;DCA-Anexo I-C;Padrão;Receitas Brutas Realizadas;RO2.2.2.0.00.0.0;2.2.2.0.00.0.0 - Alienação de Bens Imóveis;200005,00;6354
2018;Prefeitura Municipal de São Francisco de Goiás - GO;5219902;GO;DCA-Anexo I-C;Padrão;Receitas Brutas Realizadas;RO2.4.0.0.00.0.0;2.4.0.0.00.0.0 - Transferências de Capital;620183,36;6354
2018;Prefeitura Municipal de São Francisco de Goiás - GO;5219902;GO;DCA-Anexo I-C;Padrão;Receitas Brutas Realizadas;RO2.4.2.0.00.0.0;2.4.2.0.00.0.0 - Transferências dos Estados e do Distrito Federal e de suas Entidades;620183,36;6354
2018;Prefeitura Municipal de São Francisco de Goiás - GO;5219902;GO;DCA-Anexo I-C;Padrão;Receitas Brutas Realizadas;RO2.4.2.8.00.0.0;2.4.2.8.00.0.0 Transferências dos Estados, Distrito Federal, e de suas Entidades;620183,36;6354
2018;Prefeitura Municipal de São Francisco de Goiás - GO;5219902;GO;DCA-Anexo I-C;Padrão;Receitas Brutas Realizadas;RO2.4.2.8.10.0.0;2.4.2.8.10.0.0 Transferências de Convênios dos Estados e do Distrito Federal e de suas Entidades;620183,36;6354
2019;Prefeitura Municipal de São Francisco de Goiás - GO;5219902;GO;DCA-Anexo I-C;Padrão;Receitas Brutas Realizadas;ReceitasExcetoIntraOrcamentarias;RECEITAS (EXCETO INTRA-ORÇAMENTÁRIAS) (I);20390905,68;6260
2019;Prefeitura Municipal de São Francisco de Goiás - GO;5219902;GO;DCA-Anexo I-C;Padrão;Deduções - FUNDEB;ReceitasExcetoIntraOrcamentarias;RECEITAS (EXCETO INTRA-ORÇAMENTÁRIAS) (I);2447829,03;6260
2019;Prefeitura Municipal de São Francisco de Goiás - GO;5219902;GO;DCA-Anexo I-C;Padrão;Receitas Brutas Realizadas;RO1.0.0.0.00.0.0;1.0.0.0.00.0.0 - Receitas Correntes;20185610,68;6260
2019;Prefeitura Municipal de São Francisco de Goiás - GO;5219902;GO;DCA-Anexo I-C;Padrão;Deduções - FUNDEB;RO1.0.0.0.00.0.0;1.0.0.0.00.0.0 - Receitas Correntes;2447829,03;6260
2019;Prefeitura Municipal de São Francisco de Goiás - GO;5219902;GO;DCA-Anexo I-C;Padrão;Receitas Brutas Realizadas;RO1.1.0.0.00.0.0;1.1.0.0.00.0.0 - Impostos, Taxas e Contribuições de Melhoria;1552535,80;6260
2019;Prefeitura Municipal de São Francisco de Goiás - GO;5219902;GO;DCA-Anexo I-C;Padrão;Receitas Brutas Realizadas;RO1.1.1.0.00.0.0;1.1.1.0.00.0.0 - Impostos;1491476,84;6260
2019;Prefeitura Municipal de São Francisco de Goiás - GO;5219902;GO;DCA-Anexo I-C;Padrão;Receitas Brutas Realizadas;RO1.1.1.3.00.0.0;1.1.1.3.00.0.0 - Impostos sobre a Renda e Proventos de Qualquer Natureza;341500,97;6260
2019;Prefeitura Municipal de São Francisco de Goiás - GO;5219902;GO;DCA-Anexo I-C;Padrão;Receitas Brutas Realizadas;RO1.1.1.3.03.0.0;1.1.1.3.03.0.0 - Imposto sobre a Renda - Retido na Fonte;341500,97;6260
2019;Prefeitura Municipal de São Francisco de Goiás - GO;5219902;GO;DCA-Anexo I-C;Padrão;Receitas Brutas Realizadas;RO1.1.1.3.03.4.0;1.1.1.3.03.4.0 - Imposto sobre a Renda - Retido na Fonte - Outros Rendimentos;341500,97;6260
2019;Prefeitura Municipal de São Francisco de Goiás - GO;5219902;GO;DCA-Anexo I-C;Padrão;Receitas Brutas Realizadas;RO1.1.1.8.00.0.0;1.1.1.8.00.0.0 Impostos Específicos de Estados, DF e Municípios;1149975,87;6260
2019;Prefeitura Municipal de São Francisco de Goiás - GO;5219902;GO;DCA-Anexo I-C;Padrão;Receitas Brutas Realizadas;RO1.1.1.8.01.0.0;1.1.1.8.01.0.0 Impostos sobre o Patrimônio para Estados/DF/Municípios;428603,93;6260
2019;Prefeitura Municipal de São Francisco de Goiás - GO;5219902;GO;DCA-Anexo I-C;Padrão;Receitas Brutas Realizadas;RO1.1.1.8.01.1.0;1.1.1.8.01.1.0 Imposto sobre a Propriedade Predial e Territorial Urbana;227599,07;6260
2019;Prefeitura Municipal de São Francisco de Goiás - GO;5219902;GO;DCA-Anexo I-C;Padrão;Receitas Brutas Realizadas;RO1.1.1.8.01.4.0;1.1.1.8.01.4.0 Imposto sobre Transmissão ¿Inter Vivos¿ de Bens Imóveis e de Direitos Reais sobre Imóveis;201004,86;6260
2019;Prefeitura Municipal de São Francisco de Goiás - GO;5219902;GO;DCA-Anexo I-C;Padrão;Receitas Brutas Realizadas;RO1.1.1.8.02.0.0;1.1.1.8.02.0.0 Impostos sobre a Produção, Circulação de Mercadorias e Serviços;721371,94;6260
2019;Prefeitura Municipal de São Francisco de Goiás - GO;5219902;GO;DCA-Anexo I-C;Padrão;Receitas Brutas Realizadas;RO1.1.1.8.02.3.0;1.1.1.8.02.3.0 Imposto sobre Serviços de Qualquer Natureza;721371,94;6260
2019;Prefeitura Municipal de São Francisco de Goiás - GO;5219902;GO;DCA-Anexo I-C;Padrão;Receitas Brutas Realizadas;RO1.1.2.0.00.0.0;1.1.2.0.00.0.0 - Taxas;61058,96;6260
2019;Prefeitura Municipal de São Francisco de Goiás - GO;5219902;GO;DCA-Anexo I-C;Padrão;Receitas Brutas Realizadas;RO1.1.2.2.00.0.0;1.1.2.2.00.0.0 - Taxas pela Prestação de Serviços;1481,17;6260
2019;Prefeitura Municipal de São Francisco de Goiás - GO;5219902;GO;DCA-Anexo I-C;Padrão;Receitas Brutas Realizadas;RO1.1.2.2.01.0.0;1.1.2.2.01.0.0 - Taxas pela Prestação de Serviços;1481,17;6260
2019;Prefeitura Municipal de São Francisco de Goiás - GO;5219902;GO;DCA-Anexo I-C;Padrão;Receitas Brutas Realizadas;RO1.1.2.8.00.0.0;1.1.2.8.00.0.0 - Taxas - Específicas de Estados, DF e Municípios;59577,79;6260
2019;Prefeitura Municipal de São Francisco de Goiás - GO;5219902;GO;DCA-Anexo I-C;Padrão;Receitas Brutas Realizadas;RO1.1.2.8.01.0.0;1.1.2.8.01.0.0 - Taxas de Inspeção, Controle e Fiscalização;59577,79;6260
2019;Prefeitura Municipal de São Francisco de Goiás - GO;5219902;GO;DCA-Anexo I-C;Padrão;Receitas Brutas Realizadas;RO1.1.2.8.01.9.0;1.1.2.8.01.9.0 - Taxas de Inspeção, Controle e Fiscalização - Outras;59577,79;6260
2019;Prefeitura Municipal de São Francisco de Goiás - GO;5219902;GO;DCA-Anexo I-C;Padrão;Receitas Brutas Realizadas;RO1.2.0.0.00.0.0;1.2.0.0.00.0.0 - Contribuições;426062,19;6260
2019;Prefeitura Municipal de São Francisco de Goiás - GO;5219902;GO;DCA-Anexo I-C;Padrão;Receitas Brutas Realizadas;RO1.2.4.0.00.0.0;1.2.4.0.00.0.0 - Contribuição para o Custeio do Serviço de Iluminação Pública;426062,19;6260
2019;Prefeitura Municipal de São Francisco de Goiás - GO;5219902;GO;DCA-Anexo I-C;Padrão;Receitas Brutas Realizadas;RO1.3.0.0.00.0.0;1.3.0.0.00.0.0 - Receita Patrimonial;30315,64;6260
2019;Prefeitura Municipal de São Francisco de Goiás - GO;5219902;GO;DCA-Anexo I-C;Padrão;Receitas Brutas Realizadas;RO1.3.1.0.00.0.0;1.3.1.0.00.0.0 - Exploração do Patrimônio Imobiliário do Estado;15474,60;6260
2019;Prefeitura Municipal de São Francisco de Goiás - GO;5219902;GO;DCA-Anexo I-C;Padrão;Receitas Brutas Realizadas;RO1.3.1.0.99.0.0;1.3.1.0.99.0.0 - Outras Receitas Imobiliárias;15474,60;6260
2019;Prefeitura Municipal de São Francisco de Goiás - GO;5219902;GO;DCA-Anexo I-C;Padrão;Receitas Brutas Realizadas;RO1.3.2.0.00.0.0;1.3.2.0.00.0.0 - Valores Mobiliários;14841,04;6260
2019;Prefeitura Municipal de São Francisco de Goiás - GO;5219902;GO;DCA-Anexo I-C;Padrão;Receitas Brutas Realizadas;RO1.3.2.1.00.0.0;1.3.2.1.00.0.0 - Juros e Correções Monetárias;14841,04;6260
2019;Prefeitura Municipal de São Francisco de Goiás - GO;5219902;GO;DCA-Anexo I-C;Padrão;Receitas Brutas Realizadas;RO1.3.2.1.00.1.0;1.3.2.1.00.1.0 - Remuneração de Depósitos Bancários;14841,04;6260
2019;Prefeitura Municipal de São Francisco de Goiás - GO;5219902;GO;DCA-Anexo I-C;Padrão;Receitas Brutas Realizadas;RO1.7.0.0.00.0.0;1.7.0.0.00.0.0 - Transferências Correntes;18164771,42;6260
2019;Prefeitura Municipal de São Francisco de Goiás - GO;5219902;GO;DCA-Anexo I-C;Padrão;Deduções - FUNDEB;RO1.7.0.0.00.0.0;1.7.0.0.00.0.0 - Transferências Correntes;2447829,03;6260
2019;Prefeitura Municipal de São Francisco de Goiás - GO;5219902;GO;DCA-Anexo I-C;Padrão;Receitas Brutas Realizadas;RO1.7.1.0.00.0.0;1.7.1.0.00.0.0 - Transferências da União e de suas Entidades;11153715,24;6260
2019;Prefeitura Municipal de São Francisco de Goiás - GO;5219902;GO;DCA-Anexo I-C;Padrão;Deduções - FUNDEB;RO1.7.1.0.00.0.0;1.7.1.0.00.0.0 - Transferências da União e de suas Entidades;1638783,12;6260
2019;Prefeitura Municipal de São Francisco de Goiás - GO;5219902;GO;DCA-Anexo I-C;Padrão;Receitas Brutas Realizadas;RO1.7.1.8.00.0.0;1.7.1.8.00.0.0 Transferências da União - Específicas de Estados, DF e Municípios;11153715,24;6260
2019;Prefeitura Municipal de São Francisco de Goiás - GO;5219902;GO;DCA-Anexo I-C;Padrão;Deduções - FUNDEB;RO1.7.1.8.00.0.0;1.7.1.8.00.0.0 Transferências da União - Específicas de Estados, DF e Municípios;1638783,12;6260
2019;Prefeitura Municipal de São Francisco de Goiás - GO;5219902;GO;DCA-Anexo I-C;Padrão;Receitas Brutas Realizadas;RO1.7.1.8.01.0.0;1.7.1.8.01.0.0 Participação na Receita da União;8936332,39;6260
2019;Prefeitura Municipal de São Francisco de Goiás - GO;5219902;GO;DCA-Anexo I-C;Padrão;Deduções - FUNDEB;RO1.7.1.8.01.0.0;1.7.1.8.01.0.0 Participação na Receita da União;1638783,12;6260
2019;Prefeitura Municipal de São Francisco de Goiás - GO;5219902;GO;DCA-Anexo I-C;Padrão;Receitas Brutas Realizadas;RO1.7.1.8.01.2.0;1.7.1.8.01.2.0 Cota-Parte do Fundo de Participação dos Municípios - Cota Mensal;8102572,23;6260
2019;Prefeitura Municipal de São Francisco de Goiás - GO;5219902;GO;DCA-Anexo I-C;Padrão;Deduções - FUNDEB;RO1.7.1.8.01.2.0;1.7.1.8.01.2.0 Cota-Parte do Fundo de Participação dos Municípios - Cota Mensal;1611654,12;6260
2019;Prefeitura Municipal de São Francisco de Goiás - GO;5219902;GO;DCA-Anexo I-C;Padrão;Receitas Brutas Realizadas;RO1.7.1.8.01.3.0;1.7.1.8.01.3.0 Cota-Parte do Fundo de Participação do Municípios ¿ 1% Cota entregue no mês de dezembro;355626,73;6260
2019;Prefeitura Municipal de São Francisco de Goiás - GO;5219902;GO;DCA-Anexo I-C;Padrão;Receitas Brutas Realizadas;RO1.7.1.8.01.4.0;1.7.1.8.01.4.0 Cota-Parte do Fundo de Participação dos Municípios - 1% Cota entregue no mês de julho;342487,72;6260
2019;Prefeitura Municipal de São Francisco de Goiás - GO;5219902;GO;DCA-Anexo I-C;Padrão;Receitas Brutas Realizadas;RO1.7.1.8.01.5.0;1.7.1.8.01.5.0 Cota-Parte do Imposto Sobre a Propriedade Territorial Rural;135645,71;6260
2019;Prefeitura Municipal de São Francisco de Goiás - GO;5219902;GO;DCA-Anexo I-C;Padrão;Deduções - FUNDEB;RO1.7.1.8.01.5.0;1.7.1.8.01.5.0 Cota-Parte do Imposto Sobre a Propriedade Territorial Rural;27129,00;6260
2019;Prefeitura Municipal de São Francisco de Goiás - GO;5219902;GO;DCA-Anexo I-C;Padrão;Receitas Brutas Realizadas;RO1.7.1.8.02.0.0;1.7.1.8.02.0.0 Transferência da Compensação Financeira pela Exploração de Recursos Naturais;124342,92;6260
2019;Prefeitura Municipal de São Francisco de Goiás - GO;5219902;GO;DCA-Anexo I-C;Padrão;Receitas Brutas Realizadas;RO1.7.1.8.02.2.0;1.7.1.8.02.2.0 Cota-parte da Compensação Financeira de Recursos Minerais - CFEM;181,85;6260
2019;Prefeitura Municipal de São Francisco de Goiás - GO;5219902;GO;DCA-Anexo I-C;Padrão;Receitas Brutas Realizadas;RO1.7.1.8.02.6.0;1.7.1.8.02.6.0 Cota-Parte do Fundo Especial do Petróleo ¿ FEP;124161,07;6260
2019;Prefeitura Municipal de São Francisco de Goiás - GO;5219902;GO;DCA-Anexo I-C;Padrão;Receitas Brutas Realizadas;RO1.7.1.8.03.0.0;"1.7.1.8.03.0.0 Transferência de Recursos do Sistema Único de Saúde ¿ 
 SUS ¿ Bloco Custeio das Ações e Serviços Públicos de Saúde";1135401,81;6260
2019;Prefeitura Municipal de São Francisco de Goiás - GO;5219902;GO;DCA-Anexo I-C;Padrão;Receitas Brutas Realizadas;RO1.7.1.8.03.1.0;1.7.1.8.03.1.0 - Transferência de Recursos do SUS ¿ Atenção Básica;1135401,81;6260
2019;Prefeitura Municipal de São Francisco de Goiás - GO;5219902;GO;DCA-Anexo I-C;Padrão;Receitas Brutas Realizadas;RO1.7.1.8.04.0.0;1.7.1.8.04.0.0 Transferências de Recursos do Sistema Único de Saúde ¿ SUS - Bloco Investimentos na Rede de Serviços Públicos de Saúde;149,58;6260
2019;Prefeitura Municipal de São Francisco de Goiás - GO;5219902;GO;DCA-Anexo I-C;Padrão;Receitas Brutas Realizadas;RO1.7.1.8.04.1.0;1.7.1.8.04.1.0 - Transferências de Recursos do Sistema Único de Saúde ¿ SUS destinados à Atenção Básica;149,58;6260
2019;Prefeitura Municipal de São Francisco de Goiás - GO;5219902;GO;DCA-Anexo I-C;Padrão;Receitas Brutas Realizadas;RO1.7.1.8.05.0.0;1.7.1.8.05.0.0 Transferências de Recursos do Fundo Nacional do Desenvolvimento da Educação ¿ FNDE;271362,59;6260
2019;Prefeitura Municipal de São Francisco de Goiás - GO;5219902;GO;DCA-Anexo I-C;Padrão;Receitas Brutas Realizadas;RO1.7.1.8.05.1.0;1.7.1.8.05.1.0 Transferências do Salário-Educação;180287,85;6260
2019;Prefeitura Municipal de São Francisco de Goiás - GO;5219902;GO;DCA-Anexo I-C;Padrão;Receitas Brutas Realizadas;RO1.7.1.8.05.3.0;1.7.1.8.05.3.0 Transferências Diretas do FNDE referentes ao Programa Nacional de Alimentação Escolar ¿ PNAE;66652,00;6260
2019;Prefeitura Municipal de São Francisco de Goiás - GO;5219902;GO;DCA-Anexo I-C;Padrão;Receitas Brutas Realizadas;RO1.7.1.8.05.4.0;1.7.1.8.05.4.0 Transferências Diretas do FNDE referentes ao Programa Nacional de Apoio ao Transporte do Escolar ¿ PNATE;24153,36;6260
2019;Prefeitura Municipal de São Francisco de Goiás - GO;5219902;GO;DCA-Anexo I-C;Padrão;Receitas Brutas Realizadas;RO1.7.1.8.05.9.0;1.7.1.8.05.9.0 Outras Transferências Diretas do Fundo Nacional do Desenvolvimento da Educação ¿ FNDE;269,38;6260
2019;Prefeitura Municipal de São Francisco de Goiás - GO;5219902;GO;DCA-Anexo I-C;Padrão;Receitas Brutas Realizadas;RO1.7.1.8.12.0.0;1.7.1.8.12.0.0 - Transferências de Recursos do Fundo Nacional de Assistência Social ¿ FNAS;264769,75;6260
2019;Prefeitura Municipal de São Francisco de Goiás - GO;5219902;GO;DCA-Anexo I-C;Padrão;Receitas Brutas Realizadas;RO1.7.1.8.99.0.0;1.7.1.8.99.0.0 Outras Transferências da União;421356,20;6260
2019;Prefeitura Municipal de São Francisco de Goiás - GO;5219902;GO;DCA-Anexo I-C;Padrão;Receitas Brutas Realizadas;RO1.7.2.0.00.0.0;1.7.2.0.00.0.0 - Transferências dos Estados e do Distrito Federal e de suas Entidades;4483984,86;6260
2019;Prefeitura Municipal de São Francisco de Goiás - GO;5219902;GO;DCA-Anexo I-C;Padrão;Deduções - FUNDEB;RO1.7.2.0.00.0.0;1.7.2.0.00.0.0 - Transferências dos Estados e do Distrito Federal e de suas Entidades;809045,91;6260
2019;Prefeitura Municipal de São Francisco de Goiás - GO;5219902;GO;DCA-Anexo I-C;Padrão;Receitas Brutas Realizadas;RO1.7.2.8.00.0.0;1.7.2.8.00.0.0 Transferências dos Estados - Específicas de Estados, DF e Municípios;4483984,86;6260
2019;Prefeitura Municipal de São Francisco de Goiás - GO;5219902;GO;DCA-Anexo I-C;Padrão;Deduções - FUNDEB;RO1.7.2.8.00.0.0;1.7.2.8.00.0.0 Transferências dos Estados - Específicas de Estados, DF e Municípios;809045,91;6260
2019;Prefeitura Municipal de São Francisco de Goiás - GO;5219902;GO;DCA-Anexo I-C;Padrão;Receitas Brutas Realizadas;RO1.7.2.8.01.0.0;1.7.2.8.01.0.0 Participação na Receita dos Estados;4086367,11;6260
2019;Prefeitura Municipal de São Francisco de Goiás - GO;5219902;GO;DCA-Anexo I-C;Padrão;Deduções - FUNDEB;RO1.7.2.8.01.0.0;1.7.2.8.01.0.0 Participação na Receita dos Estados;809045,91;6260
2019;Prefeitura Municipal de São Francisco de Goiás - GO;5219902;GO;DCA-Anexo I-C;Padrão;Receitas Brutas Realizadas;RO1.7.2.8.01.1.0;1.7.2.8.01.1.0 Cota-Parte do ICMS;3721355,12;6260
2019;Prefeitura Municipal de São Francisco de Goiás - GO;5219902;GO;DCA-Anexo I-C;Padrão;Deduções - FUNDEB;RO1.7.2.8.01.1.0;1.7.2.8.01.1.0 Cota-Parte do ICMS;744270,88;6260
2019;Prefeitura Municipal de São Francisco de Goiás - GO;5219902;GO;DCA-Anexo I-C;Padrão;Receitas Brutas Realizadas;RO1.7.2.8.01.2.0;1.7.2.8.01.2.0 Cota-Parte do IPVA;323473,67;6260
2019;Prefeitura Municipal de São Francisco de Goiás - GO;5219902;GO;DCA-Anexo I-C;Padrão;Deduções - FUNDEB;RO1.7.2.8.01.2.0;1.7.2.8.01.2.0 Cota-Parte do IPVA;64775,03;6260
2019;Prefeitura Municipal de São Francisco de Goiás - GO;5219902;GO;DCA-Anexo I-C;Padrão;Receitas Brutas Realizadas;RO1.7.2.8.01.3.0;1.7.2.8.01.3.0 Cota-Parte do IPI - Municípios;25277,53;6260
2019;Prefeitura Municipal de São Francisco de Goiás - GO;5219902;GO;DCA-Anexo I-C;Padrão;Receitas Brutas Realizadas;RO1.7.2.8.01.4.0;1.7.2.8.01.4.0 Cota-Parte da Contribuição de Intervenção no Domínio Econômico;16260,79;6260
2019;Prefeitura Municipal de São Francisco de Goiás - GO;5219902;GO;DCA-Anexo I-C;Padrão;Receitas Brutas Realizadas;RO1.7.2.8.03.0.0;1.7.2.8.03.0.0 Transferência de Recursos do Estado para Programas de Saúde ¿ Repasse Fundo a Fundo;107827,00;6260
2019;Prefeitura Municipal de São Francisco de Goiás - GO;5219902;GO;DCA-Anexo I-C;Padrão;Receitas Brutas Realizadas;RO1.7.2.8.10.0.0;1.7.2.8.10.0.0 Transferência de Convênios dos Estados e do Distrito Federal e de Suas Entidades;289790,75;6260
2019;Prefeitura Municipal de São Francisco de Goiás - GO;5219902;GO;DCA-Anexo I-C;Padrão;Receitas Brutas Realizadas;RO1.7.2.8.10.1.0;1.7.2.8.10.1.0 Transferências de Convênio dos Estados para o Sistema Único de Saúde ¿ SUS;15,75;6260
2019;Prefeitura Municipal de São Francisco de Goiás - GO;5219902;GO;DCA-Anexo I-C;Padrão;Receitas Brutas Realizadas;RO1.7.2.8.10.2.0;1.7.2.8.10.2.0 Transferências de Convênio dos Estados Destinadas a Programas de Educação;289775,00;6260
2019;Prefeitura Municipal de São Francisco de Goiás - GO;5219902;GO;DCA-Anexo I-C;Padrão;Receitas Brutas Realizadas;RO1.7.5.0.00.0.0;1.7.5.0.00.0.0 - Transferências de Outras Instituições Públicas;2527071,32;6260
2019;Prefeitura Municipal de São Francisco de Goiás - GO;5219902;GO;DCA-Anexo I-C;Padrão;Receitas Brutas Realizadas;RO1.7.5.8.00.0.0;1.7.5.8.00.0.0 Transferências de Outras Instituições Públicas - Específicas de Estados, DF e Municípios;2527071,32;6260
2019;Prefeitura Municipal de São Francisco de Goiás - GO;5219902;GO;DCA-Anexo I-C;Padrão;Receitas Brutas Realizadas;RO1.7.5.8.01.0.0;1.7.5.8.01.0.0 Transferências de Recursos do Fundo de Manutenção e Desenvolvimento da Educação Básica e de Valorização dos Profissionais da Educação ¿ FUNDEB;2527071,32;6260
2019;Prefeitura Municipal de São Francisco de Goiás - GO;5219902;GO;DCA-Anexo I-C;Padrão;Receitas Brutas Realizadas;RO1.9.0.0.00.0.0;1.9.0.0.00.0.0 - Outras Receitas Correntes;11925,63;6260
2019;Prefeitura Municipal de São Francisco de Goiás - GO;5219902;GO;DCA-Anexo I-C;Padrão;Receitas Brutas Realizadas;RO1.9.1.0.00.0.0;1.9.1.0.00.0.0 - Multas Administrativas, Contratuais e Judiciais;9837,50;6260
2019;Prefeitura Municipal de São Francisco de Goiás - GO;5219902;GO;DCA-Anexo I-C;Padrão;Receitas Brutas Realizadas;RO1.9.1.0.06.0.0;1.9.1.0.06.0.0 - Multas por Danos Ambientais;9837,50;6260
2019;Prefeitura Municipal de São Francisco de Goiás - GO;5219902;GO;DCA-Anexo I-C;Padrão;Receitas Brutas Realizadas;RO1.9.1.0.06.2.0;1.9.1.0.06.2.0 - Multas Judiciais por Danos Ambientais;9837,50;6260
2019;Prefeitura Municipal de São Francisco de Goiás - GO;5219902;GO;DCA-Anexo I-C;Padrão;Receitas Brutas Realizadas;RO1.9.2.0.00.0.0;1.9.2.0.00.0.0 - Indenizações, Restituições e Ressarcimentos;2088,13;6260
2019;Prefeitura Municipal de São Francisco de Goiás - GO;5219902;GO;DCA-Anexo I-C;Padrão;Receitas Brutas Realizadas;RO1.9.2.1.00.0.0;1.9.2.1.00.0.0 - Indenizações;2088,09;6260
2019;Prefeitura Municipal de São Francisco de Goiás - GO;5219902;GO;DCA-Anexo I-C;Padrão;Receitas Brutas Realizadas;RO1.9.2.1.99.0.0;1.9.2.1.99.0.0 - Outras Indenizações;2088,09;6260
2019;Prefeitura Municipal de São Francisco de Goiás - GO;5219902;GO;DCA-Anexo I-C;Padrão;Receitas Brutas Realizadas;RO1.9.2.2.00.0.0;1.9.2.2.00.0.0 - Restituições;0,04;6260
2019;Prefeitura Municipal de São Francisco de Goiás - GO;5219902;GO;DCA-Anexo I-C;Padrão;Receitas Brutas Realizadas;RO1.9.2.2.99.0.0;1.9.2.2.99.0.0 - Outras Restituições;0,04;6260
2019;Prefeitura Municipal de São Francisco de Goiás - GO;5219902;GO;DCA-Anexo I-C;Padrão;Receitas Brutas Realizadas;RO2.0.0.0.00.0.0;2.0.0.0.00.0.0 - Receitas de Capital;205295,00;6260
2019;Prefeitura Municipal de São Francisco de Goiás - GO;5219902;GO;DCA-Anexo I-C;Padrão;Receitas Brutas Realizadas;RO2.2.0.0.00.0.0;2.2.0.0.00.0.0 - Alienação de Bens;5000,00;6260
2019;Prefeitura Municipal de São Francisco de Goiás - GO;5219902;GO;DCA-Anexo I-C;Padrão;Receitas Brutas Realizadas;RO2.2.2.0.00.0.0;2.2.2.0.00.0.0 - Alienação de Bens Imóveis;5000,00;6260
2019;Prefeitura Municipal de São Francisco de Goiás - GO;5219902;GO;DCA-Anexo I-C;Padrão;Receitas Brutas Realizadas;RO2.4.0.0.00.0.0;2.4.0.0.00.0.0 - Transferências de Capital;200295,00;6260
2019;Prefeitura Municipal de São Francisco de Goiás - GO;5219902;GO;DCA-Anexo I-C;Padrão;Receitas Brutas Realizadas;RO2.4.1.0.00.0.0;2.4.1.0.00.0.0 - Transferências da União e de suas Entidades;200295,00;6260
2019;Prefeitura Municipal de São Francisco de Goiás - GO;5219902;GO;DCA-Anexo I-C;Padrão;Receitas Brutas Realizadas;RO2.4.1.8.00.0.0;2.4.1.8.00.0.0 Transferências da União - Específicas de Estados, DF e Municípios;200295,00;6260
2019;Prefeitura Municipal de São Francisco de Goiás - GO;5219902;GO;DCA-Anexo I-C;Padrão;Receitas Brutas Realizadas;RO2.4.1.8.10.0.0;2.4.1.8.10.0.0 Transferência de Convênios da União e de suas Entidades;200295,00;6260
2019;Prefeitura Municipal de São Francisco de Goiás - GO;5219902;GO;DCA-Anexo I-C;Padrão;Receitas Brutas Realizadas;RO2.4.1.8.10.9.0;2.4.1.8.10.9.0 - Outras Transferências de Convênios da União;200295,00;6260
2019;Prefeitura Municipal de São Francisco de Goiás - GO;5219902;GO;DCA-Anexo I-C;Padrão;Receitas Brutas Realizadas;TotalReceitas;TOTAL DAS RECEITAS (III) = (I + II);20390905,68;6260
2019;Prefeitura Municipal de São Francisco de Goiás - GO;5219902;GO;DCA-Anexo I-C;Padrão;Deduções - FUNDEB;TotalReceitas;TOTAL DAS RECEITAS (III) = (I + II);2447829,03;6260
2020;Prefeitura Municipal de São Francisco de Goiás - GO;5219902;GO;DCA-Anexo I-C;Padrão;Receitas Brutas Realizadas;ReceitasExcetoIntraOrcamentarias;RECEITAS (EXCETO INTRA-ORÇAMENTÁRIAS) (I);21647108,01;6264
2020;Prefeitura Municipal de São Francisco de Goiás - GO;5219902;GO;DCA-Anexo I-C;Padrão;Deduções - FUNDEB;ReceitasExcetoIntraOrcamentarias;RECEITAS (EXCETO INTRA-ORÇAMENTÁRIAS) (I);2320046,44;6264
2020;Prefeitura Municipal de São Francisco de Goiás - GO;5219902;GO;DCA-Anexo I-C;Padrão;Receitas Brutas Realizadas;RO1.0.0.0.00.0.0;1.0.0.0.00.0.0 - Receitas Correntes;21345056,58;6264
2020;Prefeitura Municipal de São Francisco de Goiás - GO;5219902;GO;DCA-Anexo I-C;Padrão;Deduções - FUNDEB;RO1.0.0.0.00.0.0;1.0.0.0.00.0.0 - Receitas Correntes;2320046,44;6264
2020;Prefeitura Municipal de São Francisco de Goiás - GO;5219902;GO;DCA-Anexo I-C;Padrão;Receitas Brutas Realizadas;RO1.1.0.0.00.0.0;1.1.0.0.00.0.0 - Impostos, Taxas e Contribuições de Melhoria;1391617,63;6264
2020;Prefeitura Municipal de São Francisco de Goiás - GO;5219902;GO;DCA-Anexo I-C;Padrão;Receitas Brutas Realizadas;RO1.1.1.0.00.0.0;1.1.1.0.00.0.0 - Impostos;1364158,89;6264
2020;Prefeitura Municipal de São Francisco de Goiás - GO;5219902;GO;DCA-Anexo I-C;Padrão;Receitas Brutas Realizadas;RO1.1.1.3.00.0.0;1.1.1.3.00.0.0 - Impostos sobre a Renda e Proventos de Qualquer Natureza;391981,72;6264
2020;Prefeitura Municipal de São Francisco de Goiás - GO;5219902;GO;DCA-Anexo I-C;Padrão;Receitas Brutas Realizadas;RO1.1.1.3.03.0.0;1.1.1.3.03.0.0 - Imposto sobre a Renda - Retido na Fonte;391981,72;6264
2020;Prefeitura Municipal de São Francisco de Goiás - GO;5219902;GO;DCA-Anexo I-C;Padrão;Receitas Brutas Realizadas;RO1.1.1.3.03.4.0;1.1.1.3.03.4.0 - Imposto sobre a Renda - Retido na Fonte - Outros Rendimentos;391981,72;6264
2020;Prefeitura Municipal de São Francisco de Goiás - GO;5219902;GO;DCA-Anexo I-C;Padrão;Receitas Brutas Realizadas;RO1.1.1.8.00.0.0;1.1.1.8.00.0.0 Impostos Específicos de Estados, DF e Municípios;972177,17;6264
2020;Prefeitura Municipal de São Francisco de Goiás - GO;5219902;GO;DCA-Anexo I-C;Padrão;Receitas Brutas Realizadas;RO1.1.1.8.01.0.0;1.1.1.8.01.0.0 Impostos sobre o Patrimônio para Estados/DF/Municípios;449813,03;6264
2020;Prefeitura Municipal de São Francisco de Goiás - GO;5219902;GO;DCA-Anexo I-C;Padrão;Receitas Brutas Realizadas;RO1.1.1.8.01.1.0;1.1.1.8.01.1.0 Imposto sobre a Propriedade Predial e Territorial Urbana;150877,33;6264
2020;Prefeitura Municipal de São Francisco de Goiás - GO;5219902;GO;DCA-Anexo I-C;Padrão;Receitas Brutas Realizadas;RO1.1.1.8.01.4.0;1.1.1.8.01.4.0 Imposto sobre Transmissão ¿Inter Vivos¿ de Bens Imóveis e de Direitos Reais sobre Imóveis;298935,70;6264
2020;Prefeitura Municipal de São Francisco de Goiás - GO;5219902;GO;DCA-Anexo I-C;Padrão;Receitas Brutas Realizadas;RO1.1.1.8.02.0.0;1.1.1.8.02.0.0 Impostos sobre a Produção, Circulação de Mercadorias e Serviços;522364,14;6264
2020;Prefeitura Municipal de São Francisco de Goiás - GO;5219902;GO;DCA-Anexo I-C;Padrão;Receitas Brutas Realizadas;RO1.1.1.8.02.3.0;1.1.1.8.02.3.0 Imposto sobre Serviços de Qualquer Natureza;522364,14;6264
2020;Prefeitura Municipal de São Francisco de Goiás - GO;5219902;GO;DCA-Anexo I-C;Padrão;Receitas Brutas Realizadas;RO1.1.2.0.00.0.0;1.1.2.0.00.0.0 - Taxas;27458,74;6264
2020;Prefeitura Municipal de São Francisco de Goiás - GO;5219902;GO;DCA-Anexo I-C;Padrão;Receitas Brutas Realizadas;RO1.1.2.8.00.0.0;1.1.2.8.00.0.0 - Taxas - Específicas de Estados, DF e Municípios;27458,74;6264
2020;Prefeitura Municipal de São Francisco de Goiás - GO;5219902;GO;DCA-Anexo I-C;Padrão;Receitas Brutas Realizadas;RO1.1.2.8.01.0.0;1.1.2.8.01.0.0 - Taxas de Inspeção, Controle e Fiscalização;27458,74;6264
2020;Prefeitura Municipal de São Francisco de Goiás - GO;5219902;GO;DCA-Anexo I-C;Padrão;Receitas Brutas Realizadas;RO1.1.2.8.01.9.0;1.1.2.8.01.9.0 - Taxas de Inspeção, Controle e Fiscalização - Outras;27458,74;6264
2020;Prefeitura Municipal de São Francisco de Goiás - GO;5219902;GO;DCA-Anexo I-C;Padrão;Receitas Brutas Realizadas;RO1.2.0.0.00.0.0;1.2.0.0.00.0.0 - Contribuições;285341,36;6264
2020;Prefeitura Municipal de São Francisco de Goiás - GO;5219902;GO;DCA-Anexo I-C;Padrão;Receitas Brutas Realizadas;RO1.2.4.0.00.0.0;1.2.4.0.00.0.0 - Contribuição para o Custeio do Serviço de Iluminação Pública;285341,36;6264
2020;Prefeitura Municipal de São Francisco de Goiás - GO;5219902;GO;DCA-Anexo I-C;Padrão;Receitas Brutas Realizadas;RO1.3.0.0.00.0.0;1.3.0.0.00.0.0 - Receita Patrimonial;23202,12;6264
2020;Prefeitura Municipal de São Francisco de Goiás - GO;5219902;GO;DCA-Anexo I-C;Padrão;Receitas Brutas Realizadas;RO1.3.1.0.00.0.0;1.3.1.0.00.0.0 - Exploração do Patrimônio Imobiliário do Estado;18630,56;6264
2020;Prefeitura Municipal de São Francisco de Goiás - GO;5219902;GO;DCA-Anexo I-C;Padrão;Receitas Brutas Realizadas;RO1.3.1.0.99.0.0;1.3.1.0.99.0.0 - Outras Receitas Imobiliárias;18630,56;6264
2020;Prefeitura Municipal de São Francisco de Goiás - GO;5219902;GO;DCA-Anexo I-C;Padrão;Receitas Brutas Realizadas;RO1.3.2.0.00.0.0;1.3.2.0.00.0.0 - Valores Mobiliários;4571,56;6264
2020;Prefeitura Municipal de São Francisco de Goiás - GO;5219902;GO;DCA-Anexo I-C;Padrão;Receitas Brutas Realizadas;RO1.3.2.1.00.0.0;1.3.2.1.00.0.0 - Juros e Correções Monetárias;4571,56;6264
2020;Prefeitura Municipal de São Francisco de Goiás - GO;5219902;GO;DCA-Anexo I-C;Padrão;Receitas Brutas Realizadas;RO1.3.2.1.00.1.0;1.3.2.1.00.1.0 - Remuneração de Depósitos Bancários;4571,56;6264
2020;Prefeitura Municipal de São Francisco de Goiás - GO;5219902;GO;DCA-Anexo I-C;Padrão;Receitas Brutas Realizadas;RO1.7.0.0.00.0.0;1.7.0.0.00.0.0 - Transferências Correntes;19622082,78;6264
2020;Prefeitura Municipal de São Francisco de Goiás - GO;5219902;GO;DCA-Anexo I-C;Padrão;Deduções - FUNDEB;RO1.7.0.0.00.0.0;1.7.0.0.00.0.0 - Transferências Correntes;2320046,44;6264
2020;Prefeitura Municipal de São Francisco de Goiás - GO;5219902;GO;DCA-Anexo I-C;Padrão;Receitas Brutas Realizadas;RO1.7.1.0.00.0.0;1.7.1.0.00.0.0 - Transferências da União e de suas Entidades;12721213,28;6264
2020;Prefeitura Municipal de São Francisco de Goiás - GO;5219902;GO;DCA-Anexo I-C;Padrão;Deduções - FUNDEB;RO1.7.1.0.00.0.0;1.7.1.0.00.0.0 - Transferências da União e de suas Entidades;1557767,68;6264
2020;Prefeitura Municipal de São Francisco de Goiás - GO;5219902;GO;DCA-Anexo I-C;Padrão;Receitas Brutas Realizadas;RO1.7.1.8.00.0.0;1.7.1.8.00.0.0 Transferências da União - Específicas de Estados, DF e Municípios;12721213,28;6264
2020;Prefeitura Municipal de São Francisco de Goiás - GO;5219902;GO;DCA-Anexo I-C;Padrão;Deduções - FUNDEB;RO1.7.1.8.00.0.0;1.7.1.8.00.0.0 Transferências da União - Específicas de Estados, DF e Municípios;1557767,68;6264
2020;Prefeitura Municipal de São Francisco de Goiás - GO;5219902;GO;DCA-Anexo I-C;Padrão;Receitas Brutas Realizadas;RO1.7.1.8.01.0.0;1.7.1.8.01.0.0 Participação na Receita da União;8597850,27;6264
2020;Prefeitura Municipal de São Francisco de Goiás - GO;5219902;GO;DCA-Anexo I-C;Padrão;Deduções - FUNDEB;RO1.7.1.8.01.0.0;1.7.1.8.01.0.0 Participação na Receita da União;1557767,68;6264
2020;Prefeitura Municipal de São Francisco de Goiás - GO;5219902;GO;DCA-Anexo I-C;Padrão;Receitas Brutas Realizadas;RO1.7.1.8.01.2.0;1.7.1.8.01.2.0 Cota-Parte do Fundo de Participação dos Municípios - Cota Mensal;7780947,66;6264
2020;Prefeitura Municipal de São Francisco de Goiás - GO;5219902;GO;DCA-Anexo I-C;Padrão;Deduções - FUNDEB;RO1.7.1.8.01.2.0;1.7.1.8.01.2.0 Cota-Parte do Fundo de Participação dos Municípios - Cota Mensal;1532456,58;6264
2020;Prefeitura Municipal de São Francisco de Goiás - GO;5219902;GO;DCA-Anexo I-C;Padrão;Receitas Brutas Realizadas;RO1.7.1.8.01.3.0;1.7.1.8.01.3.0 Cota-Parte do Fundo de Participação do Municípios ¿ 1% Cota entregue no mês de dezembro;344805,62;6264
2020;Prefeitura Municipal de São Francisco de Goiás - GO;5219902;GO;DCA-Anexo I-C;Padrão;Receitas Brutas Realizadas;RO1.7.1.8.01.4.0;1.7.1.8.01.4.0 Cota-Parte do Fundo de Participação dos Municípios - 1% Cota entregue no mês de julho;345540,75;6264
2020;Prefeitura Municipal de São Francisco de Goiás - GO;5219902;GO;DCA-Anexo I-C;Padrão;Receitas Brutas Realizadas;RO1.7.1.8.01.5.0;1.7.1.8.01.5.0 Cota-Parte do Imposto Sobre a Propriedade Territorial Rural;126556,24;6264
2020;Prefeitura Municipal de São Francisco de Goiás - GO;5219902;GO;DCA-Anexo I-C;Padrão;Deduções - FUNDEB;RO1.7.1.8.01.5.0;1.7.1.8.01.5.0 Cota-Parte do Imposto Sobre a Propriedade Territorial Rural;25311,10;6264
2020;Prefeitura Municipal de São Francisco de Goiás - GO;5219902;GO;DCA-Anexo I-C;Padrão;Receitas Brutas Realizadas;RO1.7.1.8.02.0.0;1.7.1.8.02.0.0 Transferência da Compensação Financeira pela Exploração de Recursos Naturais;124059,85;6264
2020;Prefeitura Municipal de São Francisco de Goiás - GO;5219902;GO;DCA-Anexo I-C;Padrão;Receitas Brutas Realizadas;RO1.7.1.8.02.2.0;1.7.1.8.02.2.0 Cota-parte da Compensação Financeira de Recursos Minerais - CFEM;782,11;6264
2020;Prefeitura Municipal de São Francisco de Goiás - GO;5219902;GO;DCA-Anexo I-C;Padrão;Receitas Brutas Realizadas;RO1.7.1.8.02.6.0;1.7.1.8.02.6.0 Cota-Parte do Fundo Especial do Petróleo ¿ FEP;123277,74;6264
2020;Prefeitura Municipal de São Francisco de Goiás - GO;5219902;GO;DCA-Anexo I-C;Padrão;Receitas Brutas Realizadas;RO1.7.1.8.03.0.0;"1.7.1.8.03.0.0 Transferência de Recursos do Sistema Único de Saúde ¿ 
 SUS ¿ Bloco Custeio das Ações e Serviços Públicos de Saúde";1979332,85;6264
2020;Prefeitura Municipal de São Francisco de Goiás - GO;5219902;GO;DCA-Anexo I-C;Padrão;Receitas Brutas Realizadas;RO1.7.1.8.03.1.0;1.7.1.8.03.1.0 - Transferência de Recursos do SUS ¿ Atenção Básica;1488785,82;6264
2020;Prefeitura Municipal de São Francisco de Goiás - GO;5219902;GO;DCA-Anexo I-C;Padrão;Receitas Brutas Realizadas;RO1.7.1.8.03.9.0;1.7.1.8.03.9.0 - Transferência de Recursos do SUS ¿ Outros Programas Financiados por Transferências Fundo a Fundo;490547,03;6264
2020;Prefeitura Municipal de São Francisco de Goiás - GO;5219902;GO;DCA-Anexo I-C;Padrão;Receitas Brutas Realizadas;RO1.7.1.8.05.0.0;1.7.1.8.05.0.0 Transferências de Recursos do Fundo Nacional do Desenvolvimento da Educação ¿ FNDE;229241,60;6264
2020;Prefeitura Municipal de São Francisco de Goiás - GO;5219902;GO;DCA-Anexo I-C;Padrão;Receitas Brutas Realizadas;RO1.7.1.8.05.1.0;1.7.1.8.05.1.0 Transferências do Salário-Educação;130761,15;6264
2020;Prefeitura Municipal de São Francisco de Goiás - GO;5219902;GO;DCA-Anexo I-C;Padrão;Receitas Brutas Realizadas;RO1.7.1.8.05.3.0;1.7.1.8.05.3.0 Transferências Diretas do FNDE referentes ao Programa Nacional de Alimentação Escolar ¿ PNAE;74492,00;6264
2020;Prefeitura Municipal de São Francisco de Goiás - GO;5219902;GO;DCA-Anexo I-C;Padrão;Receitas Brutas Realizadas;RO1.7.1.8.05.4.0;1.7.1.8.05.4.0 Transferências Diretas do FNDE referentes ao Programa Nacional de Apoio ao Transporte do Escolar ¿ PNATE;23988,45;6264
2020;Prefeitura Municipal de São Francisco de Goiás - GO;5219902;GO;DCA-Anexo I-C;Padrão;Receitas Brutas Realizadas;RO1.7.1.8.12.0.0;1.7.1.8.12.0.0 - Transferências de Recursos do Fundo Nacional de Assistência Social ¿ FNAS;287759,06;6264
2020;Prefeitura Municipal de São Francisco de Goiás - GO;5219902;GO;DCA-Anexo I-C;Padrão;Receitas Brutas Realizadas;RO1.7.1.8.99.0.0;1.7.1.8.99.0.0 Outras Transferências da União;1502969,65;6264
2020;Prefeitura Municipal de São Francisco de Goiás - GO;5219902;GO;DCA-Anexo I-C;Padrão;Receitas Brutas Realizadas;RO1.7.2.0.00.0.0;1.7.2.0.00.0.0 - Transferências dos Estados e do Distrito Federal e de suas Entidades;4521807,39;6264
2020;Prefeitura Municipal de São Francisco de Goiás - GO;5219902;GO;DCA-Anexo I-C;Padrão;Deduções - FUNDEB;RO1.7.2.0.00.0.0;1.7.2.0.00.0.0 - Transferências dos Estados e do Distrito Federal e de suas Entidades;762278,76;6264
2020;Prefeitura Municipal de São Francisco de Goiás - GO;5219902;GO;DCA-Anexo I-C;Padrão;Receitas Brutas Realizadas;RO1.7.2.8.00.0.0;1.7.2.8.00.0.0 Transferências dos Estados - Específicas de Estados, DF e Municípios;4521807,39;6264
2020;Prefeitura Municipal de São Francisco de Goiás - GO;5219902;GO;DCA-Anexo I-C;Padrão;Deduções - FUNDEB;RO1.7.2.8.00.0.0;1.7.2.8.00.0.0 Transferências dos Estados - Específicas de Estados, DF e Municípios;762278,76;6264
2020;Prefeitura Municipal de São Francisco de Goiás - GO;5219902;GO;DCA-Anexo I-C;Padrão;Receitas Brutas Realizadas;RO1.7.2.8.01.0.0;1.7.2.8.01.0.0 Participação na Receita dos Estados;3893584,89;6264
2020;Prefeitura Municipal de São Francisco de Goiás - GO;5219902;GO;DCA-Anexo I-C;Padrão;Deduções - FUNDEB;RO1.7.2.8.01.0.0;1.7.2.8.01.0.0 Participação na Receita dos Estados;762278,76;6264
2020;Prefeitura Municipal de São Francisco de Goiás - GO;5219902;GO;DCA-Anexo I-C;Padrão;Receitas Brutas Realizadas;RO1.7.2.8.01.1.0;1.7.2.8.01.1.0 Cota-Parte do ICMS;3507257,81;6264
2020;Prefeitura Municipal de São Francisco de Goiás - GO;5219902;GO;DCA-Anexo I-C;Padrão;Deduções - FUNDEB;RO1.7.2.8.01.1.0;1.7.2.8.01.1.0 Cota-Parte do ICMS;697390,93;6264
2020;Prefeitura Municipal de São Francisco de Goiás - GO;5219902;GO;DCA-Anexo I-C;Padrão;Receitas Brutas Realizadas;RO1.7.2.8.01.2.0;1.7.2.8.01.2.0 Cota-Parte do IPVA;323260,25;6264
2020;Prefeitura Municipal de São Francisco de Goiás - GO;5219902;GO;DCA-Anexo I-C;Padrão;Deduções - FUNDEB;RO1.7.2.8.01.2.0;1.7.2.8.01.2.0 Cota-Parte do IPVA;64887,83;6264
2020;Prefeitura Municipal de São Francisco de Goiás - GO;5219902;GO;DCA-Anexo I-C;Padrão;Receitas Brutas Realizadas;RO1.7.2.8.01.3.0;1.7.2.8.01.3.0 Cota-Parte do IPI - Municípios;19647,87;6264
2020;Prefeitura Municipal de São Francisco de Goiás - GO;5219902;GO;DCA-Anexo I-C;Padrão;Receitas Brutas Realizadas;RO1.7.2.8.01.4.0;1.7.2.8.01.4.0 Cota-Parte da Contribuição de Intervenção no Domínio Econômico;13418,96;6264
2020;Prefeitura Municipal de São Francisco de Goiás - GO;5219902;GO;DCA-Anexo I-C;Padrão;Receitas Brutas Realizadas;RO1.7.2.8.01.9.0;1.7.2.8.01.9.0 Outras Transferências dos Estados;30000,00;6264
2020;Prefeitura Municipal de São Francisco de Goiás - GO;5219902;GO;DCA-Anexo I-C;Padrão;Receitas Brutas Realizadas;RO1.7.2.8.03.0.0;1.7.2.8.03.0.0 Transferência de Recursos do Estado para Programas de Saúde ¿ Repasse Fundo a Fundo;246572,50;6264
2020;Prefeitura Municipal de São Francisco de Goiás - GO;5219902;GO;DCA-Anexo I-C;Padrão;Receitas Brutas Realizadas;RO1.7.2.8.10.0.0;1.7.2.8.10.0.0 Transferência de Convênios dos Estados e do Distrito Federal e de Suas Entidades;381650,00;6264
2020;Prefeitura Municipal de São Francisco de Goiás - GO;5219902;GO;DCA-Anexo I-C;Padrão;Receitas Brutas Realizadas;RO1.7.2.8.10.1.0;1.7.2.8.10.1.0 Transferências de Convênio dos Estados para o Sistema Único de Saúde ¿ SUS;50000,00;6264
2020;Prefeitura Municipal de São Francisco de Goiás - GO;5219902;GO;DCA-Anexo I-C;Padrão;Receitas Brutas Realizadas;RO1.7.2.8.10.2.0;1.7.2.8.10.2.0 Transferências de Convênio dos Estados Destinadas a Programas de Educação;331650,00;6264
2020;Prefeitura Municipal de São Francisco de Goiás - GO;5219902;GO;DCA-Anexo I-C;Padrão;Receitas Brutas Realizadas;RO1.7.5.0.00.0.0;1.7.5.0.00.0.0 - Transferências de Outras Instituições Públicas;2379062,11;6264
2020;Prefeitura Municipal de São Francisco de Goiás - GO;5219902;GO;DCA-Anexo I-C;Padrão;Receitas Brutas Realizadas;RO1.7.5.8.00.0.0;1.7.5.8.00.0.0 Transferências de Outras Instituições Públicas - Específicas de Estados, DF e Municípios;2379062,11;6264
2020;Prefeitura Municipal de São Francisco de Goiás - GO;5219902;GO;DCA-Anexo I-C;Padrão;Receitas Brutas Realizadas;RO1.7.5.8.01.0.0;1.7.5.8.01.0.0 Transferências de Recursos do Fundo de Manutenção e Desenvolvimento da Educação Básica e de Valorização dos Profissionais da Educação ¿ FUNDEB;2376122,45;6264
2020;Prefeitura Municipal de São Francisco de Goiás - GO;5219902;GO;DCA-Anexo I-C;Padrão;Receitas Brutas Realizadas;RO1.7.5.8.99.0.0;1.7.5.8.99.0.0 Outras Transferências Multigovernamentais;2939,66;6264
2020;Prefeitura Municipal de São Francisco de Goiás - GO;5219902;GO;DCA-Anexo I-C;Padrão;Receitas Brutas Realizadas;RO1.9.0.0.00.0.0;1.9.0.0.00.0.0 - Outras Receitas Correntes;22812,69;6264
2020;Prefeitura Municipal de São Francisco de Goiás - GO;5219902;GO;DCA-Anexo I-C;Padrão;Receitas Brutas Realizadas;RO1.9.2.0.00.0.0;1.9.2.0.00.0.0 - Indenizações, Restituições e Ressarcimentos;22812,69;6264
2020;Prefeitura Municipal de São Francisco de Goiás - GO;5219902;GO;DCA-Anexo I-C;Padrão;Receitas Brutas Realizadas;RO1.9.2.1.00.0.0;1.9.2.1.00.0.0 - Indenizações;22812,69;6264
2020;Prefeitura Municipal de São Francisco de Goiás - GO;5219902;GO;DCA-Anexo I-C;Padrão;Receitas Brutas Realizadas;RO1.9.2.1.99.0.0;1.9.2.1.99.0.0 - Outras Indenizações;22812,69;6264
2020;Prefeitura Municipal de São Francisco de Goiás - GO;5219902;GO;DCA-Anexo I-C;Padrão;Receitas Brutas Realizadas;RO2.0.0.0.00.0.0;2.0.0.0.00.0.0 - Receitas de Capital;302051,43;6264
2020;Prefeitura Municipal de São Francisco de Goiás - GO;5219902;GO;DCA-Anexo I-C;Padrão;Receitas Brutas Realizadas;RO2.4.0.0.00.0.0;2.4.0.0.00.0.0 - Transferências de Capital;302051,43;6264
2020;Prefeitura Municipal de São Francisco de Goiás - GO;5219902;GO;DCA-Anexo I-C;Padrão;Receitas Brutas Realizadas;RO2.4.1.0.00.0.0;2.4.1.0.00.0.0 - Transferências da União e de suas Entidades;213321,43;6264
2020;Prefeitura Municipal de São Francisco de Goiás - GO;5219902;GO;DCA-Anexo I-C;Padrão;Receitas Brutas Realizadas;RO2.4.1.8.00.0.0;2.4.1.8.00.0.0 Transferências da União - Específicas de Estados, DF e Municípios;213321,43;6264
2020;Prefeitura Municipal de São Francisco de Goiás - GO;5219902;GO;DCA-Anexo I-C;Padrão;Receitas Brutas Realizadas;RO2.4.1.8.10.0.0;2.4.1.8.10.0.0 Transferência de Convênios da União e de suas Entidades;213321,43;6264
2020;Prefeitura Municipal de São Francisco de Goiás - GO;5219902;GO;DCA-Anexo I-C;Padrão;Receitas Brutas Realizadas;RO2.4.1.8.10.9.0;2.4.1.8.10.9.0 - Outras Transferências de Convênios da União;213321,43;6264
2020;Prefeitura Municipal de São Francisco de Goiás - GO;5219902;GO;DCA-Anexo I-C;Padrão;Receitas Brutas Realizadas;RO2.4.2.0.00.0.0;2.4.2.0.00.0.0 - Transferências dos Estados e do Distrito Federal e de suas Entidades;88730,00;6264
2020;Prefeitura Municipal de São Francisco de Goiás - GO;5219902;GO;DCA-Anexo I-C;Padrão;Receitas Brutas Realizadas;RO2.4.2.8.00.0.0;2.4.2.8.00.0.0 Transferências dos Estados, Distrito Federal, e de suas Entidades;88730,00;6264
2020;Prefeitura Municipal de São Francisco de Goiás - GO;5219902;GO;DCA-Anexo I-C;Padrão;Receitas Brutas Realizadas;RO2.4.2.8.10.0.0;2.4.2.8.10.0.0 Transferências de Convênios dos Estados e do Distrito Federal e de suas Entidades;88730,00;6264
2020;Prefeitura Municipal de São Francisco de Goiás - GO;5219902;GO;DCA-Anexo I-C;Padrão;Receitas Brutas Realizadas;RO2.4.2.8.10.9.0;2.4.2.8.10.9.0 - Outras Transferências de Convênio dos Estados;88730,00;6264
2020;Prefeitura Municipal de São Francisco de Goiás - GO;5219902;GO;DCA-Anexo I-C;Padrão;Receitas Brutas Realizadas;TotalReceitas;TOTAL DAS RECEITAS (III) = (I + II);21647108,01;6264
2020;Prefeitura Municipal de São Francisco de Goiás - GO;5219902;GO;DCA-Anexo I-C;Padrão;Deduções - FUNDEB;TotalReceitas;TOTAL DAS RECEITAS (III) = (I + II);2320046,44;6264
2021;Prefeitura Municipal de São Francisco de Goiás - GO;5219902;GO;DCA-Anexo I-C;Padrão;Receitas Brutas Realizadas;ReceitasExcetoIntraOrcamentarias;RECEITAS (EXCETO INTRA-ORÇAMENTÁRIAS) (I);27945804,50;6267
2021;Prefeitura Municipal de São Francisco de Goiás - GO;5219902;GO;DCA-Anexo I-C;Padrão;Deduções - FUNDEB;ReceitasExcetoIntraOrcamentarias;RECEITAS (EXCETO INTRA-ORÇAMENTÁRIAS) (I);3171194,60;6267
2021;Prefeitura Municipal de São Francisco de Goiás - GO;5219902;GO;DCA-Anexo I-C;Padrão;Receitas Brutas Realizadas;RO1.0.0.0.00.0.0;1.0.0.0.00.0.0 - Receitas Correntes;25986327,67;6267
2021;Prefeitura Municipal de São Francisco de Goiás - GO;5219902;GO;DCA-Anexo I-C;Padrão;Deduções - FUNDEB;RO1.0.0.0.00.0.0;1.0.0.0.00.0.0 - Receitas Correntes;3171194,60;6267
2021;Prefeitura Municipal de São Francisco de Goiás - GO;5219902;GO;DCA-Anexo I-C;Padrão;Receitas Brutas Realizadas;RO1.1.0.0.00.0.0;1.1.0.0.00.0.0 - Impostos, Taxas e Contribuições de Melhoria;2147799,22;6267
2021;Prefeitura Municipal de São Francisco de Goiás - GO;5219902;GO;DCA-Anexo I-C;Padrão;Receitas Brutas Realizadas;RO1.1.1.0.00.0.0;1.1.1.0.00.0.0 - Impostos;1980189,65;6267
2021;Prefeitura Municipal de São Francisco de Goiás - GO;5219902;GO;DCA-Anexo I-C;Padrão;Receitas Brutas Realizadas;RO1.1.1.3.00.0.0;1.1.1.3.00.0.0 - Impostos sobre a Renda e Proventos de Qualquer Natureza;356028,50;6267
2021;Prefeitura Municipal de São Francisco de Goiás - GO;5219902;GO;DCA-Anexo I-C;Padrão;Receitas Brutas Realizadas;RO1.1.1.3.03.0.0;1.1.1.3.03.0.0 - Imposto sobre a Renda - Retido na Fonte;356028,50;6267
2021;Prefeitura Municipal de São Francisco de Goiás - GO;5219902;GO;DCA-Anexo I-C;Padrão;Receitas Brutas Realizadas;RO1.1.1.3.03.4.0;1.1.1.3.03.4.0 - Imposto sobre a Renda - Retido na Fonte - Outros Rendimentos;356028,50;6267
2021;Prefeitura Municipal de São Francisco de Goiás - GO;5219902;GO;DCA-Anexo I-C;Padrão;Receitas Brutas Realizadas;RO1.1.1.8.00.0.0;1.1.1.8.00.0.0 - Impostos Específicos de Estados, DF e Municípios;1624161,15;6267
2021;Prefeitura Municipal de São Francisco de Goiás - GO;5219902;GO;DCA-Anexo I-C;Padrão;Receitas Brutas Realizadas;RO1.1.1.8.01.0.0;1.1.1.8.01.0.0 - Impostos sobre o Patrimônio para Estados/DF/Municípios;1299676,08;6267
2021;Prefeitura Municipal de São Francisco de Goiás - GO;5219902;GO;DCA-Anexo I-C;Padrão;Receitas Brutas Realizadas;RO1.1.1.8.01.1.0;1.1.1.8.01.1.0 - Imposto sobre a Propriedade Predial e Territorial Urbana;291591,99;6267
2021;Prefeitura Municipal de São Francisco de Goiás - GO;5219902;GO;DCA-Anexo I-C;Padrão;Receitas Brutas Realizadas;RO1.1.1.8.01.4.0;1.1.1.8.01.4.0 - Imposto sobre Transmissão ¿Inter Vivos¿ de Bens Imóveis e de Direitos Reais sobre Imóveis;1008084,09;6267
2021;Prefeitura Municipal de São Francisco de Goiás - GO;5219902;GO;DCA-Anexo I-C;Padrão;Receitas Brutas Realizadas;RO1.1.1.8.02.0.0;1.1.1.8.02.0.0 - Impostos sobre a Produção, Circulação de Mercadorias e Serviços;324485,07;6267
2021;Prefeitura Municipal de São Francisco de Goiás - GO;5219902;GO;DCA-Anexo I-C;Padrão;Receitas Brutas Realizadas;RO1.1.1.8.02.3.0;1.1.1.8.02.3.0 - Imposto sobre Serviços de Qualquer Natureza;324485,07;6267
2021;Prefeitura Municipal de São Francisco de Goiás - GO;5219902;GO;DCA-Anexo I-C;Padrão;Receitas Brutas Realizadas;RO1.1.2.0.00.0.0;1.1.2.0.00.0.0 - Taxas;167609,57;6267
2021;Prefeitura Municipal de São Francisco de Goiás - GO;5219902;GO;DCA-Anexo I-C;Padrão;Receitas Brutas Realizadas;RO1.1.2.8.00.0.0;1.1.2.8.00.0.0 - Taxas - Específicas de Estados, DF e Municípios;167609,57;6267
2021;Prefeitura Municipal de São Francisco de Goiás - GO;5219902;GO;DCA-Anexo I-C;Padrão;Receitas Brutas Realizadas;RO1.1.2.8.01.0.0;1.1.2.8.01.0.0 - Taxas de Inspeção, Controle e Fiscalização;167609,57;6267
2021;Prefeitura Municipal de São Francisco de Goiás - GO;5219902;GO;DCA-Anexo I-C;Padrão;Receitas Brutas Realizadas;RO1.1.2.8.01.9.0;1.1.2.8.01.9.0 - Taxas de Inspeção, Controle e Fiscalização - Outras;167609,57;6267
2021;Prefeitura Municipal de São Francisco de Goiás - GO;5219902;GO;DCA-Anexo I-C;Padrão;Receitas Brutas Realizadas;RO1.2.0.0.00.0.0;1.2.0.0.00.0.0 - Contribuições;445090,24;6267
2021;Prefeitura Municipal de São Francisco de Goiás - GO;5219902;GO;DCA-Anexo I-C;Padrão;Receitas Brutas Realizadas;RO1.2.4.0.00.0.0;1.2.4.0.00.0.0 - Contribuição para o Custeio do Serviço de Iluminação Pública;445090,24;6267
2021;Prefeitura Municipal de São Francisco de Goiás - GO;5219902;GO;DCA-Anexo I-C;Padrão;Receitas Brutas Realizadas;RO1.3.0.0.00.0.0;1.3.0.0.00.0.0 - Receita Patrimonial;54270,10;6267
2021;Prefeitura Municipal de São Francisco de Goiás - GO;5219902;GO;DCA-Anexo I-C;Padrão;Receitas Brutas Realizadas;RO1.3.1.0.00.0.0;1.3.1.0.00.0.0 - Exploração do Patrimônio Imobiliário do Estado;0,01;6267
2021;Prefeitura Municipal de São Francisco de Goiás - GO;5219902;GO;DCA-Anexo I-C;Padrão;Receitas Brutas Realizadas;RO1.3.1.0.99.0.0;1.3.1.0.99.0.0 - Outras Receitas Imobiliárias;0,01;6267
2021;Prefeitura Municipal de São Francisco de Goiás - GO;5219902;GO;DCA-Anexo I-C;Padrão;Receitas Brutas Realizadas;RO1.3.2.0.00.0.0;1.3.2.0.00.0.0 - Valores Mobiliários;54270,09;6267
2021;Prefeitura Municipal de São Francisco de Goiás - GO;5219902;GO;DCA-Anexo I-C;Padrão;Receitas Brutas Realizadas;RO1.3.2.1.00.0.0;1.3.2.1.00.0.0 - Juros e Correções Monetárias;54270,09;6267
2021;Prefeitura Municipal de São Francisco de Goiás - GO;5219902;GO;DCA-Anexo I-C;Padrão;Receitas Brutas Realizadas;RO1.3.2.1.00.1.0;1.3.2.1.00.1.0 - Remuneração de Depósitos Bancários;54270,09;6267
2021;Prefeitura Municipal de São Francisco de Goiás - GO;5219902;GO;DCA-Anexo I-C;Padrão;Receitas Brutas Realizadas;RO1.7.0.0.00.0.0;1.7.0.0.00.0.0 - Transferências Correntes;23235557,51;6267
2021;Prefeitura Municipal de São Francisco de Goiás - GO;5219902;GO;DCA-Anexo I-C;Padrão;Deduções - FUNDEB;RO1.7.0.0.00.0.0;1.7.0.0.00.0.0 - Transferências Correntes;3171194,60;6267
2021;Prefeitura Municipal de São Francisco de Goiás - GO;5219902;GO;DCA-Anexo I-C;Padrão;Receitas Brutas Realizadas;RO1.7.1.0.00.0.0;1.7.1.0.00.0.0 - Transferências da União e de suas Entidades;13958369,77;6267
2021;Prefeitura Municipal de São Francisco de Goiás - GO;5219902;GO;DCA-Anexo I-C;Padrão;Deduções - FUNDEB;RO1.7.1.0.00.0.0;1.7.1.0.00.0.0 - Transferências da União e de suas Entidades;2065905,63;6267
2021;Prefeitura Municipal de São Francisco de Goiás - GO;5219902;GO;DCA-Anexo I-C;Padrão;Receitas Brutas Realizadas;RO1.7.1.8.00.0.0;1.7.1.8.00.0.0 - Transferências da União - Específicas de Estados, DF e Municípios;13958369,77;6267
2021;Prefeitura Municipal de São Francisco de Goiás - GO;5219902;GO;DCA-Anexo I-C;Padrão;Deduções - FUNDEB;RO1.7.1.8.00.0.0;1.7.1.8.00.0.0 - Transferências da União - Específicas de Estados, DF e Municípios;2065905,63;6267
2021;Prefeitura Municipal de São Francisco de Goiás - GO;5219902;GO;DCA-Anexo I-C;Padrão;Receitas Brutas Realizadas;RO1.7.1.8.01.0.0;1.7.1.8.01.0.0 - Participação na Receita da União;11176151,38;6267
2021;Prefeitura Municipal de São Francisco de Goiás - GO;5219902;GO;DCA-Anexo I-C;Padrão;Deduções - FUNDEB;RO1.7.1.8.01.0.0;1.7.1.8.01.0.0 - Participação na Receita da União;2065905,63;6267
2021;Prefeitura Municipal de São Francisco de Goiás - GO;5219902;GO;DCA-Anexo I-C;Padrão;Receitas Brutas Realizadas;RO1.7.1.8.01.2.0;1.7.1.8.01.2.0 - Cota-Parte do Fundo de Participação dos Municípios - Cota Mensal;10257142,58;6267
2021;Prefeitura Municipal de São Francisco de Goiás - GO;5219902;GO;DCA-Anexo I-C;Padrão;Deduções - FUNDEB;RO1.7.1.8.01.2.0;1.7.1.8.01.2.0 - Cota-Parte do Fundo de Participação dos Municípios - Cota Mensal;2051428,20;6267
2021;Prefeitura Municipal de São Francisco de Goiás - GO;5219902;GO;DCA-Anexo I-C;Padrão;Receitas Brutas Realizadas;RO1.7.1.8.01.3.0;1.7.1.8.01.3.0 - Cota-Parte do Fundo de Participação do Municípios ¿ 1% Cota entregue no mês de dezembro;449529,87;6267
2021;Prefeitura Municipal de São Francisco de Goiás - GO;5219902;GO;DCA-Anexo I-C;Padrão;Receitas Brutas Realizadas;RO1.7.1.8.01.4.0;1.7.1.8.01.4.0 - Cota-Parte do Fundo de Participação dos Municípios - 1% Cota entregue no mês de julho;397091,11;6267
2021;Prefeitura Municipal de São Francisco de Goiás - GO;5219902;GO;DCA-Anexo I-C;Padrão;Receitas Brutas Realizadas;RO1.7.1.8.01.5.0;1.7.1.8.01.5.0 - Cota-Parte do Imposto Sobre a Propriedade Territorial Rural;72387,82;6267
2021;Prefeitura Municipal de São Francisco de Goiás - GO;5219902;GO;DCA-Anexo I-C;Padrão;Deduções - FUNDEB;RO1.7.1.8.01.5.0;1.7.1.8.01.5.0 - Cota-Parte do Imposto Sobre a Propriedade Territorial Rural;14477,43;6267
2021;Prefeitura Municipal de São Francisco de Goiás - GO;5219902;GO;DCA-Anexo I-C;Padrão;Receitas Brutas Realizadas;RO1.7.1.8.02.0.0;1.7.1.8.02.0.0 - Transferência da Compensação Financeira pela Exploração de Recursos Naturais;198416,56;6267
2021;Prefeitura Municipal de São Francisco de Goiás - GO;5219902;GO;DCA-Anexo I-C;Padrão;Receitas Brutas Realizadas;RO1.7.1.8.02.2.0;1.7.1.8.02.2.0 - Cota-parte da Compensação Financeira de Recursos Minerais - CFEM;164,07;6267
2021;Prefeitura Municipal de São Francisco de Goiás - GO;5219902;GO;DCA-Anexo I-C;Padrão;Receitas Brutas Realizadas;RO1.7.1.8.02.6.0;1.7.1.8.02.6.0 - Cota-Parte do Fundo Especial do Petróleo ¿ FEP;198252,49;6267
2021;Prefeitura Municipal de São Francisco de Goiás - GO;5219902;GO;DCA-Anexo I-C;Padrão;Receitas Brutas Realizadas;RO1.7.1.8.03.0.0;1.7.1.8.03.0.0 - Transferência de Recursos do Sistema Único de Saúde ¿ SUS ¿ Repasses Fundo a Fundo - Bloco de Manutenção das Ações e Serviços Públicos de Saúde;2073701,04;6267
2021;Prefeitura Municipal de São Francisco de Goiás - GO;5219902;GO;DCA-Anexo I-C;Padrão;Receitas Brutas Realizadas;RO1.7.1.8.03.1.0;1.7.1.8.03.1.0 - Transferência de Recursos do SUS ¿ Atenção Primária;1644797,54;6267
2021;Prefeitura Municipal de São Francisco de Goiás - GO;5219902;GO;DCA-Anexo I-C;Padrão;Receitas Brutas Realizadas;RO1.7.1.8.03.2.0;1.7.1.8.03.2.0 - Transferência de Recursos do SUS ¿ Atenção Especializada;88015,80;6267
2021;Prefeitura Municipal de São Francisco de Goiás - GO;5219902;GO;DCA-Anexo I-C;Padrão;Receitas Brutas Realizadas;RO1.7.1.8.03.3.0;1.7.1.8.03.3.0 - Transferência de Recursos do SUS ¿ Vigilância em Saúde;100511,00;6267
2021;Prefeitura Municipal de São Francisco de Goiás - GO;5219902;GO;DCA-Anexo I-C;Padrão;Receitas Brutas Realizadas;RO1.7.1.8.03.4.0;1.7.1.8.03.4.0 - Transferência de Recursos do SUS ¿ Assistência Farmacêutica;40376,70;6267
2021;Prefeitura Municipal de São Francisco de Goiás - GO;5219902;GO;DCA-Anexo I-C;Padrão;Receitas Brutas Realizadas;RO1.7.1.8.03.9.0;1.7.1.8.03.9.0 - Transferência de Recursos do SUS ¿ Outros Programas Financiados por Transferências Fundo a Fundo;200000,00;6267
2021;Prefeitura Municipal de São Francisco de Goiás - GO;5219902;GO;DCA-Anexo I-C;Padrão;Receitas Brutas Realizadas;RO1.7.1.8.05.0.0;1.7.1.8.05.0.0 - Transferências de Recursos do Fundo Nacional do Desenvolvimento da Educação ¿ FNDE;212687,16;6267
2021;Prefeitura Municipal de São Francisco de Goiás - GO;5219902;GO;DCA-Anexo I-C;Padrão;Receitas Brutas Realizadas;RO1.7.1.8.05.1.0;1.7.1.8.05.1.0 - Transferências do Salário-Educação;122224,77;6267
2021;Prefeitura Municipal de São Francisco de Goiás - GO;5219902;GO;DCA-Anexo I-C;Padrão;Receitas Brutas Realizadas;RO1.7.1.8.05.3.0;1.7.1.8.05.3.0 - Transferências Diretas do FNDE referentes ao Programa Nacional de Alimentação Escolar ¿ PNAE;69979,80;6267
2021;Prefeitura Municipal de São Francisco de Goiás - GO;5219902;GO;DCA-Anexo I-C;Padrão;Receitas Brutas Realizadas;RO1.7.1.8.05.4.0;1.7.1.8.05.4.0 - Transferências Diretas do FNDE referentes ao Programa Nacional de Apoio ao Transporte do Escolar ¿ PNATE;20482,59;6267
2021;Prefeitura Municipal de São Francisco de Goiás - GO;5219902;GO;DCA-Anexo I-C;Padrão;Receitas Brutas Realizadas;RO1.7.1.8.10.0.0;1.7.1.8.10.0.0 - Transferências de Convênios da União e de Suas Entidades;99706,08;6267
2021;Prefeitura Municipal de São Francisco de Goiás - GO;5219902;GO;DCA-Anexo I-C;Padrão;Receitas Brutas Realizadas;RO1.7.1.8.10.5.0;1.7.1.8.10.5.0 - Transferências de Convênios da União Destinadas a Programas de Saneamento Básico;99706,08;6267
2021;Prefeitura Municipal de São Francisco de Goiás - GO;5219902;GO;DCA-Anexo I-C;Padrão;Receitas Brutas Realizadas;RO1.7.1.8.12.0.0;1.7.1.8.12.0.0 - Transferências de Recursos do Fundo Nacional de Assistência Social ¿ FNAS;147235,43;6267
2021;Prefeitura Municipal de São Francisco de Goiás - GO;5219902;GO;DCA-Anexo I-C;Padrão;Receitas Brutas Realizadas;RO1.7.1.8.99.0.0;1.7.1.8.99.0.0 - Outras Transferências da União;50472,12;6267
2021;Prefeitura Municipal de São Francisco de Goiás - GO;5219902;GO;DCA-Anexo I-C;Padrão;Receitas Brutas Realizadas;RO1.7.2.0.00.0.0;1.7.2.0.00.0.0 - Transferências dos Estados e do Distrito Federal e de suas Entidades;6526605,83;6267
2021;Prefeitura Municipal de São Francisco de Goiás - GO;5219902;GO;DCA-Anexo I-C;Padrão;Deduções - FUNDEB;RO1.7.2.0.00.0.0;1.7.2.0.00.0.0 - Transferências dos Estados e do Distrito Federal e de suas Entidades;1105288,97;6267
2021;Prefeitura Municipal de São Francisco de Goiás - GO;5219902;GO;DCA-Anexo I-C;Padrão;Receitas Brutas Realizadas;RO1.7.2.8.00.0.0;1.7.2.8.00.0.0 - Transferências dos Estados - Específicas de Estados, DF e Municípios;6526605,83;6267
2021;Prefeitura Municipal de São Francisco de Goiás - GO;5219902;GO;DCA-Anexo I-C;Padrão;Deduções - FUNDEB;RO1.7.2.8.00.0.0;1.7.2.8.00.0.0 - Transferências dos Estados - Específicas de Estados, DF e Municípios;1105288,97;6267
2021;Prefeitura Municipal de São Francisco de Goiás - GO;5219902;GO;DCA-Anexo I-C;Padrão;Receitas Brutas Realizadas;RO1.7.2.8.01.0.0;1.7.2.8.01.0.0 - Participação na Receita dos Estados;5535083,83;6267
2021;Prefeitura Municipal de São Francisco de Goiás - GO;5219902;GO;DCA-Anexo I-C;Padrão;Deduções - FUNDEB;RO1.7.2.8.01.0.0;1.7.2.8.01.0.0 - Participação na Receita dos Estados;1105288,97;6267
2021;Prefeitura Municipal de São Francisco de Goiás - GO;5219902;GO;DCA-Anexo I-C;Padrão;Receitas Brutas Realizadas;RO1.7.2.8.01.1.0;1.7.2.8.01.1.0 - Cota-Parte do ICMS;5118084,68;6267
2021;Prefeitura Municipal de São Francisco de Goiás - GO;5219902;GO;DCA-Anexo I-C;Padrão;Deduções - FUNDEB;RO1.7.2.8.01.1.0;1.7.2.8.01.1.0 - Cota-Parte do ICMS;1023617,02;6267
2021;Prefeitura Municipal de São Francisco de Goiás - GO;5219902;GO;DCA-Anexo I-C;Padrão;Receitas Brutas Realizadas;RO1.7.2.8.01.2.0;1.7.2.8.01.2.0 - Cota-Parte do IPVA;365075,42;6267
2021;Prefeitura Municipal de São Francisco de Goiás - GO;5219902;GO;DCA-Anexo I-C;Padrão;Deduções - FUNDEB;RO1.7.2.8.01.2.0;1.7.2.8.01.2.0 - Cota-Parte do IPVA;73015,42;6267
2021;Prefeitura Municipal de São Francisco de Goiás - GO;5219902;GO;DCA-Anexo I-C;Padrão;Receitas Brutas Realizadas;RO1.7.2.8.01.3.0;1.7.2.8.01.3.0 - Cota-Parte do IPI - Municípios;43282,48;6267
2021;Prefeitura Municipal de São Francisco de Goiás - GO;5219902;GO;DCA-Anexo I-C;Padrão;Deduções - FUNDEB;RO1.7.2.8.01.3.0;1.7.2.8.01.3.0 - Cota-Parte do IPI - Municípios;8656,53;6267
2021;Prefeitura Municipal de São Francisco de Goiás - GO;5219902;GO;DCA-Anexo I-C;Padrão;Receitas Brutas Realizadas;RO1.7.2.8.01.4.0;1.7.2.8.01.4.0 - Cota-Parte da Contribuição de Intervenção no Domínio Econômico;8641,25;6267
2021;Prefeitura Municipal de São Francisco de Goiás - GO;5219902;GO;DCA-Anexo I-C;Padrão;Receitas Brutas Realizadas;RO1.7.2.8.03.0.0;1.7.2.8.03.0.0 - Transferência de Recursos do Estado para Programas de Saúde ¿ Repasse Fundo a Fundo;638472,00;6267
2021;Prefeitura Municipal de São Francisco de Goiás - GO;5219902;GO;DCA-Anexo I-C;Padrão;Receitas Brutas Realizadas;RO1.7.2.8.07.0.0;1.7.2.8.07.0.0 - Transferências de Estados destinadas à Assistência Social;71400,00;6267
2021;Prefeitura Municipal de São Francisco de Goiás - GO;5219902;GO;DCA-Anexo I-C;Padrão;Receitas Brutas Realizadas;RO1.7.2.8.10.0.0;1.7.2.8.10.0.0 - Transferência de Convênios dos Estados e do Distrito Federal e de Suas Entidades;281650,00;6267
2021;Prefeitura Municipal de São Francisco de Goiás - GO;5219902;GO;DCA-Anexo I-C;Padrão;Receitas Brutas Realizadas;RO1.7.2.8.10.2.0;1.7.2.8.10.2.0 - Transferências de Convênio dos Estados Destinadas a Programas de Educação;181650,00;6267
2021;Prefeitura Municipal de São Francisco de Goiás - GO;5219902;GO;DCA-Anexo I-C;Padrão;Receitas Brutas Realizadas;RO1.7.2.8.10.9.0;1.7.2.8.10.9.0 - Outras Transferências de Convênio dos Estados;100000,00;6267
2021;Prefeitura Municipal de São Francisco de Goiás - GO;5219902;GO;DCA-Anexo I-C;Padrão;Receitas Brutas Realizadas;RO1.7.5.0.00.0.0;1.7.5.0.00.0.0 - Transferências de Outras Instituições Públicas;2750581,91;6267
2021;Prefeitura Municipal de São Francisco de Goiás - GO;5219902;GO;DCA-Anexo I-C;Padrão;Receitas Brutas Realizadas;RO1.7.5.8.00.0.0;1.7.5.8.00.0.0 - Transferências de Outras Instituições Públicas - Específicas de Estados, DF e Municípios;2750581,91;6267
2021;Prefeitura Municipal de São Francisco de Goiás - GO;5219902;GO;DCA-Anexo I-C;Padrão;Receitas Brutas Realizadas;RO1.7.5.8.01.0.0;1.7.5.8.01.0.0 - Transferências de Recursos do Fundo de Manutenção e Desenvolvimento da Educação Básica e de Valorização dos Profissionais da Educação ¿ FUNDEB;2750581,91;6267
2021;Prefeitura Municipal de São Francisco de Goiás - GO;5219902;GO;DCA-Anexo I-C;Padrão;Receitas Brutas Realizadas;RO1.9.0.0.00.0.0;1.9.0.0.00.0.0 - Outras Receitas Correntes;103610,60;6267
2021;Prefeitura Municipal de São Francisco de Goiás - GO;5219902;GO;DCA-Anexo I-C;Padrão;Receitas Brutas Realizadas;RO1.9.1.0.00.0.0;1.9.1.0.00.0.0 - Multas Administrativas, Contratuais e Judiciais;4000,00;6267
2021;Prefeitura Municipal de São Francisco de Goiás - GO;5219902;GO;DCA-Anexo I-C;Padrão;Receitas Brutas Realizadas;RO1.9.1.0.06.0.0;1.9.1.0.06.0.0 - Multas por Danos Ambientais;4000,00;6267
2021;Prefeitura Municipal de São Francisco de Goiás - GO;5219902;GO;DCA-Anexo I-C;Padrão;Receitas Brutas Realizadas;RO1.9.1.0.06.2.0;1.9.1.0.06.2.0 - Multas Judiciais por Danos Ambientais;4000,00;6267
2021;Prefeitura Municipal de São Francisco de Goiás - GO;5219902;GO;DCA-Anexo I-C;Padrão;Receitas Brutas Realizadas;RO1.9.2.0.00.0.0;1.9.2.0.00.0.0 - Indenizações, Restituições e Ressarcimentos;76540,64;6267
2021;Prefeitura Municipal de São Francisco de Goiás - GO;5219902;GO;DCA-Anexo I-C;Padrão;Receitas Brutas Realizadas;RO1.9.2.2.00.0.0;1.9.2.2.00.0.0 - Restituições;76540,64;6267
2021;Prefeitura Municipal de São Francisco de Goiás - GO;5219902;GO;DCA-Anexo I-C;Padrão;Receitas Brutas Realizadas;RO1.9.2.2.99.0.0;1.9.2.2.99.0.0 - Outras Restituições;76540,64;6267
2021;Prefeitura Municipal de São Francisco de Goiás - GO;5219902;GO;DCA-Anexo I-C;Padrão;Receitas Brutas Realizadas;RO1.9.9.0.00.0.0;1.9.9.0.00.0.0 - Demais Receitas Correntes;23069,96;6267
2021;Prefeitura Municipal de São Francisco de Goiás - GO;5219902;GO;DCA-Anexo I-C;Padrão;Receitas Brutas Realizadas;RO1.9.9.0.99.0.0;1.9.9.0.99.0.0 - Outras Receitas;23069,96;6267
2021;Prefeitura Municipal de São Francisco de Goiás - GO;5219902;GO;DCA-Anexo I-C;Padrão;Receitas Brutas Realizadas;RO1.9.9.0.99.1.0;1.9.9.0.99.1.0 - Outras Receitas - Primárias;23069,96;6267
2021;Prefeitura Municipal de São Francisco de Goiás - GO;5219902;GO;DCA-Anexo I-C;Padrão;Receitas Brutas Realizadas;RO2.0.0.0.00.0.0;2.0.0.0.00.0.0 - Receitas de Capital;1959476,83;6267
2021;Prefeitura Municipal de São Francisco de Goiás - GO;5219902;GO;DCA-Anexo I-C;Padrão;Receitas Brutas Realizadas;RO2.4.0.0.00.0.0;2.4.0.0.00.0.0 - Transferências de Capital;1959476,83;6267
2021;Prefeitura Municipal de São Francisco de Goiás - GO;5219902;GO;DCA-Anexo I-C;Padrão;Receitas Brutas Realizadas;RO2.4.1.0.00.0.0;2.4.1.0.00.0.0 - Transferências da União e de suas Entidades;1394513,33;6267
2021;Prefeitura Municipal de São Francisco de Goiás - GO;5219902;GO;DCA-Anexo I-C;Padrão;Receitas Brutas Realizadas;RO2.4.1.8.00.0.0;2.4.1.8.00.0.0 - Transferências da União - Específicas de Estados, DF e Municípios;1394513,33;6267
2021;Prefeitura Municipal de São Francisco de Goiás - GO;5219902;GO;DCA-Anexo I-C;Padrão;Receitas Brutas Realizadas;RO2.4.1.8.10.0.0;2.4.1.8.10.0.0 - Transferência de Convênios da União e de suas Entidades;1394513,33;6267
2021;Prefeitura Municipal de São Francisco de Goiás - GO;5219902;GO;DCA-Anexo I-C;Padrão;Receitas Brutas Realizadas;RO2.4.1.8.10.1.0;2.4.1.8.10.1.0 - Transferências de Convênio da União para o Sistema Único de Saúde ¿ SUS;249321,00;6267
2021;Prefeitura Municipal de São Francisco de Goiás - GO;5219902;GO;DCA-Anexo I-C;Padrão;Receitas Brutas Realizadas;RO2.4.1.8.10.9.0;2.4.1.8.10.9.0 - Outras Transferências de Convênios da União;1145192,33;6267
2021;Prefeitura Municipal de São Francisco de Goiás - GO;5219902;GO;DCA-Anexo I-C;Padrão;Receitas Brutas Realizadas;RO2.4.2.0.00.0.0;2.4.2.0.00.0.0 - Transferências dos Estados e do Distrito Federal e de suas Entidades;564963,50;6267
2021;Prefeitura Municipal de São Francisco de Goiás - GO;5219902;GO;DCA-Anexo I-C;Padrão;Receitas Brutas Realizadas;RO2.4.2.8.00.0.0;2.4.2.8.00.0.0 - Transferências dos Estados, Distrito Federal, e de suas Entidades;564963,50;6267
2021;Prefeitura Municipal de São Francisco de Goiás - GO;5219902;GO;DCA-Anexo I-C;Padrão;Receitas Brutas Realizadas;RO2.4.2.8.10.0.0;2.4.2.8.10.0.0 - Transferências de Convênios dos Estados e do Distrito Federal e de suas Entidades;564963,50;6267
2021;Prefeitura Municipal de São Francisco de Goiás - GO;5219902;GO;DCA-Anexo I-C;Padrão;Receitas Brutas Realizadas;RO2.4.2.8.10.1.0;2.4.2.8.10.1.0 - Transferências de Convênios dos Estados para o Sistema Único de Saúde ¿ SUS;340000,00;6267
2021;Prefeitura Municipal de São Francisco de Goiás - GO;5219902;GO;DCA-Anexo I-C;Padrão;Receitas Brutas Realizadas;RO2.4.2.8.10.2.0;2.4.2.8.10.2.0 - Transferências de Convênios dos Estados destinadas a Programas de Educação;224963,50;6267
2021;Prefeitura Municipal de São Francisco de Goiás - GO;5219902;GO;DCA-Anexo I-C;Padrão;Receitas Brutas Realizadas;TotalReceitas;TOTAL DAS RECEITAS (III) = (I + II);27945804,50;6267
2021;Prefeitura Municipal de São Francisco de Goiás - GO;5219902;GO;DCA-Anexo I-C;Padrão;Deduções - FUNDEB;TotalReceitas;TOTAL DAS RECEITAS (III) = (I + II);3171194,60;6267
2022;Prefeitura Municipal de São Francisco de Goiás - GO;5219902;GO;DCA-Anexo I-C;Padrão;Receitas Brutas Realizadas;ReceitasExcetoIntraOrcamentarias;RECEITAS (EXCETO INTRA-ORÇAMENTÁRIAS) (I);36323873,61;6265
2022;Prefeitura Municipal de São Francisco de Goiás - GO;5219902;GO;DCA-Anexo I-C;Padrão;Outras Deduções da Receita;ReceitasExcetoIntraOrcamentarias;RECEITAS (EXCETO INTRA-ORÇAMENTÁRIAS) (I);3999397,55;6265
2022;Prefeitura Municipal de São Francisco de Goiás - GO;5219902;GO;DCA-Anexo I-C;Padrão;Receitas Brutas Realizadas;RO1.0.0.0.00.0.0;1.0.0.0.00.0.0 - Receitas Correntes;33939123,61;6265
2022;Prefeitura Municipal de São Francisco de Goiás - GO;5219902;GO;DCA-Anexo I-C;Padrão;Outras Deduções da Receita;RO1.0.0.0.00.0.0;1.0.0.0.00.0.0 - Receitas Correntes;3999397,55;6265
2022;Prefeitura Municipal de São Francisco de Goiás - GO;5219902;GO;DCA-Anexo I-C;Padrão;Receitas Brutas Realizadas;RO1.1.0.0.00.0.0;1.1.0.0.00.0.0 - Impostos, Taxas e Contribuições de Melhoria;2349324,66;6265
2022;Prefeitura Municipal de São Francisco de Goiás - GO;5219902;GO;DCA-Anexo I-C;Padrão;Receitas Brutas Realizadas;RO1.1.1.0.00.0.0;1.1.1.0.00.0.0 - Impostos;2232918,50;6265
2022;Prefeitura Municipal de São Francisco de Goiás - GO;5219902;GO;DCA-Anexo I-C;Padrão;Receitas Brutas Realizadas;RO1.1.1.2.00.0.0;1.1.1.2.00.0.0 - Impostos sobre o Patrimônio;650314,67;6265
2022;Prefeitura Municipal de São Francisco de Goiás - GO;5219902;GO;DCA-Anexo I-C;Padrão;Receitas Brutas Realizadas;RO1.1.1.2.50.0.0;1.1.1.2.50.0.0 - Imposto sobre a Propriedade Predial e Territorial Urbana;184079,53;6265
2022;Prefeitura Municipal de São Francisco de Goiás - GO;5219902;GO;DCA-Anexo I-C;Padrão;Receitas Brutas Realizadas;RO1.1.1.2.53.0.0;"1.1.1.2.53.0.0 - Impostos sobre Transmissão ""Inter Vivos"" de Bens Imóveis e de Direitos Reais sobre Imóveis";466235,14;6265
2022;Prefeitura Municipal de São Francisco de Goiás - GO;5219902;GO;DCA-Anexo I-C;Padrão;Receitas Brutas Realizadas;RO1.1.1.3.00.0.0;1.1.1.3.00.0.0 - Impostos sobre a Renda e Proventos de Qualquer Natureza;496013,10;6265
2022;Prefeitura Municipal de São Francisco de Goiás - GO;5219902;GO;DCA-Anexo I-C;Padrão;Receitas Brutas Realizadas;RO1.1.1.3.03.0.0;1.1.1.3.03.0.0 - Imposto sobre a Renda - Retido na Fonte;496013,10;6265
2022;Prefeitura Municipal de São Francisco de Goiás - GO;5219902;GO;DCA-Anexo I-C;Padrão;Receitas Brutas Realizadas;RO1.1.1.3.03.1.0;1.1.1.3.03.1.0 - Imposto sobre a Renda - Retido na Fonte - Trabalho;496013,10;6265
2022;Prefeitura Municipal de São Francisco de Goiás - GO;5219902;GO;DCA-Anexo I-C;Padrão;Receitas Brutas Realizadas;RO1.1.1.4.00.0.0;1.1.1.4.00.0.0 - Impostos sobre a Produção e Circulação de Mercadorias e Serviços;1086590,73;6265
2022;Prefeitura Municipal de São Francisco de Goiás - GO;5219902;GO;DCA-Anexo I-C;Padrão;Receitas Brutas Realizadas;RO1.1.1.4.51.0.0;1.1.1.4.51.0.0 - Impostos sobre Serviços;1086590,73;6265
2022;Prefeitura Municipal de São Francisco de Goiás - GO;5219902;GO;DCA-Anexo I-C;Padrão;Receitas Brutas Realizadas;RO1.1.1.4.51.1.0;1.1.1.4.51.1.0 - Imposto sobre Serviços de Qualquer Natureza - ISSQN;1086590,73;6265
2022;Prefeitura Municipal de São Francisco de Goiás - GO;5219902;GO;DCA-Anexo I-C;Padrão;Receitas Brutas Realizadas;RO1.1.2.0.00.0.0;1.1.2.0.00.0.0 - Taxas;116406,16;6265
2022;Prefeitura Municipal de São Francisco de Goiás - GO;5219902;GO;DCA-Anexo I-C;Padrão;Receitas Brutas Realizadas;RO1.1.2.1.00.0.0;1.1.2.1.00.0.0 - Taxas pelo Exercício do Poder de Polícia;116406,16;6265
2022;Prefeitura Municipal de São Francisco de Goiás - GO;5219902;GO;DCA-Anexo I-C;Padrão;Receitas Brutas Realizadas;RO1.1.2.1.01.0.0;1.1.2.1.01.0.0 - Taxas de Inspeção, Controle e Fiscalização;116406,16;6265
2022;Prefeitura Municipal de São Francisco de Goiás - GO;5219902;GO;DCA-Anexo I-C;Padrão;Receitas Brutas Realizadas;RO1.2.0.0.00.0.0;1.2.0.0.00.0.0 - Contribuições;463267,24;6265
2022;Prefeitura Municipal de São Francisco de Goiás - GO;5219902;GO;DCA-Anexo I-C;Padrão;Receitas Brutas Realizadas;RO1.2.4.0.00.0.0;1.2.4.0.00.0.0 - Contribuição para o Custeio do Serviço de Iluminação Pública;463267,24;6265
2022;Prefeitura Municipal de São Francisco de Goiás - GO;5219902;GO;DCA-Anexo I-C;Padrão;Receitas Brutas Realizadas;RO1.3.0.0.00.0.0;1.3.0.0.00.0.0 - Receita Patrimonial;374471,96;6265
2022;Prefeitura Municipal de São Francisco de Goiás - GO;5219902;GO;DCA-Anexo I-C;Padrão;Receitas Brutas Realizadas;RO1.3.2.0.00.0.0;1.3.2.0.00.0.0 - Valores Mobiliários;374471,96;6265
2022;Prefeitura Municipal de São Francisco de Goiás - GO;5219902;GO;DCA-Anexo I-C;Padrão;Receitas Brutas Realizadas;RO1.3.2.1.00.0.0;1.3.2.1.00.0.0 - Juros e Correções Monetárias;374471,96;6265
2022;Prefeitura Municipal de São Francisco de Goiás - GO;5219902;GO;DCA-Anexo I-C;Padrão;Receitas Brutas Realizadas;RO1.3.2.1.01.0.0;1.3.2.1.01.0.0 - Remuneração de Depósitos Bancários;374471,96;6265
2022;Prefeitura Municipal de São Francisco de Goiás - GO;5219902;GO;DCA-Anexo I-C;Padrão;Receitas Brutas Realizadas;RO1.6.0.0.00.0.0;1.6.0.0.00.0.0 - Receita de Serviços;63225,92;6265
2022;Prefeitura Municipal de São Francisco de Goiás - GO;5219902;GO;DCA-Anexo I-C;Padrão;Receitas Brutas Realizadas;RO1.6.9.0.00.0.0;1.6.9.0.00.0.0 - Outros Serviços;63225,92;6265
2022;Prefeitura Municipal de São Francisco de Goiás - GO;5219902;GO;DCA-Anexo I-C;Padrão;Receitas Brutas Realizadas;RO1.7.0.0.00.0.0;1.7.0.0.00.0.0 - Transferências Correntes;30623068,24;6265
2022;Prefeitura Municipal de São Francisco de Goiás - GO;5219902;GO;DCA-Anexo I-C;Padrão;Outras Deduções da Receita;RO1.7.0.0.00.0.0;1.7.0.0.00.0.0 - Transferências Correntes;3999397,55;6265
2022;Prefeitura Municipal de São Francisco de Goiás - GO;5219902;GO;DCA-Anexo I-C;Padrão;Receitas Brutas Realizadas;RO1.7.1.0.00.0.0;1.7.1.0.00.0.0 - Transferências da União e de suas Entidades;18183135,07;6265
2022;Prefeitura Municipal de São Francisco de Goiás - GO;5219902;GO;DCA-Anexo I-C;Padrão;Outras Deduções da Receita;RO1.7.1.0.00.0.0;1.7.1.0.00.0.0 - Transferências da União e de suas Entidades;2572090,66;6265
2022;Prefeitura Municipal de São Francisco de Goiás - GO;5219902;GO;DCA-Anexo I-C;Padrão;Receitas Brutas Realizadas;RO1.7.1.1.00.0.0;1.7.1.1.00.0.0 - Transferências Decorrentes de Participação na Receita da União;13935205,94;6265
2022;Prefeitura Municipal de São Francisco de Goiás - GO;5219902;GO;DCA-Anexo I-C;Padrão;Outras Deduções da Receita;RO1.7.1.1.00.0.0;1.7.1.1.00.0.0 - Transferências Decorrentes de Participação na Receita da União;2553183,61;6265
2022;Prefeitura Municipal de São Francisco de Goiás - GO;5219902;GO;DCA-Anexo I-C;Padrão;Receitas Brutas Realizadas;RO1.7.1.1.51.0.0;1.7.1.1.51.0.0 -Cota-Parte do Fundo de Participação dos Municípios - FPM;13831732,73;6265
2022;Prefeitura Municipal de São Francisco de Goiás - GO;5219902;GO;DCA-Anexo I-C;Padrão;Outras Deduções da Receita;RO1.7.1.1.51.0.0;1.7.1.1.51.0.0 -Cota-Parte do Fundo de Participação dos Municípios - FPM;2532489,12;6265
2022;Prefeitura Municipal de São Francisco de Goiás - GO;5219902;GO;DCA-Anexo I-C;Padrão;Receitas Brutas Realizadas;RO1.7.1.1.51.1.0;1.7.1.1.51.1.0 - Cota-Parte do Fundo de Participação dos Municípios - Cota Mensal;12662445,95;6265
2022;Prefeitura Municipal de São Francisco de Goiás - GO;5219902;GO;DCA-Anexo I-C;Padrão;Outras Deduções da Receita;RO1.7.1.1.51.1.0;1.7.1.1.51.1.0 - Cota-Parte do Fundo de Participação dos Municípios - Cota Mensal;2532489,12;6265
2022;Prefeitura Municipal de São Francisco de Goiás - GO;5219902;GO;DCA-Anexo I-C;Padrão;Receitas Brutas Realizadas;RO1.7.1.1.51.2.0;1.7.1.1.51.2.0 - Cota-Parte do Fundo de Participação do Municípios ¿ 1% Cota entregue no mês de dezembro;648958,24;6265
2022;Prefeitura Municipal de São Francisco de Goiás - GO;5219902;GO;DCA-Anexo I-C;Padrão;Receitas Brutas Realizadas;RO1.7.1.1.51.3.0;1.7.1.1.51.3.0 - Cota-Parte do Fundo de Participação dos Municípios - 1% Cota entregue no mês de julho;520328,54;6265
2022;Prefeitura Municipal de São Francisco de Goiás - GO;5219902;GO;DCA-Anexo I-C;Padrão;Receitas Brutas Realizadas;RO1.7.1.1.52.0.0;1.7.1.1.52.0.0 - Cota-Parte do Imposto Sobre a Propriedade Territorial Rural;103473,21;6265
2022;Prefeitura Municipal de São Francisco de Goiás - GO;5219902;GO;DCA-Anexo I-C;Padrão;Outras Deduções da Receita;RO1.7.1.1.52.0.0;1.7.1.1.52.0.0 - Cota-Parte do Imposto Sobre a Propriedade Territorial Rural;20694,49;6265
2022;Prefeitura Municipal de São Francisco de Goiás - GO;5219902;GO;DCA-Anexo I-C;Padrão;Receitas Brutas Realizadas;RO1.7.1.2.00.0.0;1.7.1.2.00.0.0 -Transferências das Compensações Financeiras pela Exploração de Recursos Naturais;495248,98;6265
2022;Prefeitura Municipal de São Francisco de Goiás - GO;5219902;GO;DCA-Anexo I-C;Padrão;Receitas Brutas Realizadas;RO1.7.1.2.51.0.0;1.7.1.2.51.0.0 -Cota-parte da Compensação Financeira pela Exploração de Recursos Minerais - CFEM;529,39;6265
2022;Prefeitura Municipal de São Francisco de Goiás - GO;5219902;GO;DCA-Anexo I-C;Padrão;Receitas Brutas Realizadas;RO1.7.1.2.52.0.0;1.7.1.2.52.0.0 - Cota-parte da Compensação Financeira pela Produção de Petróleo;306899,70;6265
2022;Prefeitura Municipal de São Francisco de Goiás - GO;5219902;GO;DCA-Anexo I-C;Padrão;Receitas Brutas Realizadas;RO1.7.1.2.52.4.0;1.7.1.2.52.4.0 - Cota-Parte do Fundo Especial do Petróleo ¿ FEP;306899,70;6265
2022;Prefeitura Municipal de São Francisco de Goiás - GO;5219902;GO;DCA-Anexo I-C;Padrão;Receitas Brutas Realizadas;RO1.7.1.2.99.0.0;1.7.1.2.99.0.0 - Outras Transferências decorrentes de Compensação Financeira pela Exploração de Recursos Naturais ;187819,89;6265
2022;Prefeitura Municipal de São Francisco de Goiás - GO;5219902;GO;DCA-Anexo I-C;Padrão;Receitas Brutas Realizadas;RO1.7.1.3.00.0.0;1.7.1.3.00.0.0 -Transferências de Recursos do Sistema Único de Saúde ¿ SUS ;2919417,38;6265
2022;Prefeitura Municipal de São Francisco de Goiás - GO;5219902;GO;DCA-Anexo I-C;Padrão;Receitas Brutas Realizadas;RO1.7.1.3.50.0.0;1.7.1.3.50.0.0 - Transferências de Recursos do Sistema Único de Saúde ¿ SUS ¿ Repasses Fundo a Fundo - Bloco de Manutenção das Ações e Serviços Públicos de Saúde;2919417,21;6265
2022;Prefeitura Municipal de São Francisco de Goiás - GO;5219902;GO;DCA-Anexo I-C;Padrão;Receitas Brutas Realizadas;RO1.7.1.3.50.1.0;1.7.1.3.50.1.0 - Transferências de Recursos do Bloco de Manutenção das Ações e Serviços Públicos de Saúde ¿ Atenção Primária;2525922,71;6265
2022;Prefeitura Municipal de São Francisco de Goiás - GO;5219902;GO;DCA-Anexo I-C;Padrão;Receitas Brutas Realizadas;RO1.7.1.3.50.2.0;1.7.1.3.50.2.0 - Transferências de Recursos do Bloco de Manutenção das Ações e Serviços Públicos de Saúde ¿ Atenção Especializada;188015,80;6265
2022;Prefeitura Municipal de São Francisco de Goiás - GO;5219902;GO;DCA-Anexo I-C;Padrão;Receitas Brutas Realizadas;RO1.7.1.3.50.3.0;1.7.1.3.50.3.0 - Transferências de Recursos do Bloco de Manutenção das Ações e Serviços Públicos de Saúde ¿ Vigilância em Saúde;160242,67;6265
2022;Prefeitura Municipal de São Francisco de Goiás - GO;5219902;GO;DCA-Anexo I-C;Padrão;Receitas Brutas Realizadas;RO1.7.1.3.50.4.0;1.7.1.3.50.4.0 -Transferências de Recursos do Bloco de Manutenção das Ações e Serviços Públicos de Saúde ¿ Assistência Farmacêutica;37270,80;6265
2022;Prefeitura Municipal de São Francisco de Goiás - GO;5219902;GO;DCA-Anexo I-C;Padrão;Receitas Brutas Realizadas;RO1.7.1.3.50.5.0;1.7.1.3.50.5.0 - Transferências de Recursos do Bloco de Manutenção das Ações e Serviços Públicos de Saúde ¿ Gestão do SUS;1513,33;6265
2022;Prefeitura Municipal de São Francisco de Goiás - GO;5219902;GO;DCA-Anexo I-C;Padrão;Receitas Brutas Realizadas;RO1.7.1.3.50.9.0;1.7.1.3.50.9.0 - Transferências de Recursos do Bloco de Manutenção das Ações e Serviços Públicos de Saúde ¿ Outros Programas;6451,90;6265
2022;Prefeitura Municipal de São Francisco de Goiás - GO;5219902;GO;DCA-Anexo I-C;Padrão;Receitas Brutas Realizadas;RO1.7.1.3.51.0.0;1.7.1.3.51.0.0 - Transferências de Recursos do Sistema Único de Saúde ¿ SUS - Repasses Fundo a Fundo - Bloco de Estruturação da Rede de Serviços Públicos de Saúde;0,17;6265
2022;Prefeitura Municipal de São Francisco de Goiás - GO;5219902;GO;DCA-Anexo I-C;Padrão;Receitas Brutas Realizadas;RO1.7.1.3.51.1.0;1.7.1.3.51.1.0 - Transferências de Recursos do Bloco de Estruturação da Rede de Serviços Públicos de Saúde - Atenção Primária;0,17;6265
2022;Prefeitura Municipal de São Francisco de Goiás - GO;5219902;GO;DCA-Anexo I-C;Padrão;Receitas Brutas Realizadas;RO1.7.1.4.00.0.0;1.7.1.4.00.0.0 -Transferências de Recursos do Fundo Nacional do Desenvolvimento da Educação ¿ FNDE¿ ;198513,85;6265
2022;Prefeitura Municipal de São Francisco de Goiás - GO;5219902;GO;DCA-Anexo I-C;Padrão;Receitas Brutas Realizadas;RO1.7.1.4.50.0.0;1.7.1.4.50.0.0 - Transferências do Salário-Educação;150320,25;6265
2022;Prefeitura Municipal de São Francisco de Goiás - GO;5219902;GO;DCA-Anexo I-C;Padrão;Receitas Brutas Realizadas;RO1.7.1.4.52.0.0;1.7.1.4.52.0.0 - Transferências referentes ao Programa Nacional de Alimentação Escolar ¿ PNAE;48193,60;6265
2022;Prefeitura Municipal de São Francisco de Goiás - GO;5219902;GO;DCA-Anexo I-C;Padrão;Receitas Brutas Realizadas;RO1.7.1.4.99.0.0;1.7.1.4.99.0.0 - Outras Transferências Diretas do Fundo Nacional do Desenvolvimento da Educação - FNDE;0,00;6265
2022;Prefeitura Municipal de São Francisco de Goiás - GO;5219902;GO;DCA-Anexo I-C;Padrão;Receitas Brutas Realizadas;RO1.7.1.5.00.0.0;1.7.1.5.00.0.0 - Transferências de Recursos de Complementação da União ao Fundo de Manutenção e Desenvolvimento da Educação Básica e de Valorização dos Profissionais da Educação ¿ FUNDEB ;309507,85;6265
2022;Prefeitura Municipal de São Francisco de Goiás - GO;5219902;GO;DCA-Anexo I-C;Padrão;Receitas Brutas Realizadas;RO1.7.1.6.00.0.0;1.7.1.6.00.0.0 - Transferências de Recursos do Fundo Nacional de Assistência Social ¿ FNAS;172062,22;6265
2022;Prefeitura Municipal de São Francisco de Goiás - GO;5219902;GO;DCA-Anexo I-C;Padrão;Receitas Brutas Realizadas;RO1.7.1.9.00.0.0;1.7.1.9.00.0.0 - Outras Transferências de Recursos da União e de suas Entidades;153178,85;6265
2022;Prefeitura Municipal de São Francisco de Goiás - GO;5219902;GO;DCA-Anexo I-C;Padrão;Outras Deduções da Receita;RO1.7.1.9.00.0.0;1.7.1.9.00.0.0 - Outras Transferências de Recursos da União e de suas Entidades;18907,05;6265
2022;Prefeitura Municipal de São Francisco de Goiás - GO;5219902;GO;DCA-Anexo I-C;Padrão;Receitas Brutas Realizadas;RO1.7.1.9.58.0.0;1.7.1.9.58.0.0 - Transferência Obrigatória Decorrente da Lei Complementar nº 176/2020;58643,60;6265
2022;Prefeitura Municipal de São Francisco de Goiás - GO;5219902;GO;DCA-Anexo I-C;Padrão;Receitas Brutas Realizadas;RO1.7.1.9.99.0.0;1.7.1.9.99.0.0 - Outras Transferências de Recursos da União e de suas Entidades;94535,25;6265
2022;Prefeitura Municipal de São Francisco de Goiás - GO;5219902;GO;DCA-Anexo I-C;Padrão;Outras Deduções da Receita;RO1.7.1.9.99.0.0;1.7.1.9.99.0.0 - Outras Transferências de Recursos da União e de suas Entidades;18907,05;6265
2022;Prefeitura Municipal de São Francisco de Goiás - GO;5219902;GO;DCA-Anexo I-C;Padrão;Receitas Brutas Realizadas;RO1.7.2.0.00.0.0;1.7.2.0.00.0.0 - Transferências dos Estados e do Distrito Federal e de suas Entidades;8346190,10;6265
2022;Prefeitura Municipal de São Francisco de Goiás - GO;5219902;GO;DCA-Anexo I-C;Padrão;Outras Deduções da Receita;RO1.7.2.0.00.0.0;1.7.2.0.00.0.0 - Transferências dos Estados e do Distrito Federal e de suas Entidades;1427306,89;6265
2022;Prefeitura Municipal de São Francisco de Goiás - GO;5219902;GO;DCA-Anexo I-C;Padrão;Receitas Brutas Realizadas;RO1.7.2.1.00.0.0;1.7.2.1.00.0.0 - Participação na Receita dos Estados e Distrito Federal;7149829,29;6265
2022;Prefeitura Municipal de São Francisco de Goiás - GO;5219902;GO;DCA-Anexo I-C;Padrão;Outras Deduções da Receita;RO1.7.2.1.00.0.0;1.7.2.1.00.0.0 - Participação na Receita dos Estados e Distrito Federal;1427306,89;6265
2022;Prefeitura Municipal de São Francisco de Goiás - GO;5219902;GO;DCA-Anexo I-C;Padrão;Receitas Brutas Realizadas;RO1.7.2.1.50.0.0;1.7.2.1.50.0.0 - Cota-Parte do ICMS;6589726,36;6265
2022;Prefeitura Municipal de São Francisco de Goiás - GO;5219902;GO;DCA-Anexo I-C;Padrão;Outras Deduções da Receita;RO1.7.2.1.50.0.0;1.7.2.1.50.0.0 - Cota-Parte do ICMS;1317945,30;6265
2022;Prefeitura Municipal de São Francisco de Goiás - GO;5219902;GO;DCA-Anexo I-C;Padrão;Receitas Brutas Realizadas;RO1.7.2.1.51.0.0;1.7.2.1.51.0.0 - Cota-Parte do IPVA;504016,59;6265
2022;Prefeitura Municipal de São Francisco de Goiás - GO;5219902;GO;DCA-Anexo I-C;Padrão;Outras Deduções da Receita;RO1.7.2.1.51.0.0;1.7.2.1.51.0.0 - Cota-Parte do IPVA;100803,66;6265
2022;Prefeitura Municipal de São Francisco de Goiás - GO;5219902;GO;DCA-Anexo I-C;Padrão;Receitas Brutas Realizadas;RO1.7.2.1.52.0.0;1.7.2.1.52.0.0 - Cota-Parte do IPI - Municípios;42789,45;6265
2022;Prefeitura Municipal de São Francisco de Goiás - GO;5219902;GO;DCA-Anexo I-C;Padrão;Outras Deduções da Receita;RO1.7.2.1.52.0.0;1.7.2.1.52.0.0 - Cota-Parte do IPI - Municípios;8557,93;6265
2022;Prefeitura Municipal de São Francisco de Goiás - GO;5219902;GO;DCA-Anexo I-C;Padrão;Receitas Brutas Realizadas;RO1.7.2.1.53.0.0;1.7.2.1.53.0.0 - Cota-Parte da Contribuição de Intervenção no Domínio Econômico;13296,89;6265
2022;Prefeitura Municipal de São Francisco de Goiás - GO;5219902;GO;DCA-Anexo I-C;Padrão;Receitas Brutas Realizadas;RO1.7.2.3.00.0.0;1.7.2.3.00.0.0 - Transferências de Recursos do Sistema Único de Saúde ¿ SUS;282260,81;6265
2022;Prefeitura Municipal de São Francisco de Goiás - GO;5219902;GO;DCA-Anexo I-C;Padrão;Receitas Brutas Realizadas;RO1.7.2.4.00.0.0;1.7.2.4.00.0.0 - Transferências de Convênios dos Estados e DF e de Suas Entidades;914100,00;6265
2022;Prefeitura Municipal de São Francisco de Goiás - GO;5219902;GO;DCA-Anexo I-C;Padrão;Receitas Brutas Realizadas;RO1.7.2.4.50.0.0;1.7.2.4.50.0.0 - Transferências de Convênios dos Estados e DF para o Sistema Único de Saúde ¿ SUS;500000,00;6265
2022;Prefeitura Municipal de São Francisco de Goiás - GO;5219902;GO;DCA-Anexo I-C;Padrão;Receitas Brutas Realizadas;RO1.7.2.4.51.0.0;1.7.2.4.51.0.0 -Transferências de Convênios dos Estados Destinadas a Programas de Educação;254100,00;6265
2022;Prefeitura Municipal de São Francisco de Goiás - GO;5219902;GO;DCA-Anexo I-C;Padrão;Receitas Brutas Realizadas;RO1.7.2.4.99.0.0;1.7.2.4.99.0.0 - Outras Transferências de Convênios dos Estados e DF e de Suas Entidades;160000,00;6265
2022;Prefeitura Municipal de São Francisco de Goiás - GO;5219902;GO;DCA-Anexo I-C;Padrão;Receitas Brutas Realizadas;RO1.7.5.0.00.0.0;1.7.5.0.00.0.0 - Transferências de Outras Instituições Públicas;4091263,65;6265
2022;Prefeitura Municipal de São Francisco de Goiás - GO;5219902;GO;DCA-Anexo I-C;Padrão;Receitas Brutas Realizadas;RO1.7.5.1.00.0.0;1.7.5.1.00.0.0 - Transferências de Recursos do Fundo de Manutenção e Desenvolvimento da Educação Básica e de Valorização dos Profissionais da Educação - FUNDEB;4091263,65;6265
2022;Prefeitura Municipal de São Francisco de Goiás - GO;5219902;GO;DCA-Anexo I-C;Padrão;Receitas Brutas Realizadas;RO1.7.9.0.00.0.0;1.7.9.0.00.0.0 - Demais Transferências Correntes;2479,42;6265
2022;Prefeitura Municipal de São Francisco de Goiás - GO;5219902;GO;DCA-Anexo I-C;Padrão;Receitas Brutas Realizadas;RO1.7.9.1.00.0.0;1.7.9.1.00.0.0 - Transferências de Pessoas Físicas;2479,42;6265
2022;Prefeitura Municipal de São Francisco de Goiás - GO;5219902;GO;DCA-Anexo I-C;Padrão;Receitas Brutas Realizadas;RO1.7.9.1.99.0.0;1.7.9.1.99.0.0 - Outras Transferências de Pessoas Físicas;2479,42;6265
2022;Prefeitura Municipal de São Francisco de Goiás - GO;5219902;GO;DCA-Anexo I-C;Padrão;Receitas Brutas Realizadas;RO1.9.0.0.00.0.0;1.9.0.0.00.0.0 - Outras Receitas Correntes;65765,59;6265
2022;Prefeitura Municipal de São Francisco de Goiás - GO;5219902;GO;DCA-Anexo I-C;Padrão;Receitas Brutas Realizadas;RO1.9.1.0.00.0.0;1.9.1.0.00.0.0 - Multas Administrativas, Contratuais e Judiciais;10500,00;6265
2022;Prefeitura Municipal de São Francisco de Goiás - GO;5219902;GO;DCA-Anexo I-C;Padrão;Receitas Brutas Realizadas;RO1.9.1.1.00.0.0;1.9.1.1.00.0.0 - Multas Administrativas, Contratuais e Judiciais;10500,00;6265
2022;Prefeitura Municipal de São Francisco de Goiás - GO;5219902;GO;DCA-Anexo I-C;Padrão;Receitas Brutas Realizadas;RO1.9.1.1.06.0.0;1.9.1.1.06.0.0 - Multas por Danos Ambientais;10500,00;6265
2022;Prefeitura Municipal de São Francisco de Goiás - GO;5219902;GO;DCA-Anexo I-C;Padrão;Receitas Brutas Realizadas;RO1.9.1.1.06.2.0;1.9.1.1.06.2.0 - Multas Judiciais por Danos Ambientais;10500,00;6265
2022;Prefeitura Municipal de São Francisco de Goiás - GO;5219902;GO;DCA-Anexo I-C;Padrão;Receitas Brutas Realizadas;RO1.9.2.0.00.0.0;1.9.2.0.00.0.0 - Indenizações, Restituições e Ressarcimentos;53692,03;6265
2022;Prefeitura Municipal de São Francisco de Goiás - GO;5219902;GO;DCA-Anexo I-C;Padrão;Receitas Brutas Realizadas;RO1.9.2.2.00.0.0;1.9.2.2.00.0.0 - Restituições;53692,03;6265
2022;Prefeitura Municipal de São Francisco de Goiás - GO;5219902;GO;DCA-Anexo I-C;Padrão;Receitas Brutas Realizadas;RO1.9.2.2.99.0.0;1.9.2.2.99.0.0 - Outras Restituições;53692,03;6265
2022;Prefeitura Municipal de São Francisco de Goiás - GO;5219902;GO;DCA-Anexo I-C;Padrão;Receitas Brutas Realizadas;RO1.9.9.0.00.0.0;1.9.9.0.00.0.0 - Demais Receitas Correntes;1573,56;6265
2022;Prefeitura Municipal de São Francisco de Goiás - GO;5219902;GO;DCA-Anexo I-C;Padrão;Receitas Brutas Realizadas;RO1.9.9.9.00.0.0;1.9.9.9.00.0.0 - Outras Receitas Correntes;1573,56;6265
2022;Prefeitura Municipal de São Francisco de Goiás - GO;5219902;GO;DCA-Anexo I-C;Padrão;Receitas Brutas Realizadas;RO1.9.9.9.99.0.0;1.9.9.9.99.0.0 - Outras Receitas;1573,56;6265
2022;Prefeitura Municipal de São Francisco de Goiás - GO;5219902;GO;DCA-Anexo I-C;Padrão;Receitas Brutas Realizadas;RO1.9.9.9.99.2.0;1.9.9.9.99.2.0 - Outras Receitas Não Arrecadadas e Não Projetadas pela RFB - Primárias;1573,56;6265
2022;Prefeitura Municipal de São Francisco de Goiás - GO;5219902;GO;DCA-Anexo I-C;Padrão;Receitas Brutas Realizadas;RO2.0.0.0.00.0.0;2.0.0.0.00.0.0 - Receitas de Capital;2384750,00;6265
2022;Prefeitura Municipal de São Francisco de Goiás - GO;5219902;GO;DCA-Anexo I-C;Padrão;Receitas Brutas Realizadas;RO2.4.0.0.00.0.0;2.4.0.0.00.0.0 - Transferências de Capital;2384750,00;6265
2022;Prefeitura Municipal de São Francisco de Goiás - GO;5219902;GO;DCA-Anexo I-C;Padrão;Receitas Brutas Realizadas;RO2.4.1.0.00.0.0;2.4.1.0.00.0.0 - Transferências da União e de suas Entidades;479750,00;6265
2022;Prefeitura Municipal de São Francisco de Goiás - GO;5219902;GO;DCA-Anexo I-C;Padrão;Receitas Brutas Realizadas;RO2.4.1.3.00.0.0;2.4.1.3.00.0.0 - Transferências de Recursos do Fundo Nacional de Assistência Social ¿ FNAS ;50000,00;6265
2022;Prefeitura Municipal de São Francisco de Goiás - GO;5219902;GO;DCA-Anexo I-C;Padrão;Receitas Brutas Realizadas;RO2.4.1.3.50.0.0;2.4.1.3.50.0.0 - Transferências de Recursos do Fundo Nacional de Assistência Social ¿ FNAS;50000,00;6265
2022;Prefeitura Municipal de São Francisco de Goiás - GO;5219902;GO;DCA-Anexo I-C;Padrão;Receitas Brutas Realizadas;RO2.4.1.4.00.0.0;2.4.1.4.00.0.0 - Transferências de Convênios da União e de suas Entidades ;429750,00;6265
2022;Prefeitura Municipal de São Francisco de Goiás - GO;5219902;GO;DCA-Anexo I-C;Padrão;Receitas Brutas Realizadas;RO2.4.1.4.51.0.0;2.4.1.4.51.0.0 - Transferências de Convênios da União destinadas a Programas de Educação;238750,00;6265
2022;Prefeitura Municipal de São Francisco de Goiás - GO;5219902;GO;DCA-Anexo I-C;Padrão;Receitas Brutas Realizadas;RO2.4.1.4.99.0.0;2.4.1.4.99.0.0 - Outras Transferências de Convênios da União e de Suas Entidades;191000,00;6265
2022;Prefeitura Municipal de São Francisco de Goiás - GO;5219902;GO;DCA-Anexo I-C;Padrão;Receitas Brutas Realizadas;RO2.4.2.0.00.0.0;2.4.2.0.00.0.0 - Transferências dos Estados e do Distrito Federal e de suas Entidades;1905000,00;6265
2022;Prefeitura Municipal de São Francisco de Goiás - GO;5219902;GO;DCA-Anexo I-C;Padrão;Receitas Brutas Realizadas;RO2.4.2.2.00.0.0;2.4.2.2.00.0.0 - Transferências de Convênios dos Estados e DF e de Suas Entidades ;1905000,00;6265
2022;Prefeitura Municipal de São Francisco de Goiás - GO;5219902;GO;DCA-Anexo I-C;Padrão;Receitas Brutas Realizadas;RO2.4.2.2.50.0.0;2.4.2.2.50.0.0 - Transferências de Convênios dos Estados para o Sistema Único de Saúde ¿ SUS;1275000,00;6265
2022;Prefeitura Municipal de São Francisco de Goiás - GO;5219902;GO;DCA-Anexo I-C;Padrão;Receitas Brutas Realizadas;RO2.4.2.2.51.0.0;2.4.2.2.51.0.0 - Transferências de Convênios dos Estados destinadas a Programas de Educação;200000,00;6265
2022;Prefeitura Municipal de São Francisco de Goiás - GO;5219902;GO;DCA-Anexo I-C;Padrão;Receitas Brutas Realizadas;RO2.4.2.2.99.0.0;2.4.2.2.99.0.0 - Outras Transferências de Convênio dos Estados e DF e de Suas Entidades;430000,00;6265
2022;Prefeitura Municipal de São Francisco de Goiás - GO;5219902;GO;DCA-Anexo I-C;Padrão;Receitas Brutas Realizadas;TotalReceitas;TOTAL DAS RECEITAS (III) = (I + II);36323873,61;6265
2022;Prefeitura Municipal de São Francisco de Goiás - GO;5219902;GO;DCA-Anexo I-C;Padrão;Outras Deduções da Receita;TotalReceitas;TOTAL DAS RECEITAS (III) = (I + II);3999397,55;6265
2023;Prefeitura Municipal de São Francisco de Goiás - GO;5219902;GO;DCA-Anexo I-C;Padrão;Receitas Brutas Realizadas;ReceitasExcetoIntraOrcamentarias;RECEITAS (EXCETO INTRA-ORÇAMENTÁRIAS) (I);44308214,37;6265
2023;Prefeitura Municipal de São Francisco de Goiás - GO;5219902;GO;DCA-Anexo I-C;Padrão;Deduções - FUNDEB;ReceitasExcetoIntraOrcamentarias;RECEITAS (EXCETO INTRA-ORÇAMENTÁRIAS) (I);3987125,63;6265
2023;Prefeitura Municipal de São Francisco de Goiás - GO;5219902;GO;DCA-Anexo I-C;Padrão;Outras Deduções da Receita;ReceitasExcetoIntraOrcamentarias;RECEITAS (EXCETO INTRA-ORÇAMENTÁRIAS) (I);38902,62;6265
2023;Prefeitura Municipal de São Francisco de Goiás - GO;5219902;GO;DCA-Anexo I-C;Padrão;Receitas Brutas Realizadas;RO1.0.0.0.00.0.0;1.0.0.0.00.0.0 - Receitas Correntes;39422995,37;6265
2023;Prefeitura Municipal de São Francisco de Goiás - GO;5219902;GO;DCA-Anexo I-C;Padrão;Deduções - FUNDEB;RO1.0.0.0.00.0.0;1.0.0.0.00.0.0 - Receitas Correntes;3987125,63;6265
2023;Prefeitura Municipal de São Francisco de Goiás - GO;5219902;GO;DCA-Anexo I-C;Padrão;Outras Deduções da Receita;RO1.0.0.0.00.0.0;1.0.0.0.00.0.0 - Receitas Correntes;38902,62;6265
2023;Prefeitura Municipal de São Francisco de Goiás - GO;5219902;GO;DCA-Anexo I-C;Padrão;Receitas Brutas Realizadas;RO1.1.0.0.00.0.0;1.1.0.0.00.0.0 - Impostos, Taxas e Contribuições de Melhoria;3693373,49;6265
2023;Prefeitura Municipal de São Francisco de Goiás - GO;5219902;GO;DCA-Anexo I-C;Padrão;Receitas Brutas Realizadas;RO1.1.1.0.00.0.0;1.1.1.0.00.0.0 - Impostos;3480370,80;6265
2023;Prefeitura Municipal de São Francisco de Goiás - GO;5219902;GO;DCA-Anexo I-C;Padrão;Receitas Brutas Realizadas;RO1.1.1.2.00.0.0;1.1.1.2.00.0.0 - Impostos sobre o Patrimônio;742541,20;6265
2023;Prefeitura Municipal de São Francisco de Goiás - GO;5219902;GO;DCA-Anexo I-C;Padrão;Receitas Brutas Realizadas;RO1.1.1.2.50.0.0;1.1.1.2.50.0.0 - Imposto sobre a Propriedade Predial e Territorial Urbana;185848,95;6265
2023;Prefeitura Municipal de São Francisco de Goiás - GO;5219902;GO;DCA-Anexo I-C;Padrão;Receitas Brutas Realizadas;RO1.1.1.2.53.0.0;"1.1.1.2.53.0.0 - Impostos sobre Transmissão ""Inter Vivos"" de Bens Imóveis e de Direitos Reais sobre Imóveis";556692,25;6265
2023;Prefeitura Municipal de São Francisco de Goiás - GO;5219902;GO;DCA-Anexo I-C;Padrão;Receitas Brutas Realizadas;RO1.1.1.3.00.0.0;1.1.1.3.00.0.0 - Impostos sobre a Renda e Proventos de Qualquer Natureza;842010,74;6265
2023;Prefeitura Municipal de São Francisco de Goiás - GO;5219902;GO;DCA-Anexo I-C;Padrão;Receitas Brutas Realizadas;RO1.1.1.3.03.0.0;1.1.1.3.03.0.0 - Imposto sobre a Renda - Retido na Fonte;842010,74;6265
2023;Prefeitura Municipal de São Francisco de Goiás - GO;5219902;GO;DCA-Anexo I-C;Padrão;Receitas Brutas Realizadas;RO1.1.1.3.03.1.0;1.1.1.3.03.1.0 - Imposto sobre a Renda - Retido na Fonte - Trabalho;842010,74;6265
2023;Prefeitura Municipal de São Francisco de Goiás - GO;5219902;GO;DCA-Anexo I-C;Padrão;Receitas Brutas Realizadas;RO1.1.1.4.00.0.0;1.1.1.4.00.0.0 - Impostos sobre a Produção e Circulação de Mercadorias e Serviços;1895818,86;6265
2023;Prefeitura Municipal de São Francisco de Goiás - GO;5219902;GO;DCA-Anexo I-C;Padrão;Receitas Brutas Realizadas;RO1.1.1.4.51.0.0;1.1.1.4.51.0.0 - Impostos sobre Serviços;1895818,86;6265
2023;Prefeitura Municipal de São Francisco de Goiás - GO;5219902;GO;DCA-Anexo I-C;Padrão;Receitas Brutas Realizadas;RO1.1.1.4.51.1.0;1.1.1.4.51.1.0 - Imposto sobre Serviços de Qualquer Natureza - ISSQN;1895818,86;6265
2023;Prefeitura Municipal de São Francisco de Goiás - GO;5219902;GO;DCA-Anexo I-C;Padrão;Receitas Brutas Realizadas;RO1.1.2.0.00.0.0;1.1.2.0.00.0.0 - Taxas;213002,69;6265
2023;Prefeitura Municipal de São Francisco de Goiás - GO;5219902;GO;DCA-Anexo I-C;Padrão;Receitas Brutas Realizadas;RO1.1.2.1.00.0.0;1.1.2.1.00.0.0 - Taxas pelo Exercício do Poder de Polícia;213002,69;6265
2023;Prefeitura Municipal de São Francisco de Goiás - GO;5219902;GO;DCA-Anexo I-C;Padrão;Receitas Brutas Realizadas;RO1.1.2.1.01.0.0;1.1.2.1.01.0.0 - Taxas de Inspeção, Controle e Fiscalização;213002,69;6265
2023;Prefeitura Municipal de São Francisco de Goiás - GO;5219902;GO;DCA-Anexo I-C;Padrão;Receitas Brutas Realizadas;RO1.2.0.0.00.0.0;1.2.0.0.00.0.0 - Contribuições;471700,45;6265
2023;Prefeitura Municipal de São Francisco de Goiás - GO;5219902;GO;DCA-Anexo I-C;Padrão;Receitas Brutas Realizadas;RO1.2.4.0.00.0.0;1.2.4.0.00.0.0 - Contribuição para o Custeio do Serviço de Iluminação Pública;471700,45;6265
2023;Prefeitura Municipal de São Francisco de Goiás - GO;5219902;GO;DCA-Anexo I-C;Padrão;Receitas Brutas Realizadas;RO1.3.0.0.00.0.0;1.3.0.0.00.0.0 - Receita Patrimonial;571464,89;6265
2023;Prefeitura Municipal de São Francisco de Goiás - GO;5219902;GO;DCA-Anexo I-C;Padrão;Outras Deduções da Receita;RO1.3.0.0.00.0.0;1.3.0.0.00.0.0 - Receita Patrimonial;0,18;6265
2023;Prefeitura Municipal de São Francisco de Goiás - GO;5219902;GO;DCA-Anexo I-C;Padrão;Receitas Brutas Realizadas;RO1.3.2.0.00.0.0;1.3.2.0.00.0.0 - Valores Mobiliários;571464,89;6265
2023;Prefeitura Municipal de São Francisco de Goiás - GO;5219902;GO;DCA-Anexo I-C;Padrão;Outras Deduções da Receita;RO1.3.2.0.00.0.0;1.3.2.0.00.0.0 - Valores Mobiliários;0,18;6265
2023;Prefeitura Municipal de São Francisco de Goiás - GO;5219902;GO;DCA-Anexo I-C;Padrão;Receitas Brutas Realizadas;RO1.3.2.1.00.0.0;1.3.2.1.00.0.0 - Juros e Correções Monetárias;571464,89;6265
2023;Prefeitura Municipal de São Francisco de Goiás - GO;5219902;GO;DCA-Anexo I-C;Padrão;Outras Deduções da Receita;RO1.3.2.1.00.0.0;1.3.2.1.00.0.0 - Juros e Correções Monetárias;0,18;6265
2023;Prefeitura Municipal de São Francisco de Goiás - GO;5219902;GO;DCA-Anexo I-C;Padrão;Receitas Brutas Realizadas;RO1.3.2.1.01.0.0;1.3.2.1.01.0.0 - Remuneração de Depósitos Bancários;571464,89;6265
2023;Prefeitura Municipal de São Francisco de Goiás - GO;5219902;GO;DCA-Anexo I-C;Padrão;Outras Deduções da Receita;RO1.3.2.1.01.0.0;1.3.2.1.01.0.0 - Remuneração de Depósitos Bancários;0,18;6265
2023;Prefeitura Municipal de São Francisco de Goiás - GO;5219902;GO;DCA-Anexo I-C;Padrão;Receitas Brutas Realizadas;RO1.6.0.0.00.0.0;1.6.0.0.00.0.0 - Receita de Serviços;52317,85;6265
2023;Prefeitura Municipal de São Francisco de Goiás - GO;5219902;GO;DCA-Anexo I-C;Padrão;Receitas Brutas Realizadas;RO1.6.9.0.00.0.0;1.6.9.0.00.0.0 - Outros Serviços;52317,85;6265
2023;Prefeitura Municipal de São Francisco de Goiás - GO;5219902;GO;DCA-Anexo I-C;Padrão;Receitas Brutas Realizadas;RO1.7.0.0.00.0.0;1.7.0.0.00.0.0 - Transferências Correntes;34459950,21;6265
2023;Prefeitura Municipal de São Francisco de Goiás - GO;5219902;GO;DCA-Anexo I-C;Padrão;Deduções - FUNDEB;RO1.7.0.0.00.0.0;1.7.0.0.00.0.0 - Transferências Correntes;3987125,63;6265
2023;Prefeitura Municipal de São Francisco de Goiás - GO;5219902;GO;DCA-Anexo I-C;Padrão;Outras Deduções da Receita;RO1.7.0.0.00.0.0;1.7.0.0.00.0.0 - Transferências Correntes;38902,44;6265
2023;Prefeitura Municipal de São Francisco de Goiás - GO;5219902;GO;DCA-Anexo I-C;Padrão;Receitas Brutas Realizadas;RO1.7.1.0.00.0.0;1.7.1.0.00.0.0 - Transferências da União e de suas Entidades;19930147,81;6265
2023;Prefeitura Municipal de São Francisco de Goiás - GO;5219902;GO;DCA-Anexo I-C;Padrão;Deduções - FUNDEB;RO1.7.1.0.00.0.0;1.7.1.0.00.0.0 - Transferências da União e de suas Entidades;2678835,14;6265
2023;Prefeitura Municipal de São Francisco de Goiás - GO;5219902;GO;DCA-Anexo I-C;Padrão;Receitas Brutas Realizadas;RO1.7.1.1.00.0.0;1.7.1.1.00.0.0 - Transferências Decorrentes de Participação na Receita da União;14330027,70;6265
2023;Prefeitura Municipal de São Francisco de Goiás - GO;5219902;GO;DCA-Anexo I-C;Padrão;Deduções - FUNDEB;RO1.7.1.1.00.0.0;1.7.1.1.00.0.0 - Transferências Decorrentes de Participação na Receita da União;2611299,29;6265
2023;Prefeitura Municipal de São Francisco de Goiás - GO;5219902;GO;DCA-Anexo I-C;Padrão;Receitas Brutas Realizadas;RO1.7.1.1.51.0.0;1.7.1.1.51.0.0 -Cota-Parte do Fundo de Participação dos Municípios - FPM;14235005,78;6265
2023;Prefeitura Municipal de São Francisco de Goiás - GO;5219902;GO;DCA-Anexo I-C;Padrão;Deduções - FUNDEB;RO1.7.1.1.51.0.0;1.7.1.1.51.0.0 -Cota-Parte do Fundo de Participação dos Municípios - FPM;2592295,05;6265
2023;Prefeitura Municipal de São Francisco de Goiás - GO;5219902;GO;DCA-Anexo I-C;Padrão;Receitas Brutas Realizadas;RO1.7.1.1.51.1.0;1.7.1.1.51.1.0 - Cota-Parte do Fundo de Participação dos Municípios - Cota Mensal;12961476,47;6265
2023;Prefeitura Municipal de São Francisco de Goiás - GO;5219902;GO;DCA-Anexo I-C;Padrão;Deduções - FUNDEB;RO1.7.1.1.51.1.0;1.7.1.1.51.1.0 - Cota-Parte do Fundo de Participação dos Municípios - Cota Mensal;2592295,05;6265
2023;Prefeitura Municipal de São Francisco de Goiás - GO;5219902;GO;DCA-Anexo I-C;Padrão;Receitas Brutas Realizadas;RO1.7.1.1.51.2.0;1.7.1.1.51.2.0 - Cota-Parte do Fundo de Participação dos Municípios - Cotas Extraordinárias;1273529,31;6265
2023;Prefeitura Municipal de São Francisco de Goiás - GO;5219902;GO;DCA-Anexo I-C;Padrão;Receitas Brutas Realizadas;RO1.7.1.1.52.0.0;1.7.1.1.52.0.0 - Cota-Parte do Imposto Sobre a Propriedade Territorial Rural;95021,92;6265
2023;Prefeitura Municipal de São Francisco de Goiás - GO;5219902;GO;DCA-Anexo I-C;Padrão;Deduções - FUNDEB;RO1.7.1.1.52.0.0;1.7.1.1.52.0.0 - Cota-Parte do Imposto Sobre a Propriedade Territorial Rural;19004,24;6265
2023;Prefeitura Municipal de São Francisco de Goiás - GO;5219902;GO;DCA-Anexo I-C;Padrão;Receitas Brutas Realizadas;RO1.7.1.2.00.0.0;1.7.1.2.00.0.0 -Transferências das Compensações Financeiras pela Exploração de Recursos Naturais;276889,11;6265
2023;Prefeitura Municipal de São Francisco de Goiás - GO;5219902;GO;DCA-Anexo I-C;Padrão;Receitas Brutas Realizadas;RO1.7.1.2.51.0.0;1.7.1.2.51.0.0 -Cota-parte da Compensação Financeira pela Exploração de Recursos Minerais - CFEM;322,02;6265
2023;Prefeitura Municipal de São Francisco de Goiás - GO;5219902;GO;DCA-Anexo I-C;Padrão;Receitas Brutas Realizadas;RO1.7.1.2.52.0.0;1.7.1.2.52.0.0 - Cota-parte da Compensação Financeira pela Produção de Petróleo;276567,09;6265
2023;Prefeitura Municipal de São Francisco de Goiás - GO;5219902;GO;DCA-Anexo I-C;Padrão;Receitas Brutas Realizadas;RO1.7.1.2.52.4.0;1.7.1.2.52.4.0 - Cota-Parte do Fundo Especial do Petróleo ¿ FEP;276567,09;6265
2023;Prefeitura Municipal de São Francisco de Goiás - GO;5219902;GO;DCA-Anexo I-C;Padrão;Receitas Brutas Realizadas;RO1.7.1.3.00.0.0;1.7.1.3.00.0.0 -Transferências de Recursos do Sistema Único de Saúde ¿ SUS ;3540302,50;6265
2023;Prefeitura Municipal de São Francisco de Goiás - GO;5219902;GO;DCA-Anexo I-C;Padrão;Receitas Brutas Realizadas;RO1.7.1.3.50.0.0;1.7.1.3.50.0.0 - Transferências de Recursos do Sistema Único de Saúde ¿ SUS ¿ Repasses Fundo a Fundo - Bloco de Manutenção das Ações e Serviços Públicos de Saúde;3540302,50;6265
2023;Prefeitura Municipal de São Francisco de Goiás - GO;5219902;GO;DCA-Anexo I-C;Padrão;Receitas Brutas Realizadas;RO1.7.1.3.50.1.0;1.7.1.3.50.1.0 - Transferências de Recursos do Bloco de Manutenção das Ações e Serviços Públicos de Saúde ¿ Atenção Primária;2923291,01;6265
2023;Prefeitura Municipal de São Francisco de Goiás - GO;5219902;GO;DCA-Anexo I-C;Padrão;Receitas Brutas Realizadas;RO1.7.1.3.50.2.0;1.7.1.3.50.2.0 - Transferências de Recursos do Bloco de Manutenção das Ações e Serviços Públicos de Saúde ¿ Atenção Especializada;88015,80;6265
2023;Prefeitura Municipal de São Francisco de Goiás - GO;5219902;GO;DCA-Anexo I-C;Padrão;Receitas Brutas Realizadas;RO1.7.1.3.50.3.0;1.7.1.3.50.3.0 - Transferências de Recursos do Bloco de Manutenção das Ações e Serviços Públicos de Saúde ¿ Vigilância em Saúde;219148,94;6265
2023;Prefeitura Municipal de São Francisco de Goiás - GO;5219902;GO;DCA-Anexo I-C;Padrão;Receitas Brutas Realizadas;RO1.7.1.3.50.4.0;1.7.1.3.50.4.0 -Transferências de Recursos do Bloco de Manutenção das Ações e Serviços Públicos de Saúde ¿ Assistência Farmacêutica;37270,80;6265
2023;Prefeitura Municipal de São Francisco de Goiás - GO;5219902;GO;DCA-Anexo I-C;Padrão;Receitas Brutas Realizadas;RO1.7.1.3.50.5.0;1.7.1.3.50.5.0 - Transferências de Recursos do Bloco de Manutenção das Ações e Serviços Públicos de Saúde ¿ Gestão do SUS;272575,95;6265
2023;Prefeitura Municipal de São Francisco de Goiás - GO;5219902;GO;DCA-Anexo I-C;Padrão;Receitas Brutas Realizadas;RO1.7.1.4.00.0.0;1.7.1.4.00.0.0 -Transferências de Recursos do Fundo Nacional do Desenvolvimento da Educação ¿ FNDE¿ ;326393,93;6265
2023;Prefeitura Municipal de São Francisco de Goiás - GO;5219902;GO;DCA-Anexo I-C;Padrão;Receitas Brutas Realizadas;RO1.7.1.4.50.0.0;1.7.1.4.50.0.0 - Transferências do Salário-Educação;175732,98;6265
2023;Prefeitura Municipal de São Francisco de Goiás - GO;5219902;GO;DCA-Anexo I-C;Padrão;Receitas Brutas Realizadas;RO1.7.1.4.52.0.0;1.7.1.4.52.0.0 - Transferências referentes ao Programa Nacional de Alimentação Escolar ¿ PNAE;55784,40;6265
2023;Prefeitura Municipal de São Francisco de Goiás - GO;5219902;GO;DCA-Anexo I-C;Padrão;Receitas Brutas Realizadas;RO1.7.1.4.53.0.0;1.7.1.4.53.0.0 - Transferências referentes ao Programa Nacional de Apoio ao Transporte do Escolar ¿ PNATE;27147,65;6265
2023;Prefeitura Municipal de São Francisco de Goiás - GO;5219902;GO;DCA-Anexo I-C;Padrão;Receitas Brutas Realizadas;RO1.7.1.4.99.0.0;1.7.1.4.99.0.0 - Outras Transferências Diretas do Fundo Nacional do Desenvolvimento da Educação - FNDE;67728,90;6265
2023;Prefeitura Municipal de São Francisco de Goiás - GO;5219902;GO;DCA-Anexo I-C;Padrão;Receitas Brutas Realizadas;RO1.7.1.5.00.0.0;1.7.1.5.00.0.0 - Transferências de Recursos de Complementação da União ao Fundo de Manutenção e Desenvolvimento da Educação Básica e de Valorização dos Profissionais da Educação ¿ FUNDEB ;448070,74;6265
2023;Prefeitura Municipal de São Francisco de Goiás - GO;5219902;GO;DCA-Anexo I-C;Padrão;Receitas Brutas Realizadas;RO1.7.1.6.00.0.0;1.7.1.6.00.0.0 - Transferências de Recursos do Fundo Nacional de Assistência Social ¿ FNAS;224184,91;6265
2023;Prefeitura Municipal de São Francisco de Goiás - GO;5219902;GO;DCA-Anexo I-C;Padrão;Receitas Brutas Realizadas;RO1.7.1.9.00.0.0;1.7.1.9.00.0.0 - Outras Transferências de Recursos da União e de suas Entidades;784278,92;6265
2023;Prefeitura Municipal de São Francisco de Goiás - GO;5219902;GO;DCA-Anexo I-C;Padrão;Deduções - FUNDEB;RO1.7.1.9.00.0.0;1.7.1.9.00.0.0 - Outras Transferências de Recursos da União e de suas Entidades;67535,85;6265
2023;Prefeitura Municipal de São Francisco de Goiás - GO;5219902;GO;DCA-Anexo I-C;Padrão;Receitas Brutas Realizadas;RO1.7.1.9.58.0.0;1.7.1.9.58.0.0 - Transferência Obrigatória Decorrente da Lei Complementar nº 176/2020;57944,88;6265
2023;Prefeitura Municipal de São Francisco de Goiás - GO;5219902;GO;DCA-Anexo I-C;Padrão;Receitas Brutas Realizadas;RO1.7.1.9.61.0.0;1.7.1.9.61.0.0 - Auxílio Financeiro - Outorga Crédito Tributário ICMS - Art. 5º, Inciso V, EC nº 123/2022;337679,18;6265
2023;Prefeitura Municipal de São Francisco de Goiás - GO;5219902;GO;DCA-Anexo I-C;Padrão;Deduções - FUNDEB;RO1.7.1.9.61.0.0;1.7.1.9.61.0.0 - Auxílio Financeiro - Outorga Crédito Tributário ICMS - Art. 5º, Inciso V, EC nº 123/2022;67535,85;6265
2023;Prefeitura Municipal de São Francisco de Goiás - GO;5219902;GO;DCA-Anexo I-C;Padrão;Receitas Brutas Realizadas;RO1.7.1.9.99.0.0;1.7.1.9.99.0.0 - Outras Transferências de Recursos da União e de suas Entidades;388654,86;6265
2023;Prefeitura Municipal de São Francisco de Goiás - GO;5219902;GO;DCA-Anexo I-C;Padrão;Receitas Brutas Realizadas;RO1.7.2.0.00.0.0;1.7.2.0.00.0.0 - Transferências dos Estados e do Distrito Federal e de suas Entidades;10131963,10;6265
2023;Prefeitura Municipal de São Francisco de Goiás - GO;5219902;GO;DCA-Anexo I-C;Padrão;Deduções - FUNDEB;RO1.7.2.0.00.0.0;1.7.2.0.00.0.0 - Transferências dos Estados e do Distrito Federal e de suas Entidades;1308290,49;6265
2023;Prefeitura Municipal de São Francisco de Goiás - GO;5219902;GO;DCA-Anexo I-C;Padrão;Outras Deduções da Receita;RO1.7.2.0.00.0.0;1.7.2.0.00.0.0 - Transferências dos Estados e do Distrito Federal e de suas Entidades;38902,44;6265
2023;Prefeitura Municipal de São Francisco de Goiás - GO;5219902;GO;DCA-Anexo I-C;Padrão;Receitas Brutas Realizadas;RO1.7.2.1.00.0.0;1.7.2.1.00.0.0 - Participação na Receita dos Estados e Distrito Federal;6544112,72;6265
2023;Prefeitura Municipal de São Francisco de Goiás - GO;5219902;GO;DCA-Anexo I-C;Padrão;Deduções - FUNDEB;RO1.7.2.1.00.0.0;1.7.2.1.00.0.0 - Participação na Receita dos Estados e Distrito Federal;1308290,49;6265
2023;Prefeitura Municipal de São Francisco de Goiás - GO;5219902;GO;DCA-Anexo I-C;Padrão;Receitas Brutas Realizadas;RO1.7.2.1.50.0.0;1.7.2.1.50.0.0 - Cota-Parte do ICMS;5834057,39;6265
2023;Prefeitura Municipal de São Francisco de Goiás - GO;5219902;GO;DCA-Anexo I-C;Padrão;Deduções - FUNDEB;RO1.7.2.1.50.0.0;1.7.2.1.50.0.0 - Cota-Parte do ICMS;1166811,56;6265
2023;Prefeitura Municipal de São Francisco de Goiás - GO;5219902;GO;DCA-Anexo I-C;Padrão;Receitas Brutas Realizadas;RO1.7.2.1.51.0.0;1.7.2.1.51.0.0 - Cota-Parte do IPVA;670379,74;6265
2023;Prefeitura Municipal de São Francisco de Goiás - GO;5219902;GO;DCA-Anexo I-C;Padrão;Deduções - FUNDEB;RO1.7.2.1.51.0.0;1.7.2.1.51.0.0 - Cota-Parte do IPVA;134076,30;6265
2023;Prefeitura Municipal de São Francisco de Goiás - GO;5219902;GO;DCA-Anexo I-C;Padrão;Receitas Brutas Realizadas;RO1.7.2.1.52.0.0;1.7.2.1.52.0.0 - Cota-Parte do IPI - Municípios;37013,12;6265
2023;Prefeitura Municipal de São Francisco de Goiás - GO;5219902;GO;DCA-Anexo I-C;Padrão;Deduções - FUNDEB;RO1.7.2.1.52.0.0;1.7.2.1.52.0.0 - Cota-Parte do IPI - Municípios;7402,63;6265
2023;Prefeitura Municipal de São Francisco de Goiás - GO;5219902;GO;DCA-Anexo I-C;Padrão;Receitas Brutas Realizadas;RO1.7.2.1.53.0.0;1.7.2.1.53.0.0 - Cota-Parte da Contribuição de Intervenção no Domínio Econômico;2662,47;6265
2023;Prefeitura Municipal de São Francisco de Goiás - GO;5219902;GO;DCA-Anexo I-C;Padrão;Receitas Brutas Realizadas;RO1.7.2.3.00.0.0;1.7.2.3.00.0.0 - Transferências de Recursos do Sistema Único de Saúde ¿ SUS;193901,04;6265
2023;Prefeitura Municipal de São Francisco de Goiás - GO;5219902;GO;DCA-Anexo I-C;Padrão;Receitas Brutas Realizadas;RO1.7.2.4.00.0.0;1.7.2.4.00.0.0 - Transferências de Convênios dos Estados e DF e de Suas Entidades;584100,00;6265
2023;Prefeitura Municipal de São Francisco de Goiás - GO;5219902;GO;DCA-Anexo I-C;Padrão;Receitas Brutas Realizadas;RO1.7.2.4.51.0.0;1.7.2.4.51.0.0 -Transferências de Convênios dos Estados Destinadas a Programas de Educação;254100,00;6265
2023;Prefeitura Municipal de São Francisco de Goiás - GO;5219902;GO;DCA-Anexo I-C;Padrão;Receitas Brutas Realizadas;RO1.7.2.4.99.0.0;1.7.2.4.99.0.0 - Outras Transferências de Convênios dos Estados e DF e de Suas Entidades;330000,00;6265
2023;Prefeitura Municipal de São Francisco de Goiás - GO;5219902;GO;DCA-Anexo I-C;Padrão;Receitas Brutas Realizadas;RO1.7.2.9.00.0.0;1.7.2.9.00.0.0 - Outras Transferências dos Estados e Distrito Federal;2809849,34;6265
2023;Prefeitura Municipal de São Francisco de Goiás - GO;5219902;GO;DCA-Anexo I-C;Padrão;Outras Deduções da Receita;RO1.7.2.9.00.0.0;1.7.2.9.00.0.0 - Outras Transferências dos Estados e Distrito Federal;38902,44;6265
2023;Prefeitura Municipal de São Francisco de Goiás - GO;5219902;GO;DCA-Anexo I-C;Padrão;Receitas Brutas Realizadas;RO1.7.2.9.51.0.0;1.7.2.9.51.0.0 - Transferências de Estados destinadas à Assistência Social;71317,32;6265
2023;Prefeitura Municipal de São Francisco de Goiás - GO;5219902;GO;DCA-Anexo I-C;Padrão;Receitas Brutas Realizadas;RO1.7.2.9.53.0.0;1.7.2.9.53.0.0 - Cota-Parte da Transferência da Compensação Financeira das Perdas com Arrecadação de ICMS - LC nº 194/2022;194512,19;6265
2023;Prefeitura Municipal de São Francisco de Goiás - GO;5219902;GO;DCA-Anexo I-C;Padrão;Outras Deduções da Receita;RO1.7.2.9.53.0.0;1.7.2.9.53.0.0 - Cota-Parte da Transferência da Compensação Financeira das Perdas com Arrecadação de ICMS - LC nº 194/2022;38902,44;6265
2023;Prefeitura Municipal de São Francisco de Goiás - GO;5219902;GO;DCA-Anexo I-C;Padrão;Receitas Brutas Realizadas;RO1.7.2.9.99.0.0;1.7.2.9.99.0.0 - Outras Transferências dos Estados e DF;2544019,83;6265
2023;Prefeitura Municipal de São Francisco de Goiás - GO;5219902;GO;DCA-Anexo I-C;Padrão;Receitas Brutas Realizadas;RO1.7.5.0.00.0.0;1.7.5.0.00.0.0 - Transferências de Outras Instituições Públicas;4397749,53;6265
2023;Prefeitura Municipal de São Francisco de Goiás - GO;5219902;GO;DCA-Anexo I-C;Padrão;Receitas Brutas Realizadas;RO1.7.5.1.00.0.0;1.7.5.1.00.0.0 - Transferências de Recursos do Fundo de Manutenção e Desenvolvimento da Educação Básica e de Valorização dos Profissionais da Educação - FUNDEB;4397749,53;6265
2023;Prefeitura Municipal de São Francisco de Goiás - GO;5219902;GO;DCA-Anexo I-C;Padrão;Receitas Brutas Realizadas;RO1.7.9.0.00.0.0;1.7.9.0.00.0.0 - Demais Transferências Correntes;89,77;6265
2023;Prefeitura Municipal de São Francisco de Goiás - GO;5219902;GO;DCA-Anexo I-C;Padrão;Receitas Brutas Realizadas;RO1.7.9.1.00.0.0;1.7.9.1.00.0.0 - Transferências de Pessoas Físicas;89,77;6265
2023;Prefeitura Municipal de São Francisco de Goiás - GO;5219902;GO;DCA-Anexo I-C;Padrão;Receitas Brutas Realizadas;RO1.7.9.1.99.0.0;1.7.9.1.99.0.0 - Outras Transferências de Pessoas Físicas;89,77;6265
2023;Prefeitura Municipal de São Francisco de Goiás - GO;5219902;GO;DCA-Anexo I-C;Padrão;Receitas Brutas Realizadas;RO1.9.0.0.00.0.0;1.9.0.0.00.0.0 - Outras Receitas Correntes;174188,48;6265
2023;Prefeitura Municipal de São Francisco de Goiás - GO;5219902;GO;DCA-Anexo I-C;Padrão;Receitas Brutas Realizadas;RO1.9.1.0.00.0.0;1.9.1.0.00.0.0 - Multas Administrativas, Contratuais e Judiciais;6000,00;6265
2023;Prefeitura Municipal de São Francisco de Goiás - GO;5219902;GO;DCA-Anexo I-C;Padrão;Receitas Brutas Realizadas;RO1.9.1.1.00.0.0;1.9.1.1.00.0.0 - Multas Administrativas, Contratuais e Judiciais;6000,00;6265
2023;Prefeitura Municipal de São Francisco de Goiás - GO;5219902;GO;DCA-Anexo I-C;Padrão;Receitas Brutas Realizadas;RO1.9.1.1.06.0.0;1.9.1.1.06.0.0 - Multas por Danos Ambientais;6000,00;6265
2023;Prefeitura Municipal de São Francisco de Goiás - GO;5219902;GO;DCA-Anexo I-C;Padrão;Receitas Brutas Realizadas;RO1.9.1.1.06.2.0;1.9.1.1.06.2.0 - Multas Judiciais por Danos Ambientais;6000,00;6265
2023;Prefeitura Municipal de São Francisco de Goiás - GO;5219902;GO;DCA-Anexo I-C;Padrão;Receitas Brutas Realizadas;RO1.9.2.0.00.0.0;1.9.2.0.00.0.0 - Indenizações, Restituições e Ressarcimentos;163800,06;6265
2023;Prefeitura Municipal de São Francisco de Goiás - GO;5219902;GO;DCA-Anexo I-C;Padrão;Receitas Brutas Realizadas;RO1.9.2.2.00.0.0;1.9.2.2.00.0.0 - Restituições;163800,06;6265
2023;Prefeitura Municipal de São Francisco de Goiás - GO;5219902;GO;DCA-Anexo I-C;Padrão;Receitas Brutas Realizadas;RO1.9.2.2.99.0.0;1.9.2.2.99.0.0 - Outras Restituições;163800,06;6265
2023;Prefeitura Municipal de São Francisco de Goiás - GO;5219902;GO;DCA-Anexo I-C;Padrão;Receitas Brutas Realizadas;RO1.9.9.0.00.0.0;1.9.9.0.00.0.0 - Demais Receitas Correntes;4388,42;6265
2023;Prefeitura Municipal de São Francisco de Goiás - GO;5219902;GO;DCA-Anexo I-C;Padrão;Receitas Brutas Realizadas;RO1.9.9.9.00.0.0;1.9.9.9.00.0.0 - Outras Receitas Correntes;4388,42;6265
2023;Prefeitura Municipal de São Francisco de Goiás - GO;5219902;GO;DCA-Anexo I-C;Padrão;Receitas Brutas Realizadas;RO1.9.9.9.99.0.0;1.9.9.9.99.0.0 - Outras Receitas;4388,42;6265
2023;Prefeitura Municipal de São Francisco de Goiás - GO;5219902;GO;DCA-Anexo I-C;Padrão;Receitas Brutas Realizadas;RO1.9.9.9.99.2.0;1.9.9.9.99.2.0 - Outras Receitas Não Arrecadadas e Não Projetadas pela RFB - Primárias;4388,42;6265
2023;Prefeitura Municipal de São Francisco de Goiás - GO;5219902;GO;DCA-Anexo I-C;Padrão;Receitas Brutas Realizadas;RO2.0.0.0.00.0.0;2.0.0.0.00.0.0 - Receitas de Capital;4885219,00;6265
2023;Prefeitura Municipal de São Francisco de Goiás - GO;5219902;GO;DCA-Anexo I-C;Padrão;Receitas Brutas Realizadas;RO2.1.0.0.00.0.0;2.1.0.0.00.0.0 - Operações de Crédito;1300000,00;6265
2023;Prefeitura Municipal de São Francisco de Goiás - GO;5219902;GO;DCA-Anexo I-C;Padrão;Receitas Brutas Realizadas;RO2.1.1.0.00.0.0;2.1.1.0.00.0.0 - Operações de Crédito - Mercado Interno;1300000,00;6265
2023;Prefeitura Municipal de São Francisco de Goiás - GO;5219902;GO;DCA-Anexo I-C;Padrão;Receitas Brutas Realizadas;RO2.1.1.2.00.0.0;2.1.1.2.00.0.0 - Operações de Crédito Contratuais - Mercado Interno;1300000,00;6265
2023;Prefeitura Municipal de São Francisco de Goiás - GO;5219902;GO;DCA-Anexo I-C;Padrão;Receitas Brutas Realizadas;RO2.1.1.2.54.0.0;2.1.1.2.54.0.0 - Operações de Crédito Internas para Programas de Modernização da Administração Pública;1300000,00;6265
2023;Prefeitura Municipal de São Francisco de Goiás - GO;5219902;GO;DCA-Anexo I-C;Padrão;Receitas Brutas Realizadas;RO2.4.0.0.00.0.0;2.4.0.0.00.0.0 - Transferências de Capital;3585219,00;6265
2023;Prefeitura Municipal de São Francisco de Goiás - GO;5219902;GO;DCA-Anexo I-C;Padrão;Receitas Brutas Realizadas;RO2.4.1.0.00.0.0;2.4.1.0.00.0.0 - Transferências da União e de suas Entidades;2987519,00;6265
2023;Prefeitura Municipal de São Francisco de Goiás - GO;5219902;GO;DCA-Anexo I-C;Padrão;Receitas Brutas Realizadas;RO2.4.1.4.00.0.0;2.4.1.4.00.0.0 - Transferências de Convênios da União e de suas Entidades ;2987519,00;6265
2023;Prefeitura Municipal de São Francisco de Goiás - GO;5219902;GO;DCA-Anexo I-C;Padrão;Receitas Brutas Realizadas;RO2.4.1.4.99.0.0;2.4.1.4.99.0.0 - Outras Transferências de Convênios da União e de Suas Entidades;2987519,00;6265
2023;Prefeitura Municipal de São Francisco de Goiás - GO;5219902;GO;DCA-Anexo I-C;Padrão;Receitas Brutas Realizadas;RO2.4.2.0.00.0.0;2.4.2.0.00.0.0 - Transferências dos Estados e do Distrito Federal e de suas Entidades;597700,00;6265
2023;Prefeitura Municipal de São Francisco de Goiás - GO;5219902;GO;DCA-Anexo I-C;Padrão;Receitas Brutas Realizadas;RO2.4.2.2.00.0.0;2.4.2.2.00.0.0 - Transferências de Convênios dos Estados e DF e de Suas Entidades ;597700,00;6265
2023;Prefeitura Municipal de São Francisco de Goiás - GO;5219902;GO;DCA-Anexo I-C;Padrão;Receitas Brutas Realizadas;RO2.4.2.2.50.0.0;2.4.2.2.50.0.0 - Transferências de Convênios dos Estados para o Sistema Único de Saúde ¿ SUS;25000,00;6265
2023;Prefeitura Municipal de São Francisco de Goiás - GO;5219902;GO;DCA-Anexo I-C;Padrão;Receitas Brutas Realizadas;RO2.4.2.2.51.0.0;2.4.2.2.51.0.0 - Transferências de Convênios dos Estados destinadas a Programas de Educação;100000,00;6265
2023;Prefeitura Municipal de São Francisco de Goiás - GO;5219902;GO;DCA-Anexo I-C;Padrão;Receitas Brutas Realizadas;RO2.4.2.2.99.0.0;2.4.2.2.99.0.0 - Outras Transferências de Convênios dos Estados e DF e de Suas Entidades;472700,00;6265
2023;Prefeitura Municipal de São Francisco de Goiás - GO;5219902;GO;DCA-Anexo I-C;Padrão;Receitas Brutas Realizadas;TotalReceitas;TOTAL DAS RECEITAS (III) = (I + II);44308214,37;6265
2023;Prefeitura Municipal de São Francisco de Goiás - GO;5219902;GO;DCA-Anexo I-C;Padrão;Deduções - FUNDEB;TotalReceitas;TOTAL DAS RECEITAS (III) = (I + II);3987125,63;6265
2023;Prefeitura Municipal de São Francisco de Goiás - GO;5219902;GO;DCA-Anexo I-C;Padrão;Outras Deduções da Receita;TotalReceitas;TOTAL DAS RECEITAS (III) = (I + II);38902,62;6265
2024;Prefeitura Municipal de São Francisco de Goiás - GO;5219902;GO;DCA-Anexo I-C;Padrão;Receitas Brutas Realizadas;ReceitasExcetoIntraOrcamentarias;RECEITAS (EXCETO INTRA-ORÇAMENTÁRIAS) (I);42722408,48;6379
2024;Prefeitura Municipal de São Francisco de Goiás - GO;5219902;GO;DCA-Anexo I-C;Padrão;Deduções - FUNDEB;ReceitasExcetoIntraOrcamentarias;RECEITAS (EXCETO INTRA-ORÇAMENTÁRIAS) (I);4596734,03;6379
2024;Prefeitura Municipal de São Francisco de Goiás - GO;5219902;GO;DCA-Anexo I-C;Padrão;Receitas Brutas Realizadas;RO1.0.0.0.00.0.0;1.0.0.0.00.0.0 - Receitas Correntes;39660937,22;6379
2024;Prefeitura Municipal de São Francisco de Goiás - GO;5219902;GO;DCA-Anexo I-C;Padrão;Deduções - FUNDEB;RO1.0.0.0.00.0.0;1.0.0.0.00.0.0 - Receitas Correntes;4596734,03;6379
2024;Prefeitura Municipal de São Francisco de Goiás - GO;5219902;GO;DCA-Anexo I-C;Padrão;Receitas Brutas Realizadas;RO1.1.0.0.00.0.0;1.1.0.0.00.0.0 - Impostos, Taxas e Contribuições de Melhoria;4158171,25;6379
2024;Prefeitura Municipal de São Francisco de Goiás - GO;5219902;GO;DCA-Anexo I-C;Padrão;Receitas Brutas Realizadas;RO1.1.1.0.00.0.0;1.1.1.0.00.0.0 - Impostos;3938711,85;6379
2024;Prefeitura Municipal de São Francisco de Goiás - GO;5219902;GO;DCA-Anexo I-C;Padrão;Receitas Brutas Realizadas;RO1.1.1.2.00.0.0;1.1.1.2.00.0.0 - Impostos sobre o Patrimônio;831940,39;6379
2024;Prefeitura Municipal de São Francisco de Goiás - GO;5219902;GO;DCA-Anexo I-C;Padrão;Receitas Brutas Realizadas;RO1.1.1.2.50.0.0;1.1.1.2.50.0.0 - Imposto sobre a Propriedade Predial e Territorial Urbana;142244,94;6379
2024;Prefeitura Municipal de São Francisco de Goiás - GO;5219902;GO;DCA-Anexo I-C;Padrão;Receitas Brutas Realizadas;RO1.1.1.2.53.0.0;"1.1.1.2.53.0.0 - Impostos sobre Transmissão ""Inter Vivos"" de Bens Imóveis e de Direitos Reais sobre Imóveis";689695,45;6379
2024;Prefeitura Municipal de São Francisco de Goiás - GO;5219902;GO;DCA-Anexo I-C;Padrão;Receitas Brutas Realizadas;RO1.1.1.3.00.0.0;1.1.1.3.00.0.0 - Impostos sobre a Renda e Proventos de Qualquer Natureza;1012534,68;6379
2024;Prefeitura Municipal de São Francisco de Goiás - GO;5219902;GO;DCA-Anexo I-C;Padrão;Receitas Brutas Realizadas;RO1.1.1.3.03.0.0;1.1.1.3.03.0.0 - Imposto sobre a Renda - Retido na Fonte;1012534,68;6379
2024;Prefeitura Municipal de São Francisco de Goiás - GO;5219902;GO;DCA-Anexo I-C;Padrão;Receitas Brutas Realizadas;RO1.1.1.3.03.1.0;1.1.1.3.03.1.0 - Imposto sobre a Renda - Retido na Fonte - Trabalho;1012534,68;6379
2024;Prefeitura Municipal de São Francisco de Goiás - GO;5219902;GO;DCA-Anexo I-C;Padrão;Receitas Brutas Realizadas;RO1.1.1.4.00.0.0;1.1.1.4.00.0.0 - Impostos sobre a Produção e Circulação de Mercadorias e Serviços;2094236,78;6379
2024;Prefeitura Municipal de São Francisco de Goiás - GO;5219902;GO;DCA-Anexo I-C;Padrão;Receitas Brutas Realizadas;RO1.1.1.4.51.0.0;1.1.1.4.51.0.0 - Impostos sobre Serviços;2094236,78;6379
2024;Prefeitura Municipal de São Francisco de Goiás - GO;5219902;GO;DCA-Anexo I-C;Padrão;Receitas Brutas Realizadas;RO1.1.1.4.51.1.0;1.1.1.4.51.1.0 - Imposto sobre Serviços de Qualquer Natureza - ISSQN;2094236,78;6379
2024;Prefeitura Municipal de São Francisco de Goiás - GO;5219902;GO;DCA-Anexo I-C;Padrão;Receitas Brutas Realizadas;RO1.1.2.0.00.0.0;1.1.2.0.00.0.0 - Taxas;219459,40;6379
2024;Prefeitura Municipal de São Francisco de Goiás - GO;5219902;GO;DCA-Anexo I-C;Padrão;Receitas Brutas Realizadas;RO1.1.2.1.00.0.0;1.1.2.1.00.0.0 - Taxas pelo Exercício do Poder de Polícia;218789,75;6379
2024;Prefeitura Municipal de São Francisco de Goiás - GO;5219902;GO;DCA-Anexo I-C;Padrão;Receitas Brutas Realizadas;RO1.1.2.1.01.0.0;1.1.2.1.01.0.0 - Taxas de Inspeção, Controle e Fiscalização;218789,75;6379
2024;Prefeitura Municipal de São Francisco de Goiás - GO;5219902;GO;DCA-Anexo I-C;Padrão;Receitas Brutas Realizadas;RO1.1.2.2.00.0.0;1.1.2.2.00.0.0 - Taxas pela Prestação de Serviços;669,65;6379
2024;Prefeitura Municipal de São Francisco de Goiás - GO;5219902;GO;DCA-Anexo I-C;Padrão;Receitas Brutas Realizadas;RO1.1.2.2.01.0.0;1.1.2.2.01.0.0 - Taxas pela Prestação de Serviços em Geral;669,65;6379
2024;Prefeitura Municipal de São Francisco de Goiás - GO;5219902;GO;DCA-Anexo I-C;Padrão;Receitas Brutas Realizadas;RO1.2.0.0.00.0.0;1.2.0.0.00.0.0 - Contribuições;522720,92;6379
2024;Prefeitura Municipal de São Francisco de Goiás - GO;5219902;GO;DCA-Anexo I-C;Padrão;Receitas Brutas Realizadas;RO1.2.4.0.00.0.0;1.2.4.0.00.0.0 - Contribuição para o Custeio do Serviço de Iluminação Pública;522720,92;6379
2024;Prefeitura Municipal de São Francisco de Goiás - GO;5219902;GO;DCA-Anexo I-C;Padrão;Receitas Brutas Realizadas;RO1.3.0.0.00.0.0;1.3.0.0.00.0.0 - Receita Patrimonial;477073,13;6379
2024;Prefeitura Municipal de São Francisco de Goiás - GO;5219902;GO;DCA-Anexo I-C;Padrão;Receitas Brutas Realizadas;RO1.3.2.0.00.0.0;1.3.2.0.00.0.0 - Valores Mobiliários;477073,13;6379
2024;Prefeitura Municipal de São Francisco de Goiás - GO;5219902;GO;DCA-Anexo I-C;Padrão;Receitas Brutas Realizadas;RO1.3.2.1.00.0.0;1.3.2.1.00.0.0 - Juros e Correções Monetárias;477073,13;6379
2024;Prefeitura Municipal de São Francisco de Goiás - GO;5219902;GO;DCA-Anexo I-C;Padrão;Receitas Brutas Realizadas;RO1.3.2.1.01.0.0;1.3.2.1.01.0.0 - Remuneração de Depósitos Bancários;477073,13;6379
2024;Prefeitura Municipal de São Francisco de Goiás - GO;5219902;GO;DCA-Anexo I-C;Padrão;Receitas Brutas Realizadas;RO1.6.0.0.00.0.0;1.6.0.0.00.0.0 - Receita de Serviços;63648,12;6379
2024;Prefeitura Municipal de São Francisco de Goiás - GO;5219902;GO;DCA-Anexo I-C;Padrão;Receitas Brutas Realizadas;RO1.6.9.0.00.0.0;1.6.9.0.00.0.0 - Outros Serviços;63648,12;6379
2024;Prefeitura Municipal de São Francisco de Goiás - GO;5219902;GO;DCA-Anexo I-C;Padrão;Receitas Brutas Realizadas;RO1.7.0.0.00.0.0;1.7.0.0.00.0.0 - Transferências Correntes;34359215,44;6379
2024;Prefeitura Municipal de São Francisco de Goiás - GO;5219902;GO;DCA-Anexo I-C;Padrão;Deduções - FUNDEB;RO1.7.0.0.00.0.0;1.7.0.0.00.0.0 - Transferências Correntes;4596734,03;6379
2024;Prefeitura Municipal de São Francisco de Goiás - GO;5219902;GO;DCA-Anexo I-C;Padrão;Receitas Brutas Realizadas;RO1.7.1.0.00.0.0;1.7.1.0.00.0.0 - Transferências da União e de suas Entidades;20544517,19;6379
2024;Prefeitura Municipal de São Francisco de Goiás - GO;5219902;GO;DCA-Anexo I-C;Padrão;Deduções - FUNDEB;RO1.7.1.0.00.0.0;1.7.1.0.00.0.0 - Transferências da União e de suas Entidades;3002167,97;6379
2024;Prefeitura Municipal de São Francisco de Goiás - GO;5219902;GO;DCA-Anexo I-C;Padrão;Receitas Brutas Realizadas;RO1.7.1.1.00.0.0;1.7.1.1.00.0.0 - Transferências Decorrentes de Participação na Receita da União;16549798,61;6379
2024;Prefeitura Municipal de São Francisco de Goiás - GO;5219902;GO;DCA-Anexo I-C;Padrão;Deduções - FUNDEB;RO1.7.1.1.00.0.0;1.7.1.1.00.0.0 - Transferências Decorrentes de Participação na Receita da União;3002167,97;6379
2024;Prefeitura Municipal de São Francisco de Goiás - GO;5219902;GO;DCA-Anexo I-C;Padrão;Receitas Brutas Realizadas;RO1.7.1.1.51.0.0;1.7.1.1.51.0.0 -Cota-Parte do Fundo de Participação dos Municípios - FPM;16446221,04;6379
2024;Prefeitura Municipal de São Francisco de Goiás - GO;5219902;GO;DCA-Anexo I-C;Padrão;Deduções - FUNDEB;RO1.7.1.1.51.0.0;1.7.1.1.51.0.0 -Cota-Parte do Fundo de Participação dos Municípios - FPM;2981452,62;6379
2024;Prefeitura Municipal de São Francisco de Goiás - GO;5219902;GO;DCA-Anexo I-C;Padrão;Receitas Brutas Realizadas;RO1.7.1.1.51.1.0;1.7.1.1.51.1.0 - Cota-Parte do Fundo de Participação dos Municípios - Cota Mensal;14907265,33;6379
2024;Prefeitura Municipal de São Francisco de Goiás - GO;5219902;GO;DCA-Anexo I-C;Padrão;Deduções - FUNDEB;RO1.7.1.1.51.1.0;1.7.1.1.51.1.0 - Cota-Parte do Fundo de Participação dos Municípios - Cota Mensal;2981452,62;6379
2024;Prefeitura Municipal de São Francisco de Goiás - GO;5219902;GO;DCA-Anexo I-C;Padrão;Receitas Brutas Realizadas;RO1.7.1.1.51.2.0;1.7.1.1.51.2.0 - Cota-Parte do Fundo de Participação dos Municípios - Cotas Extraordinárias;1538955,71;6379
2024;Prefeitura Municipal de São Francisco de Goiás - GO;5219902;GO;DCA-Anexo I-C;Padrão;Receitas Brutas Realizadas;RO1.7.1.1.52.0.0;1.7.1.1.52.0.0 - Cota-Parte do Imposto Sobre a Propriedade Territorial Rural;103577,57;6379
2024;Prefeitura Municipal de São Francisco de Goiás - GO;5219902;GO;DCA-Anexo I-C;Padrão;Deduções - FUNDEB;RO1.7.1.1.52.0.0;1.7.1.1.52.0.0 - Cota-Parte do Imposto Sobre a Propriedade Territorial Rural;20715,35;6379
2024;Prefeitura Municipal de São Francisco de Goiás - GO;5219902;GO;DCA-Anexo I-C;Padrão;Receitas Brutas Realizadas;RO1.7.1.2.00.0.0;1.7.1.2.00.0.0 -Transferências das Compensações Financeiras pela Exploração de Recursos Naturais;296681,60;6379
2024;Prefeitura Municipal de São Francisco de Goiás - GO;5219902;GO;DCA-Anexo I-C;Padrão;Receitas Brutas Realizadas;RO1.7.1.2.51.0.0;1.7.1.2.51.0.0 -Cota-parte da Compensação Financeira pela Exploração de Recursos Minerais - CFEM;563,64;6379
2024;Prefeitura Municipal de São Francisco de Goiás - GO;5219902;GO;DCA-Anexo I-C;Padrão;Receitas Brutas Realizadas;RO1.7.1.2.52.0.0;1.7.1.2.52.0.0 - Cota-parte da Compensação Financeira pela Produção de Petróleo;296117,96;6379
2024;Prefeitura Municipal de São Francisco de Goiás - GO;5219902;GO;DCA-Anexo I-C;Padrão;Receitas Brutas Realizadas;RO1.7.1.2.52.4.0;1.7.1.2.52.4.0 - Cota-Parte do Fundo Especial do Petróleo ¿ FEP;296117,96;6379
2024;Prefeitura Municipal de São Francisco de Goiás - GO;5219902;GO;DCA-Anexo I-C;Padrão;Receitas Brutas Realizadas;RO1.7.1.3.00.0.0;1.7.1.3.00.0.0 -Transferências de Recursos do Sistema Único de Saúde ¿ SUS ;2722134,90;6379
2024;Prefeitura Municipal de São Francisco de Goiás - GO;5219902;GO;DCA-Anexo I-C;Padrão;Receitas Brutas Realizadas;RO1.7.1.3.50.0.0;1.7.1.3.50.0.0 - Transferências de Recursos do Sistema Único de Saúde ¿ SUS ¿ Repasses Fundo a Fundo - Bloco de Manutenção das Ações e Serviços Públicos de Saúde;2722134,90;6379
2024;Prefeitura Municipal de São Francisco de Goiás - GO;5219902;GO;DCA-Anexo I-C;Padrão;Receitas Brutas Realizadas;RO1.7.1.3.50.1.0;1.7.1.3.50.1.0 - Transferências de Recursos do Bloco de Manutenção das Ações e Serviços Públicos de Saúde ¿ Atenção Primária;2123921,47;6379
2024;Prefeitura Municipal de São Francisco de Goiás - GO;5219902;GO;DCA-Anexo I-C;Padrão;Receitas Brutas Realizadas;RO1.7.1.3.50.2.0;1.7.1.3.50.2.0 - Transferências de Recursos do Bloco de Manutenção das Ações e Serviços Públicos de Saúde ¿ Atenção Especializada;88015,80;6379
2024;Prefeitura Municipal de São Francisco de Goiás - GO;5219902;GO;DCA-Anexo I-C;Padrão;Receitas Brutas Realizadas;RO1.7.1.3.50.3.0;1.7.1.3.50.3.0 - Transferências de Recursos do Bloco de Manutenção das Ações e Serviços Públicos de Saúde ¿ Vigilância em Saúde;171141,85;6379
2024;Prefeitura Municipal de São Francisco de Goiás - GO;5219902;GO;DCA-Anexo I-C;Padrão;Receitas Brutas Realizadas;RO1.7.1.3.50.4.0;1.7.1.3.50.4.0 -Transferências de Recursos do Bloco de Manutenção das Ações e Serviços Públicos de Saúde ¿ Assistência Farmacêutica;100175,96;6379
2024;Prefeitura Municipal de São Francisco de Goiás - GO;5219902;GO;DCA-Anexo I-C;Padrão;Receitas Brutas Realizadas;RO1.7.1.3.50.5.0;1.7.1.3.50.5.0 - Transferências de Recursos do Bloco de Manutenção das Ações e Serviços Públicos de Saúde ¿ Gestão do SUS;238879,82;6379
2024;Prefeitura Municipal de São Francisco de Goiás - GO;5219902;GO;DCA-Anexo I-C;Padrão;Receitas Brutas Realizadas;RO1.7.1.4.00.0.0;1.7.1.4.00.0.0 -Transferências de Recursos do Fundo Nacional do Desenvolvimento da Educação ¿ FNDE¿ ;465642,83;6379
2024;Prefeitura Municipal de São Francisco de Goiás - GO;5219902;GO;DCA-Anexo I-C;Padrão;Receitas Brutas Realizadas;RO1.7.1.4.50.0.0;1.7.1.4.50.0.0 - Transferências do Salário-Educação;273947,43;6379
2024;Prefeitura Municipal de São Francisco de Goiás - GO;5219902;GO;DCA-Anexo I-C;Padrão;Receitas Brutas Realizadas;RO1.7.1.4.52.0.0;1.7.1.4.52.0.0 - Transferências referentes ao Programa Nacional de Alimentação Escolar ¿ PNAE;98660,00;6379
2024;Prefeitura Municipal de São Francisco de Goiás - GO;5219902;GO;DCA-Anexo I-C;Padrão;Receitas Brutas Realizadas;RO1.7.1.4.53.0.0;1.7.1.4.53.0.0 - Transferências referentes ao Programa Nacional de Apoio ao Transporte do Escolar ¿ PNATE;25306,50;6379
2024;Prefeitura Municipal de São Francisco de Goiás - GO;5219902;GO;DCA-Anexo I-C;Padrão;Receitas Brutas Realizadas;RO1.7.1.4.99.0.0;1.7.1.4.99.0.0 - Outras Transferências Diretas do Fundo Nacional do Desenvolvimento da Educação - FNDE;67728,90;6379
2024;Prefeitura Municipal de São Francisco de Goiás - GO;5219902;GO;DCA-Anexo I-C;Padrão;Receitas Brutas Realizadas;RO1.7.1.5.00.0.0;1.7.1.5.00.0.0 - Transferências de Recursos de Complementação da União ao Fundo de Manutenção e Desenvolvimento da Educação Básica e de Valorização dos Profissionais da Educação ¿ FUNDEB ;84755,57;6379
2024;Prefeitura Municipal de São Francisco de Goiás - GO;5219902;GO;DCA-Anexo I-C;Padrão;Receitas Brutas Realizadas;RO1.7.1.6.00.0.0;1.7.1.6.00.0.0 - Transferências de Recursos do Fundo Nacional de Assistência Social ¿ FNAS;218914,71;6379
2024;Prefeitura Municipal de São Francisco de Goiás - GO;5219902;GO;DCA-Anexo I-C;Padrão;Receitas Brutas Realizadas;RO1.7.1.7.00.0.0;1.7.1.7.00.0.0 - Transferências de Convênios da União e de Suas Entidades;80000,00;6379
2024;Prefeitura Municipal de São Francisco de Goiás - GO;5219902;GO;DCA-Anexo I-C;Padrão;Receitas Brutas Realizadas;RO1.7.1.7.99.0.0;1.7.1.7.99.0.0 - Outras Transferências de Convênios da União e de Suas Entidades;80000,00;6379
2024;Prefeitura Municipal de São Francisco de Goiás - GO;5219902;GO;DCA-Anexo I-C;Padrão;Receitas Brutas Realizadas;RO1.7.1.9.00.0.0;1.7.1.9.00.0.0 - Outras Transferências de Recursos da União e de suas Entidades;126588,97;6379
2024;Prefeitura Municipal de São Francisco de Goiás - GO;5219902;GO;DCA-Anexo I-C;Padrão;Receitas Brutas Realizadas;RO1.7.1.9.58.0.0;1.7.1.9.58.0.0 - Transferência Obrigatória Decorrente da Lei Complementar nº 176/2020;66183,00;6379
2024;Prefeitura Municipal de São Francisco de Goiás - GO;5219902;GO;DCA-Anexo I-C;Padrão;Receitas Brutas Realizadas;RO1.7.1.9.60.0.0;1.7.1.9.60.0.0 - Transferências da Política Nacional Aldir Blanc de Fomento à Cultura - Lei nº 14.399/2022;60405,97;6379
2024;Prefeitura Municipal de São Francisco de Goiás - GO;5219902;GO;DCA-Anexo I-C;Padrão;Receitas Brutas Realizadas;RO1.7.2.0.00.0.0;1.7.2.0.00.0.0 - Transferências dos Estados e do Distrito Federal e de suas Entidades;8761667,99;6379
2024;Prefeitura Municipal de São Francisco de Goiás - GO;5219902;GO;DCA-Anexo I-C;Padrão;Deduções - FUNDEB;RO1.7.2.0.00.0.0;1.7.2.0.00.0.0 - Transferências dos Estados e do Distrito Federal e de suas Entidades;1594566,06;6379
2024;Prefeitura Municipal de São Francisco de Goiás - GO;5219902;GO;DCA-Anexo I-C;Padrão;Receitas Brutas Realizadas;RO1.7.2.1.00.0.0;1.7.2.1.00.0.0 - Participação na Receita dos Estados e Distrito Federal;7991601,12;6379
2024;Prefeitura Municipal de São Francisco de Goiás - GO;5219902;GO;DCA-Anexo I-C;Padrão;Deduções - FUNDEB;RO1.7.2.1.00.0.0;1.7.2.1.00.0.0 - Participação na Receita dos Estados e Distrito Federal;1594566,06;6379
2024;Prefeitura Municipal de São Francisco de Goiás - GO;5219902;GO;DCA-Anexo I-C;Padrão;Receitas Brutas Realizadas;RO1.7.2.1.50.0.0;1.7.2.1.50.0.0 - Cota-Parte do ICMS;7245349,69;6379
2024;Prefeitura Municipal de São Francisco de Goiás - GO;5219902;GO;DCA-Anexo I-C;Padrão;Deduções - FUNDEB;RO1.7.2.1.50.0.0;1.7.2.1.50.0.0 - Cota-Parte do ICMS;1449070,60;6379
2024;Prefeitura Municipal de São Francisco de Goiás - GO;5219902;GO;DCA-Anexo I-C;Padrão;Receitas Brutas Realizadas;RO1.7.2.1.51.0.0;1.7.2.1.51.0.0 - Cota-Parte do IPVA;677372,96;6379
2024;Prefeitura Municipal de São Francisco de Goiás - GO;5219902;GO;DCA-Anexo I-C;Padrão;Deduções - FUNDEB;RO1.7.2.1.51.0.0;1.7.2.1.51.0.0 - Cota-Parte do IPVA;135475,30;6379
2024;Prefeitura Municipal de São Francisco de Goiás - GO;5219902;GO;DCA-Anexo I-C;Padrão;Receitas Brutas Realizadas;RO1.7.2.1.52.0.0;1.7.2.1.52.0.0 - Cota-Parte do IPI - Municípios;50100,79;6379
2024;Prefeitura Municipal de São Francisco de Goiás - GO;5219902;GO;DCA-Anexo I-C;Padrão;Deduções - FUNDEB;RO1.7.2.1.52.0.0;1.7.2.1.52.0.0 - Cota-Parte do IPI - Municípios;10020,16;6379
2024;Prefeitura Municipal de São Francisco de Goiás - GO;5219902;GO;DCA-Anexo I-C;Padrão;Receitas Brutas Realizadas;RO1.7.2.1.53.0.0;1.7.2.1.53.0.0 - Cota-Parte da Contribuição de Intervenção no Domínio Econômico;18777,68;6379
2024;Prefeitura Municipal de São Francisco de Goiás - GO;5219902;GO;DCA-Anexo I-C;Padrão;Receitas Brutas Realizadas;RO1.7.2.3.00.0.0;1.7.2.3.00.0.0 - Transferências de Recursos do Sistema Único de Saúde ¿ SUS;293966,87;6379
2024;Prefeitura Municipal de São Francisco de Goiás - GO;5219902;GO;DCA-Anexo I-C;Padrão;Receitas Brutas Realizadas;RO1.7.2.4.00.0.0;1.7.2.4.00.0.0 - Transferências de Convênios dos Estados e DF e de Suas Entidades;404100,00;6379
2024;Prefeitura Municipal de São Francisco de Goiás - GO;5219902;GO;DCA-Anexo I-C;Padrão;Receitas Brutas Realizadas;RO1.7.2.4.51.0.0;1.7.2.4.51.0.0 -Transferências de Convênios dos Estados Destinadas a Programas de Educação;254100,00;6379
2024;Prefeitura Municipal de São Francisco de Goiás - GO;5219902;GO;DCA-Anexo I-C;Padrão;Receitas Brutas Realizadas;RO1.7.2.4.99.0.0;1.7.2.4.99.0.0 - Outras Transferências de Convênios dos Estados e DF e de Suas Entidades;150000,00;6379
2024;Prefeitura Municipal de São Francisco de Goiás - GO;5219902;GO;DCA-Anexo I-C;Padrão;Receitas Brutas Realizadas;RO1.7.2.9.00.0.0;1.7.2.9.00.0.0 - Outras Transferências dos Estados e Distrito Federal;72000,00;6379
2024;Prefeitura Municipal de São Francisco de Goiás - GO;5219902;GO;DCA-Anexo I-C;Padrão;Receitas Brutas Realizadas;RO1.7.2.9.51.0.0;1.7.2.9.51.0.0 - Transferências de Estados destinadas à Assistência Social;72000,00;6379
2024;Prefeitura Municipal de São Francisco de Goiás - GO;5219902;GO;DCA-Anexo I-C;Padrão;Receitas Brutas Realizadas;RO1.7.5.0.00.0.0;1.7.5.0.00.0.0 - Transferências de Outras Instituições Públicas;5043056,19;6379
2024;Prefeitura Municipal de São Francisco de Goiás - GO;5219902;GO;DCA-Anexo I-C;Padrão;Receitas Brutas Realizadas;RO1.7.5.1.00.0.0;1.7.5.1.00.0.0 - Transferências de Recursos do Fundo de Manutenção e Desenvolvimento da Educação Básica e de Valorização dos Profissionais da Educação - FUNDEB;5043056,19;6379
2024;Prefeitura Municipal de São Francisco de Goiás - GO;5219902;GO;DCA-Anexo I-C;Padrão;Receitas Brutas Realizadas;RO1.7.9.0.00.0.0;1.7.9.0.00.0.0 - Demais Transferências Correntes;9974,07;6379
2024;Prefeitura Municipal de São Francisco de Goiás - GO;5219902;GO;DCA-Anexo I-C;Padrão;Receitas Brutas Realizadas;RO1.7.9.1.00.0.0;1.7.9.1.00.0.0 - Transferências de Pessoas Físicas;9974,07;6379
2024;Prefeitura Municipal de São Francisco de Goiás - GO;5219902;GO;DCA-Anexo I-C;Padrão;Receitas Brutas Realizadas;RO1.7.9.1.99.0.0;1.7.9.1.99.0.0 - Outras Transferências de Pessoas Físicas;9974,07;6379
2024;Prefeitura Municipal de São Francisco de Goiás - GO;5219902;GO;DCA-Anexo I-C;Padrão;Receitas Brutas Realizadas;RO1.9.0.0.00.0.0;1.9.0.0.00.0.0 - Outras Receitas Correntes;80108,36;6379
2024;Prefeitura Municipal de São Francisco de Goiás - GO;5219902;GO;DCA-Anexo I-C;Padrão;Receitas Brutas Realizadas;RO1.9.1.0.00.0.0;1.9.1.0.00.0.0 - Multas Administrativas, Contratuais e Judiciais;72760,11;6379
2024;Prefeitura Municipal de São Francisco de Goiás - GO;5219902;GO;DCA-Anexo I-C;Padrão;Receitas Brutas Realizadas;RO1.9.1.1.00.0.0;1.9.1.1.00.0.0 - Multas Administrativas, Contratuais e Judiciais;72760,11;6379
2024;Prefeitura Municipal de São Francisco de Goiás - GO;5219902;GO;DCA-Anexo I-C;Padrão;Receitas Brutas Realizadas;RO1.9.1.1.06.0.0;1.9.1.1.06.0.0 - Multas por Danos Ambientais;9012,00;6379
2024;Prefeitura Municipal de São Francisco de Goiás - GO;5219902;GO;DCA-Anexo I-C;Padrão;Receitas Brutas Realizadas;RO1.9.1.1.06.1.0;1.9.1.1.06.1.0 - Multas Administrativas por Danos Ambientais;9012,00;6379
2024;Prefeitura Municipal de São Francisco de Goiás - GO;5219902;GO;DCA-Anexo I-C;Padrão;Receitas Brutas Realizadas;RO1.9.1.1.08.0.0;1.9.1.1.08.0.0 - Multas Decorrentes de Sentenças Judiciais;63748,11;6379
2024;Prefeitura Municipal de São Francisco de Goiás - GO;5219902;GO;DCA-Anexo I-C;Padrão;Receitas Brutas Realizadas;RO1.9.2.0.00.0.0;1.9.2.0.00.0.0 - Indenizações, Restituições e Ressarcimentos;7348,25;6379
2024;Prefeitura Municipal de São Francisco de Goiás - GO;5219902;GO;DCA-Anexo I-C;Padrão;Receitas Brutas Realizadas;RO1.9.2.2.00.0.0;1.9.2.2.00.0.0 - Restituições;7348,25;6379
2024;Prefeitura Municipal de São Francisco de Goiás - GO;5219902;GO;DCA-Anexo I-C;Padrão;Receitas Brutas Realizadas;RO1.9.2.2.99.0.0;1.9.2.2.99.0.0 - Outras Restituições;7348,25;6379
2024;Prefeitura Municipal de São Francisco de Goiás - GO;5219902;GO;DCA-Anexo I-C;Padrão;Receitas Brutas Realizadas;RO2.0.0.0.00.0.0;2.0.0.0.00.0.0 - Receitas de Capital;3061471,26;6379
2024;Prefeitura Municipal de São Francisco de Goiás - GO;5219902;GO;DCA-Anexo I-C;Padrão;Receitas Brutas Realizadas;RO2.2.0.0.00.0.0;2.2.0.0.00.0.0 - Alienação de Bens;611082,50;6379
2024;Prefeitura Municipal de São Francisco de Goiás - GO;5219902;GO;DCA-Anexo I-C;Padrão;Receitas Brutas Realizadas;RO2.2.1.0.00.0.0;2.2.1.0.00.0.0 - Alienação de Bens Móveis;405050,00;6379
2024;Prefeitura Municipal de São Francisco de Goiás - GO;5219902;GO;DCA-Anexo I-C;Padrão;Receitas Brutas Realizadas;RO2.2.1.3.00.0.0;2.2.1.3.00.0.0 - Alienação de Bens Móveis e Semoventes;405050,00;6379
2024;Prefeitura Municipal de São Francisco de Goiás - GO;5219902;GO;DCA-Anexo I-C;Padrão;Receitas Brutas Realizadas;RO2.2.2.0.00.0.0;2.2.2.0.00.0.0 - Alienação de Bens Imóveis;206032,50;6379
2024;Prefeitura Municipal de São Francisco de Goiás - GO;5219902;GO;DCA-Anexo I-C;Padrão;Receitas Brutas Realizadas;RO2.4.0.0.00.0.0;2.4.0.0.00.0.0 - Transferências de Capital;2450388,76;6379
2024;Prefeitura Municipal de São Francisco de Goiás - GO;5219902;GO;DCA-Anexo I-C;Padrão;Receitas Brutas Realizadas;RO2.4.1.0.00.0.0;2.4.1.0.00.0.0 - Transferências da União e de suas Entidades;1110388,76;6379
2024;Prefeitura Municipal de São Francisco de Goiás - GO;5219902;GO;DCA-Anexo I-C;Padrão;Receitas Brutas Realizadas;RO2.4.1.1.00.0.0;2.4.1.1.00.0.0 - Transferências de Recursos do Sistema Único de Saúde - SUS;29092,64;6379
2024;Prefeitura Municipal de São Francisco de Goiás - GO;5219902;GO;DCA-Anexo I-C;Padrão;Receitas Brutas Realizadas;RO2.4.1.1.51.0.0;2.4.1.1.51.0.0 - Transferências de Recursos do Sistema Único de Saúde ¿ SUS - Fundo a Fundo - Bloco de Estruturação da Rede de Serviços Públicos de Saúde;29092,64;6379
2024;Prefeitura Municipal de São Francisco de Goiás - GO;5219902;GO;DCA-Anexo I-C;Padrão;Receitas Brutas Realizadas;RO2.4.1.1.51.3.0;2.4.1.1.51.3.0 - Transferências de Recursos do Bloco de Estruturação da Rede de Serviços Públicos de Saúde - Assistência Farmacêutica;29092,64;6379
2024;Prefeitura Municipal de São Francisco de Goiás - GO;5219902;GO;DCA-Anexo I-C;Padrão;Receitas Brutas Realizadas;RO2.4.1.4.00.0.0;2.4.1.4.00.0.0 - Transferências de Convênios da União e de suas Entidades ;581296,12;6379
2024;Prefeitura Municipal de São Francisco de Goiás - GO;5219902;GO;DCA-Anexo I-C;Padrão;Receitas Brutas Realizadas;RO2.4.1.4.51.0.0;2.4.1.4.51.0.0 - Transferências de Convênios da União destinadas a Programas de Educação;581296,12;6379
2024;Prefeitura Municipal de São Francisco de Goiás - GO;5219902;GO;DCA-Anexo I-C;Padrão;Receitas Brutas Realizadas;RO2.4.1.9.00.0.0;2.4.1.9.00.0.0 - Outras Transferências de Recursos da União e de suas Entidades;500000,00;6379
2024;Prefeitura Municipal de São Francisco de Goiás - GO;5219902;GO;DCA-Anexo I-C;Padrão;Receitas Brutas Realizadas;RO2.4.1.9.51.0.0;2.4.1.9.51.0.0 - Transferência Especial da União;500000,00;6379
2024;Prefeitura Municipal de São Francisco de Goiás - GO;5219902;GO;DCA-Anexo I-C;Padrão;Receitas Brutas Realizadas;RO2.4.2.0.00.0.0;2.4.2.0.00.0.0 - Transferências dos Estados e do Distrito Federal e de suas Entidades;1340000,00;6379
2024;Prefeitura Municipal de São Francisco de Goiás - GO;5219902;GO;DCA-Anexo I-C;Padrão;Receitas Brutas Realizadas;RO2.4.2.2.00.0.0;2.4.2.2.00.0.0 - Transferências de Convênios dos Estados e DF e de Suas Entidades ;1340000,00;6379
2024;Prefeitura Municipal de São Francisco de Goiás - GO;5219902;GO;DCA-Anexo I-C;Padrão;Receitas Brutas Realizadas;RO2.4.2.2.99.0.0;2.4.2.2.99.0.0 - Outras Transferências de Convênios dos Estados e DF e de Suas Entidades;1340000,00;6379
2024;Prefeitura Municipal de São Francisco de Goiás - GO;5219902;GO;DCA-Anexo I-C;Padrão;Receitas Brutas Realizadas;TotalReceitas;TOTAL DAS RECEITAS (III) = (I + II);42722408,48;6379
2024;Prefeitura Municipal de São Francisco de Goiás - GO;5219902;GO;DCA-Anexo I-C;Padrão;Deduções - FUNDEB;TotalReceitas;TOTAL DAS RECEITAS (III) = (I + II);4596734,03;6379
