exercicio;instituicao;cod_ibge;uf;anexo;rotulo;coluna;cod_conta;conta;valor;populacao
2014;Prefeitura Municipal de Ilhota - SC;4207106;SC;DCA-Anexo I-C;NA;Receitas Brutas Realizadas;TotalReceitas;Total Receitas;35220664,08;13309
2014;Prefeitura Municipal de Ilhota - SC;4207106;SC;DCA-Anexo I-C;NA;Deduções - FUNDEB;TotalReceitas;Total Receitas;3307409,05;13309
2014;Prefeitura Municipal de Ilhota - SC;4207106;SC;DCA-Anexo I-C;NA;Outras Deduções da Receita;TotalReceitas;Total Receitas;77854,58;13309
2014;Prefeitura Municipal de Ilhota - SC;4207106;SC;DCA-Anexo I-C;NA;Receitas Brutas Realizadas;RO1.0.0.0.00.00.00;1.0.0.0.00.00.00 - Receitas Correntes;33164323,05;13309
2014;Prefeitura Municipal de Ilhota - SC;4207106;SC;DCA-Anexo I-C;NA;Deduções - FUNDEB;RO1.0.0.0.00.00.00;1.0.0.0.00.00.00 - Receitas Correntes;3307409,05;13309
2014;Prefeitura Municipal de Ilhota - SC;4207106;SC;DCA-Anexo I-C;NA;Outras Deduções da Receita;RO1.0.0.0.00.00.00;1.0.0.0.00.00.00 - Receitas Correntes;9525,15;13309
2014;Prefeitura Municipal de Ilhota - SC;4207106;SC;DCA-Anexo I-C;NA;Receitas Brutas Realizadas;RO1.1.0.0.00.00.00;1.1.0.0.00.00.00 - Receita Tributária;2823271,85;13309
2014;Prefeitura Municipal de Ilhota - SC;4207106;SC;DCA-Anexo I-C;NA;Receitas Brutas Realizadas;RO1.1.1.0.00.00.00;1.1.1.0.00.00.00 - Impostos;2169990,55;13309
2014;Prefeitura Municipal de Ilhota - SC;4207106;SC;DCA-Anexo I-C;NA;Receitas Brutas Realizadas;RO1.1.1.2.00.00.00;1.1.1.2.00.00.00 - Impostos sobre o Patrimônio e a Renda;1245278,71;13309
2014;Prefeitura Municipal de Ilhota - SC;4207106;SC;DCA-Anexo I-C;NA;Receitas Brutas Realizadas;RO1.1.1.2.02.00.00;1.1.1.2.02.00.00 - Imposto sobre a Propriedade Predial e Territorial Urbana ¿ IPTU;445038,28;13309
2014;Prefeitura Municipal de Ilhota - SC;4207106;SC;DCA-Anexo I-C;NA;Receitas Brutas Realizadas;RO1.1.1.2.04.00.00;1.1.1.2.04.00.00 - Imposto sobre a Renda e Proventos de Qualquer Natureza ¿ IR;563738,13;13309
2014;Prefeitura Municipal de Ilhota - SC;4207106;SC;DCA-Anexo I-C;NA;Receitas Brutas Realizadas;RO1.1.1.2.04.31.00;1.1.1.2.04.31.00 - Retido nas Fontes - Trabalho;563738,13;13309
2014;Prefeitura Municipal de Ilhota - SC;4207106;SC;DCA-Anexo I-C;NA;Receitas Brutas Realizadas;RO1.1.1.2.08.00.00;"1.1.1.2.08.00.00 - Imposto sobre Transmissão ""Inter Vivos"" de Bens Imóveis e de Direitos Reais sobre Imóveis ¿ ITBI";236502,30;13309
2014;Prefeitura Municipal de Ilhota - SC;4207106;SC;DCA-Anexo I-C;NA;Receitas Brutas Realizadas;RO1.1.1.3.00.00.00;1.1.1.3.00.00.00 - Impostos sobre a Produção e a Circulação;924711,84;13309
2014;Prefeitura Municipal de Ilhota - SC;4207106;SC;DCA-Anexo I-C;NA;Receitas Brutas Realizadas;RO1.1.1.3.05.00.00;1.1.1.3.05.00.00 - Imposto sobre Serviços de Qualquer Natureza ¿ ISSQN;924711,84;13309
2014;Prefeitura Municipal de Ilhota - SC;4207106;SC;DCA-Anexo I-C;NA;Receitas Brutas Realizadas;RO1.1.2.0.00.00.00;1.1.2.0.00.00.00 - Taxas;653281,30;13309
2014;Prefeitura Municipal de Ilhota - SC;4207106;SC;DCA-Anexo I-C;NA;Receitas Brutas Realizadas;RO1.1.2.1.00.00.00;1.1.2.1.00.00.00 - Taxas pelo Exercício do Poder de Polícia;188565,40;13309
2014;Prefeitura Municipal de Ilhota - SC;4207106;SC;DCA-Anexo I-C;NA;Receitas Brutas Realizadas;RO1.1.2.2.00.00.00;1.1.2.2.00.00.00 - Taxas pela Prestação de Serviços;464715,90;13309
2014;Prefeitura Municipal de Ilhota - SC;4207106;SC;DCA-Anexo I-C;NA;Receitas Brutas Realizadas;RO1.2.0.0.00.00.00;1.2.0.0.00.00.00 - Receitas de Contribuições;1080070,98;13309
2014;Prefeitura Municipal de Ilhota - SC;4207106;SC;DCA-Anexo I-C;NA;Receitas Brutas Realizadas;RO1.2.1.0.00.00.00;1.2.1.0.00.00.00 - Contribuições Sociais;451391,33;13309
2014;Prefeitura Municipal de Ilhota - SC;4207106;SC;DCA-Anexo I-C;NA;Receitas Brutas Realizadas;RO1.2.1.0.29.00.00;1.2.1.0.29.00.00 - Contribuições para o Regime Próprio de Previdência do Servidor Público;451391,33;13309
2014;Prefeitura Municipal de Ilhota - SC;4207106;SC;DCA-Anexo I-C;NA;Receitas Brutas Realizadas;RO1.2.1.0.29.01.00;1.2.1.0.29.01.00 - Contribuição Patronal de Servidor Ativo Civil para o Regime Próprio;451391,33;13309
2014;Prefeitura Municipal de Ilhota - SC;4207106;SC;DCA-Anexo I-C;NA;Receitas Brutas Realizadas;RO1.2.2.0.00.00.00;1.2.2.0.00.00.00 - Contribuições de Intervenção no Domínio Econômico;628679,65;13309
2014;Prefeitura Municipal de Ilhota - SC;4207106;SC;DCA-Anexo I-C;NA;Receitas Brutas Realizadas;RO1.3.0.0.00.00.00;1.3.0.0.00.00.00 - Receita Patrimonial;1209511,28;13309
2014;Prefeitura Municipal de Ilhota - SC;4207106;SC;DCA-Anexo I-C;NA;Receitas Brutas Realizadas;RO1.3.2.0.00.00.00;1.3.2.0.00.00.00 - Receitas de Valores Mobiliários;1209511,28;13309
2014;Prefeitura Municipal de Ilhota - SC;4207106;SC;DCA-Anexo I-C;NA;Receitas Brutas Realizadas;RO1.3.2.5.00.00.00;1.3.2.5.00.00.00 - Remuneração de Depósitos Bancários;207493,71;13309
2014;Prefeitura Municipal de Ilhota - SC;4207106;SC;DCA-Anexo I-C;NA;Receitas Brutas Realizadas;RO1.3.2.8.00.00.00;1.3.2.8.00.00.00 - Remuneração dos Investimentos do Regime Próprio de Previdência do Servidor;1002017,57;13309
2014;Prefeitura Municipal de Ilhota - SC;4207106;SC;DCA-Anexo I-C;NA;Receitas Brutas Realizadas;RO1.7.0.0.00.00.00;1.7.0.0.00.00.00 - Transferências Correntes;27716888,46;13309
2014;Prefeitura Municipal de Ilhota - SC;4207106;SC;DCA-Anexo I-C;NA;Deduções - FUNDEB;RO1.7.0.0.00.00.00;1.7.0.0.00.00.00 - Transferências Correntes;3307234,83;13309
2014;Prefeitura Municipal de Ilhota - SC;4207106;SC;DCA-Anexo I-C;NA;Outras Deduções da Receita;RO1.7.0.0.00.00.00;1.7.0.0.00.00.00 - Transferências Correntes;9525,15;13309
2014;Prefeitura Municipal de Ilhota - SC;4207106;SC;DCA-Anexo I-C;NA;Receitas Brutas Realizadas;RO1.7.2.0.00.00.00;1.7.2.0.00.00.00 - Transferências Intergovernamentais;27601714,15;13309
2014;Prefeitura Municipal de Ilhota - SC;4207106;SC;DCA-Anexo I-C;NA;Deduções - FUNDEB;RO1.7.2.0.00.00.00;1.7.2.0.00.00.00 - Transferências Intergovernamentais;3307234,83;13309
2014;Prefeitura Municipal de Ilhota - SC;4207106;SC;DCA-Anexo I-C;NA;Outras Deduções da Receita;RO1.7.2.0.00.00.00;1.7.2.0.00.00.00 - Transferências Intergovernamentais;9525,15;13309
2014;Prefeitura Municipal de Ilhota - SC;4207106;SC;DCA-Anexo I-C;NA;Receitas Brutas Realizadas;RO1.7.2.1.00.00.00;1.7.2.1.00.00.00 - Transferências da União;11628460,55;13309
2014;Prefeitura Municipal de Ilhota - SC;4207106;SC;DCA-Anexo I-C;NA;Deduções - FUNDEB;RO1.7.2.1.00.00.00;1.7.2.1.00.00.00 - Transferências da União;1520766,67;13309
2014;Prefeitura Municipal de Ilhota - SC;4207106;SC;DCA-Anexo I-C;NA;Outras Deduções da Receita;RO1.7.2.1.00.00.00;1.7.2.1.00.00.00 - Transferências da União;485,29;13309
2014;Prefeitura Municipal de Ilhota - SC;4207106;SC;DCA-Anexo I-C;NA;Receitas Brutas Realizadas;RO1.7.2.1.01.00.00;1.7.2.1.01.00.00 - Participação na Receita da União;7905470,70;13309
2014;Prefeitura Municipal de Ilhota - SC;4207106;SC;DCA-Anexo I-C;NA;Deduções - FUNDEB;RO1.7.2.1.01.00.00;1.7.2.1.01.00.00 - Participação na Receita da União;1514160,33;13309
2014;Prefeitura Municipal de Ilhota - SC;4207106;SC;DCA-Anexo I-C;NA;Outras Deduções da Receita;RO1.7.2.1.01.00.00;1.7.2.1.01.00.00 - Participação na Receita da União;485,29;13309
2014;Prefeitura Municipal de Ilhota - SC;4207106;SC;DCA-Anexo I-C;NA;Receitas Brutas Realizadas;RO1.7.2.1.01.02.00;1.7.2.1.01.02.00 - Cota-Parte do Fundo de Participação dos Municípios ¿ FPM;7872686,80;13309
2014;Prefeitura Municipal de Ilhota - SC;4207106;SC;DCA-Anexo I-C;NA;Deduções - FUNDEB;RO1.7.2.1.01.02.00;1.7.2.1.01.02.00 - Cota-Parte do Fundo de Participação dos Municípios ¿ FPM;1508086,46;13309
2014;Prefeitura Municipal de Ilhota - SC;4207106;SC;DCA-Anexo I-C;NA;Receitas Brutas Realizadas;RO1.7.2.1.01.05.00;1.7.2.1.01.05.00 - Cota-Parte do Imposto Sobre a Propriedade Territorial Rural ¿ ITR;32783,90;13309
2014;Prefeitura Municipal de Ilhota - SC;4207106;SC;DCA-Anexo I-C;NA;Deduções - FUNDEB;RO1.7.2.1.01.05.00;1.7.2.1.01.05.00 - Cota-Parte do Imposto Sobre a Propriedade Territorial Rural ¿ ITR;6073,87;13309
2014;Prefeitura Municipal de Ilhota - SC;4207106;SC;DCA-Anexo I-C;NA;Outras Deduções da Receita;RO1.7.2.1.01.05.00;1.7.2.1.01.05.00 - Cota-Parte do Imposto Sobre a Propriedade Territorial Rural ¿ ITR;485,29;13309
2014;Prefeitura Municipal de Ilhota - SC;4207106;SC;DCA-Anexo I-C;NA;Receitas Brutas Realizadas;RO1.7.2.1.22.00.00;1.7.2.1.22.00.00 - Transferências da Compensação Financeira pela Exploração de Recursos Naturais;143396,41;13309
2014;Prefeitura Municipal de Ilhota - SC;4207106;SC;DCA-Anexo I-C;NA;Receitas Brutas Realizadas;RO1.7.2.1.22.20.00;1.7.2.1.22.20.00 - Cota-Parte da Compensação Financeira de Recursos Minerais - CFEM;25857,61;13309
2014;Prefeitura Municipal de Ilhota - SC;4207106;SC;DCA-Anexo I-C;NA;Receitas Brutas Realizadas;RO1.7.2.1.22.70.00;1.7.2.1.22.70.00 - Cota-Parte do Fundo Especial do Petróleo ¿ FEP;117538,80;13309
2014;Prefeitura Municipal de Ilhota - SC;4207106;SC;DCA-Anexo I-C;NA;Receitas Brutas Realizadas;RO1.7.2.1.33.00.00;1.7.2.1.33.00.00 - Transferências de Recursos do Sistema Único de Saúde - SUS - Repasses Fundo a Fundo;2025386,88;13309
2014;Prefeitura Municipal de Ilhota - SC;4207106;SC;DCA-Anexo I-C;NA;Receitas Brutas Realizadas;RO1.7.2.1.34.00.00;1.7.2.1.34.00.00 - Transferências de Recursos do Fundo Nacional de Assistência Social ¿ FNAS;128284,04;13309
2014;Prefeitura Municipal de Ilhota - SC;4207106;SC;DCA-Anexo I-C;NA;Receitas Brutas Realizadas;RO1.7.2.1.35.00.00;1.7.2.1.35.00.00 - Transferências de Recursos do Fundo Nacional do Desenvolvimento da Educação ¿ FNDE;981100,03;13309
2014;Prefeitura Municipal de Ilhota - SC;4207106;SC;DCA-Anexo I-C;NA;Receitas Brutas Realizadas;RO1.7.2.1.36.00.00;1.7.2.1.36.00.00 - Transferências Financeiras do ICMS ¿ Desoneração ¿ L.C. Nº 87/96;32922,00;13309
2014;Prefeitura Municipal de Ilhota - SC;4207106;SC;DCA-Anexo I-C;NA;Deduções - FUNDEB;RO1.7.2.1.36.00.00;1.7.2.1.36.00.00 - Transferências Financeiras do ICMS ¿ Desoneração ¿ L.C. Nº 87/96;6606,34;13309
2014;Prefeitura Municipal de Ilhota - SC;4207106;SC;DCA-Anexo I-C;NA;Receitas Brutas Realizadas;RO1.7.2.1.99.00.00;1.7.2.1.99.00.00 - Outras Transferências da União;411900,49;13309
2014;Prefeitura Municipal de Ilhota - SC;4207106;SC;DCA-Anexo I-C;NA;Receitas Brutas Realizadas;RO1.7.2.2.00.00.00;1.7.2.2.00.00.00 - Transferências dos Estados;9225502,28;13309
2014;Prefeitura Municipal de Ilhota - SC;4207106;SC;DCA-Anexo I-C;NA;Deduções - FUNDEB;RO1.7.2.2.00.00.00;1.7.2.2.00.00.00 - Transferências dos Estados;1786468,16;13309
2014;Prefeitura Municipal de Ilhota - SC;4207106;SC;DCA-Anexo I-C;NA;Outras Deduções da Receita;RO1.7.2.2.00.00.00;1.7.2.2.00.00.00 - Transferências dos Estados;9039,86;13309
2014;Prefeitura Municipal de Ilhota - SC;4207106;SC;DCA-Anexo I-C;NA;Receitas Brutas Realizadas;RO1.7.2.2.01.00.00;1.7.2.2.01.00.00 - Participação na Receita dos Estados;8972518,09;13309
2014;Prefeitura Municipal de Ilhota - SC;4207106;SC;DCA-Anexo I-C;NA;Deduções - FUNDEB;RO1.7.2.2.01.00.00;1.7.2.2.01.00.00 - Participação na Receita dos Estados;1786468,16;13309
2014;Prefeitura Municipal de Ilhota - SC;4207106;SC;DCA-Anexo I-C;NA;Outras Deduções da Receita;RO1.7.2.2.01.00.00;1.7.2.2.01.00.00 - Participação na Receita dos Estados;9039,86;13309
2014;Prefeitura Municipal de Ilhota - SC;4207106;SC;DCA-Anexo I-C;NA;Receitas Brutas Realizadas;RO1.7.2.2.01.01.00;1.7.2.2.01.01.00 - Cota-Parte do ICMS;7864718,60;13309
2014;Prefeitura Municipal de Ilhota - SC;4207106;SC;DCA-Anexo I-C;NA;Deduções - FUNDEB;RO1.7.2.2.01.01.00;1.7.2.2.01.01.00 - Cota-Parte do ICMS;1564068,46;13309
2014;Prefeitura Municipal de Ilhota - SC;4207106;SC;DCA-Anexo I-C;NA;Outras Deduções da Receita;RO1.7.2.2.01.01.00;1.7.2.2.01.01.00 - Cota-Parte do ICMS;8699,88;13309
2014;Prefeitura Municipal de Ilhota - SC;4207106;SC;DCA-Anexo I-C;NA;Receitas Brutas Realizadas;RO1.7.2.2.01.02.00;1.7.2.2.01.02.00 - Cota-Parte do IPVA;984744,05;13309
2014;Prefeitura Municipal de Ilhota - SC;4207106;SC;DCA-Anexo I-C;NA;Deduções - FUNDEB;RO1.7.2.2.01.02.00;1.7.2.2.01.02.00 - Cota-Parte do IPVA;198250,94;13309
2014;Prefeitura Municipal de Ilhota - SC;4207106;SC;DCA-Anexo I-C;NA;Outras Deduções da Receita;RO1.7.2.2.01.02.00;1.7.2.2.01.02.00 - Cota-Parte do IPVA;339,98;13309
2014;Prefeitura Municipal de Ilhota - SC;4207106;SC;DCA-Anexo I-C;NA;Receitas Brutas Realizadas;RO1.7.2.2.01.04.00;1.7.2.2.01.04.00 - Cota-Parte do IPI sobre Exportação;120744,00;13309
2014;Prefeitura Municipal de Ilhota - SC;4207106;SC;DCA-Anexo I-C;NA;Deduções - FUNDEB;RO1.7.2.2.01.04.00;1.7.2.2.01.04.00 - Cota-Parte do IPI sobre Exportação;24148,76;13309
2014;Prefeitura Municipal de Ilhota - SC;4207106;SC;DCA-Anexo I-C;NA;Receitas Brutas Realizadas;RO1.7.2.2.01.13.00;1.7.2.2.01.13.00 - Cota-Parte da Contribuição de Intervenção no Domínio Econômico;2311,44;13309
2014;Prefeitura Municipal de Ilhota - SC;4207106;SC;DCA-Anexo I-C;NA;Receitas Brutas Realizadas;RO1.7.2.2.33.00.00;1.7.2.2.33.00.00 - Transferências de Recursos do Estado para Programas de Saúde - Repasse Fundo a Fundo;168545,00;13309
2014;Prefeitura Municipal de Ilhota - SC;4207106;SC;DCA-Anexo I-C;NA;Receitas Brutas Realizadas;RO1.7.2.2.99.00.00;1.7.2.2.99.00.00 - Outras Transferências dos Estados;84439,19;13309
2014;Prefeitura Municipal de Ilhota - SC;4207106;SC;DCA-Anexo I-C;NA;Receitas Brutas Realizadas;RO1.7.2.4.00.00.00;1.7.2.4.00.00.00 - Transferências Multigovernamentais;6747751,32;13309
2014;Prefeitura Municipal de Ilhota - SC;4207106;SC;DCA-Anexo I-C;NA;Receitas Brutas Realizadas;RO1.7.2.4.01.00.00;1.7.2.4.01.00.00 - Transferências de Recursos do Fundo de Manutenção e Desenvolvimento do Ensino Fundamental e de Valorização do Magistério - FUNDEB;6747751,32;13309
2014;Prefeitura Municipal de Ilhota - SC;4207106;SC;DCA-Anexo I-C;NA;Receitas Brutas Realizadas;RO1.7.6.0.00.00.00;1.7.6.0.00.00.00 - Transferências de Convênios;115174,31;13309
2014;Prefeitura Municipal de Ilhota - SC;4207106;SC;DCA-Anexo I-C;NA;Receitas Brutas Realizadas;RO1.7.6.2.00.00.00;1.7.6.2.00.00.00 - Transferências de Convênios dos Estados e do Distrito Federal e de Suas Entidades;115174,31;13309
2014;Prefeitura Municipal de Ilhota - SC;4207106;SC;DCA-Anexo I-C;NA;Receitas Brutas Realizadas;RO1.7.6.2.99.00.00;1.7.6.2.99.00.00 - Outras Transferências de Convênios dos Estados;115174,31;13309
2014;Prefeitura Municipal de Ilhota - SC;4207106;SC;DCA-Anexo I-C;NA;Receitas Brutas Realizadas;RO1.9.0.0.00.00.00;1.9.0.0.00.00.00 - Outras Receitas Correntes;334580,48;13309
2014;Prefeitura Municipal de Ilhota - SC;4207106;SC;DCA-Anexo I-C;NA;Deduções - FUNDEB;RO1.9.0.0.00.00.00;1.9.0.0.00.00.00 - Outras Receitas Correntes;174,22;13309
2014;Prefeitura Municipal de Ilhota - SC;4207106;SC;DCA-Anexo I-C;NA;Receitas Brutas Realizadas;RO1.9.1.0.00.00.00;1.9.1.0.00.00.00 - Multas e Juros de Mora;102965,57;13309
2014;Prefeitura Municipal de Ilhota - SC;4207106;SC;DCA-Anexo I-C;NA;Receitas Brutas Realizadas;RO1.9.1.1.00.00.00;1.9.1.1.00.00.00 - Multas e Juros de Mora dos Tributos;12241,46;13309
2014;Prefeitura Municipal de Ilhota - SC;4207106;SC;DCA-Anexo I-C;NA;Receitas Brutas Realizadas;RO1.9.1.3.00.00.00;1.9.1.3.00.00.00 - Multas e Juros de Mora da Dívida Ativa dos Tributos;90724,11;13309
2014;Prefeitura Municipal de Ilhota - SC;4207106;SC;DCA-Anexo I-C;NA;Receitas Brutas Realizadas;RO1.9.2.0.00.00.00;1.9.2.0.00.00.00 - Indenizações e Restituições;5345,60;13309
2014;Prefeitura Municipal de Ilhota - SC;4207106;SC;DCA-Anexo I-C;NA;Receitas Brutas Realizadas;RO1.9.2.1.00.00.00;1.9.2.1.00.00.00 - Indenizações;1659,36;13309
2014;Prefeitura Municipal de Ilhota - SC;4207106;SC;DCA-Anexo I-C;NA;Receitas Brutas Realizadas;RO1.9.2.2.00.00.00;1.9.2.2.00.00.00 - Restituições;3686,24;13309
2014;Prefeitura Municipal de Ilhota - SC;4207106;SC;DCA-Anexo I-C;NA;Receitas Brutas Realizadas;RO1.9.2.2.99.00.00;1.9.2.2.99.00.00 - Outras Restituições;3686,24;13309
2014;Prefeitura Municipal de Ilhota - SC;4207106;SC;DCA-Anexo I-C;NA;Receitas Brutas Realizadas;RO1.9.3.0.00.00.00;1.9.3.0.00.00.00 - Receita da Dívida Ativa;160065,41;13309
2014;Prefeitura Municipal de Ilhota - SC;4207106;SC;DCA-Anexo I-C;NA;Deduções - FUNDEB;RO1.9.3.0.00.00.00;1.9.3.0.00.00.00 - Receita da Dívida Ativa;174,22;13309
2014;Prefeitura Municipal de Ilhota - SC;4207106;SC;DCA-Anexo I-C;NA;Receitas Brutas Realizadas;RO1.9.3.1.00.00.00;1.9.3.1.00.00.00 - Receita da Dívida Ativa Tributária;160065,41;13309
2014;Prefeitura Municipal de Ilhota - SC;4207106;SC;DCA-Anexo I-C;NA;Deduções - FUNDEB;RO1.9.3.1.00.00.00;1.9.3.1.00.00.00 - Receita da Dívida Ativa Tributária;174,22;13309
2014;Prefeitura Municipal de Ilhota - SC;4207106;SC;DCA-Anexo I-C;NA;Receitas Brutas Realizadas;RO1.9.9.0.00.00.00;1.9.9.0.00.00.00 - Receitas Diversas;66203,90;13309
2014;Prefeitura Municipal de Ilhota - SC;4207106;SC;DCA-Anexo I-C;NA;Receitas Brutas Realizadas;RO2.0.0.0.00.00.00;2.0.0.0.00.00.00 - Receitas de Capital;1157857,20;13309
2014;Prefeitura Municipal de Ilhota - SC;4207106;SC;DCA-Anexo I-C;NA;Outras Deduções da Receita;RO2.0.0.0.00.00.00;2.0.0.0.00.00.00 - Receitas de Capital;68329,43;13309
2014;Prefeitura Municipal de Ilhota - SC;4207106;SC;DCA-Anexo I-C;NA;Receitas Brutas Realizadas;RO2.2.0.0.00.00.00;2.2.0.0.00.00.00 - Alienação de Bens;65900,00;13309
2014;Prefeitura Municipal de Ilhota - SC;4207106;SC;DCA-Anexo I-C;NA;Receitas Brutas Realizadas;RO2.2.1.0.00.00.00;2.2.1.0.00.00.00 - Alienação de Bens Móveis;65900,00;13309
2014;Prefeitura Municipal de Ilhota - SC;4207106;SC;DCA-Anexo I-C;NA;Receitas Brutas Realizadas;RO2.4.0.0.00.00.00;2.4.0.0.00.00.00 - Transferências de Capital;250000,00;13309
2014;Prefeitura Municipal de Ilhota - SC;4207106;SC;DCA-Anexo I-C;NA;Outras Deduções da Receita;RO2.4.0.0.00.00.00;2.4.0.0.00.00.00 - Transferências de Capital;68329,43;13309
2014;Prefeitura Municipal de Ilhota - SC;4207106;SC;DCA-Anexo I-C;NA;Receitas Brutas Realizadas;RO2.4.7.0.00.00.00;2.4.7.0.00.00.00 - Transferências de Convênios;250000,00;13309
2014;Prefeitura Municipal de Ilhota - SC;4207106;SC;DCA-Anexo I-C;NA;Outras Deduções da Receita;RO2.4.7.0.00.00.00;2.4.7.0.00.00.00 - Transferências de Convênios;68329,43;13309
2014;Prefeitura Municipal de Ilhota - SC;4207106;SC;DCA-Anexo I-C;NA;Receitas Brutas Realizadas;RO2.4.7.1.00.00.00;2.4.7.1.00.00.00 - Transferências de Convênios da União e de suas Entidades;250000,00;13309
2014;Prefeitura Municipal de Ilhota - SC;4207106;SC;DCA-Anexo I-C;NA;Outras Deduções da Receita;RO2.4.7.1.00.00.00;2.4.7.1.00.00.00 - Transferências de Convênios da União e de suas Entidades;68329,43;13309
2014;Prefeitura Municipal de Ilhota - SC;4207106;SC;DCA-Anexo I-C;NA;Receitas Brutas Realizadas;RO2.4.7.1.99.00.00;2.4.7.1.99.00.00 - Outras Transferências de Convênios da União;250000,00;13309
2014;Prefeitura Municipal de Ilhota - SC;4207106;SC;DCA-Anexo I-C;NA;Outras Deduções da Receita;RO2.4.7.1.99.00.00;2.4.7.1.99.00.00 - Outras Transferências de Convênios da União;68329,43;13309
2014;Prefeitura Municipal de Ilhota - SC;4207106;SC;DCA-Anexo I-C;NA;Receitas Brutas Realizadas;RO2.5.0.0.00.00.00;2.5.0.0.00.00.00 - Outras Receitas de Capital;841957,20;13309
2014;Prefeitura Municipal de Ilhota - SC;4207106;SC;DCA-Anexo I-C;NA;Receitas Brutas Realizadas;RO2.5.9.0.00.00.00;2.5.9.0.00.00.00 - Outras Receitas;841957,20;13309
2014;Prefeitura Municipal de Ilhota - SC;4207106;SC;DCA-Anexo I-C;NA;Receitas Brutas Realizadas;RI7.0.0.0.00.00.00;7.0.0.0.00.00.00 - Receitas Correntes Intraorçamentárias;898483,83;13309
2014;Prefeitura Municipal de Ilhota - SC;4207106;SC;DCA-Anexo I-C;NA;Receitas Brutas Realizadas;RI7.2.0.0.00.00.00;7.2.0.0.00.00.00 - Receitas de Contribuições Intraorçamentárias;898483,83;13309
2014;Prefeitura Municipal de Ilhota - SC;4207106;SC;DCA-Anexo I-C;NA;Receitas Brutas Realizadas;RI7.2.1.0.00.00.00;7.2.1.0.00.00.00 - Contribuições Sociais Intraorçamentárias;898483,83;13309
2014;Prefeitura Municipal de Ilhota - SC;4207106;SC;DCA-Anexo I-C;NA;Receitas Brutas Realizadas;RI7.2.1.0.29.00.00;7.2.1.0.29.00.00 - Contribuições para o Regime Próprio de Previdência do Servidor Público Intraorçamentárias;898483,83;13309
2014;Prefeitura Municipal de Ilhota - SC;4207106;SC;DCA-Anexo I-C;NA;Receitas Brutas Realizadas;RI7.2.1.0.29.01.00;7.2.1.0.29.01.00 - Contribuição Patronal de Servidor Ativo Civil para o Regime Próprio Intraorçamentária;898483,83;13309
2015;Prefeitura Municipal de Ilhota - SC;4207106;SC;DCA-Anexo I-C;NA;Receitas Brutas Realizadas;TotalReceitas;Total Receitas;36580095,71;13309
2015;Prefeitura Municipal de Ilhota - SC;4207106;SC;DCA-Anexo I-C;NA;Deduções - FUNDEB;TotalReceitas;Total Receitas;3270528,31;13309
2015;Prefeitura Municipal de Ilhota - SC;4207106;SC;DCA-Anexo I-C;NA;Outras Deduções da Receita;TotalReceitas;Total Receitas;119271,95;13309
2015;Prefeitura Municipal de Ilhota - SC;4207106;SC;DCA-Anexo I-C;NA;Receitas Brutas Realizadas;RO1.0.0.0.00.00.00;1.0.0.0.00.00.00 - Receitas Correntes;34026717,16;13309
2015;Prefeitura Municipal de Ilhota - SC;4207106;SC;DCA-Anexo I-C;NA;Deduções - FUNDEB;RO1.0.0.0.00.00.00;1.0.0.0.00.00.00 - Receitas Correntes;3270528,31;13309
2015;Prefeitura Municipal de Ilhota - SC;4207106;SC;DCA-Anexo I-C;NA;Outras Deduções da Receita;RO1.0.0.0.00.00.00;1.0.0.0.00.00.00 - Receitas Correntes;119271,95;13309
2015;Prefeitura Municipal de Ilhota - SC;4207106;SC;DCA-Anexo I-C;NA;Receitas Brutas Realizadas;RO1.1.0.0.00.00.00;1.1.0.0.00.00.00 - Receita Tributária;3965734,46;13309
2015;Prefeitura Municipal de Ilhota - SC;4207106;SC;DCA-Anexo I-C;NA;Outras Deduções da Receita;RO1.1.0.0.00.00.00;1.1.0.0.00.00.00 - Receita Tributária;119087,72;13309
2015;Prefeitura Municipal de Ilhota - SC;4207106;SC;DCA-Anexo I-C;NA;Receitas Brutas Realizadas;RO1.1.1.0.00.00.00;1.1.1.0.00.00.00 - Impostos;3171448,05;13309
2015;Prefeitura Municipal de Ilhota - SC;4207106;SC;DCA-Anexo I-C;NA;Outras Deduções da Receita;RO1.1.1.0.00.00.00;1.1.1.0.00.00.00 - Impostos;91322,54;13309
2015;Prefeitura Municipal de Ilhota - SC;4207106;SC;DCA-Anexo I-C;NA;Receitas Brutas Realizadas;RO1.1.1.2.00.00.00;1.1.1.2.00.00.00 - Impostos sobre o Patrimônio e a Renda;843004,53;13309
2015;Prefeitura Municipal de Ilhota - SC;4207106;SC;DCA-Anexo I-C;NA;Outras Deduções da Receita;RO1.1.1.2.00.00.00;1.1.1.2.00.00.00 - Impostos sobre o Patrimônio e a Renda;91322,54;13309
2015;Prefeitura Municipal de Ilhota - SC;4207106;SC;DCA-Anexo I-C;NA;Receitas Brutas Realizadas;RO1.1.1.2.02.00.00;1.1.1.2.02.00.00 - Imposto sobre a Propriedade Predial e Territorial Urbana ¿ IPTU;680325,66;13309
2015;Prefeitura Municipal de Ilhota - SC;4207106;SC;DCA-Anexo I-C;NA;Outras Deduções da Receita;RO1.1.1.2.02.00.00;1.1.1.2.02.00.00 - Imposto sobre a Propriedade Predial e Territorial Urbana ¿ IPTU;91264,54;13309
2015;Prefeitura Municipal de Ilhota - SC;4207106;SC;DCA-Anexo I-C;NA;Receitas Brutas Realizadas;RO1.1.1.2.04.00.00;1.1.1.2.04.00.00 - Imposto sobre a Renda e Proventos de Qualquer Natureza ¿ IR;25395,29;13309
2015;Prefeitura Municipal de Ilhota - SC;4207106;SC;DCA-Anexo I-C;NA;Receitas Brutas Realizadas;RO1.1.1.2.04.31.00;1.1.1.2.04.31.00 - Retido nas Fontes - Trabalho;25395,29;13309
2015;Prefeitura Municipal de Ilhota - SC;4207106;SC;DCA-Anexo I-C;NA;Receitas Brutas Realizadas;RO1.1.1.2.08.00.00;"1.1.1.2.08.00.00 - Imposto sobre Transmissão ""Inter Vivos"" de Bens Imóveis e de Direitos Reais sobre Imóveis ¿ ITBI";137283,58;13309
2015;Prefeitura Municipal de Ilhota - SC;4207106;SC;DCA-Anexo I-C;NA;Outras Deduções da Receita;RO1.1.1.2.08.00.00;"1.1.1.2.08.00.00 - Imposto sobre Transmissão ""Inter Vivos"" de Bens Imóveis e de Direitos Reais sobre Imóveis ¿ ITBI";58,00;13309
2015;Prefeitura Municipal de Ilhota - SC;4207106;SC;DCA-Anexo I-C;NA;Receitas Brutas Realizadas;RO1.1.1.3.00.00.00;1.1.1.3.00.00.00 - Impostos sobre a Produção e a Circulação;2328443,52;13309
2015;Prefeitura Municipal de Ilhota - SC;4207106;SC;DCA-Anexo I-C;NA;Receitas Brutas Realizadas;RO1.1.1.3.05.00.00;1.1.1.3.05.00.00 - Imposto sobre Serviços de Qualquer Natureza ¿ ISSQN;2328443,52;13309
2015;Prefeitura Municipal de Ilhota - SC;4207106;SC;DCA-Anexo I-C;NA;Receitas Brutas Realizadas;RO1.1.2.0.00.00.00;1.1.2.0.00.00.00 - Taxas;794286,41;13309
2015;Prefeitura Municipal de Ilhota - SC;4207106;SC;DCA-Anexo I-C;NA;Outras Deduções da Receita;RO1.1.2.0.00.00.00;1.1.2.0.00.00.00 - Taxas;27765,18;13309
2015;Prefeitura Municipal de Ilhota - SC;4207106;SC;DCA-Anexo I-C;NA;Receitas Brutas Realizadas;RO1.1.2.1.00.00.00;1.1.2.1.00.00.00 - Taxas pelo Exercício do Poder de Polícia;129331,92;13309
2015;Prefeitura Municipal de Ilhota - SC;4207106;SC;DCA-Anexo I-C;NA;Outras Deduções da Receita;RO1.1.2.1.00.00.00;1.1.2.1.00.00.00 - Taxas pelo Exercício do Poder de Polícia;27765,18;13309
2015;Prefeitura Municipal de Ilhota - SC;4207106;SC;DCA-Anexo I-C;NA;Receitas Brutas Realizadas;RO1.1.2.2.00.00.00;1.1.2.2.00.00.00 - Taxas pela Prestação de Serviços;664954,49;13309
2015;Prefeitura Municipal de Ilhota - SC;4207106;SC;DCA-Anexo I-C;NA;Receitas Brutas Realizadas;RO1.2.0.0.00.00.00;1.2.0.0.00.00.00 - Receitas de Contribuições;1062955,56;13309
2015;Prefeitura Municipal de Ilhota - SC;4207106;SC;DCA-Anexo I-C;NA;Receitas Brutas Realizadas;RO1.2.1.0.00.00.00;1.2.1.0.00.00.00 - Contribuições Sociais;213203,94;13309
2015;Prefeitura Municipal de Ilhota - SC;4207106;SC;DCA-Anexo I-C;NA;Receitas Brutas Realizadas;RO1.2.1.0.29.00.00;1.2.1.0.29.00.00 - Contribuições para o Regime Próprio de Previdência do Servidor Público;213203,94;13309
2015;Prefeitura Municipal de Ilhota - SC;4207106;SC;DCA-Anexo I-C;NA;Receitas Brutas Realizadas;RO1.2.1.0.29.07.00;1.2.1.0.29.07.00 - Contribuição do Servidor Ativo Civil para o Regime Próprio;213203,94;13309
2015;Prefeitura Municipal de Ilhota - SC;4207106;SC;DCA-Anexo I-C;NA;Receitas Brutas Realizadas;RO1.2.2.0.00.00.00;1.2.2.0.00.00.00 - Contribuições de Intervenção no Domínio Econômico;849751,62;13309
2015;Prefeitura Municipal de Ilhota - SC;4207106;SC;DCA-Anexo I-C;NA;Receitas Brutas Realizadas;RO1.3.0.0.00.00.00;1.3.0.0.00.00.00 - Receita Patrimonial;587300,60;13309
2015;Prefeitura Municipal de Ilhota - SC;4207106;SC;DCA-Anexo I-C;NA;Receitas Brutas Realizadas;RO1.3.2.0.00.00.00;1.3.2.0.00.00.00 - Receitas de Valores Mobiliários;587300,60;13309
2015;Prefeitura Municipal de Ilhota - SC;4207106;SC;DCA-Anexo I-C;NA;Receitas Brutas Realizadas;RO1.3.2.5.00.00.00;1.3.2.5.00.00.00 - Remuneração de Depósitos Bancários;290919,07;13309
2015;Prefeitura Municipal de Ilhota - SC;4207106;SC;DCA-Anexo I-C;NA;Receitas Brutas Realizadas;RO1.3.2.8.00.00.00;1.3.2.8.00.00.00 - Remuneração dos Investimentos do Regime Próprio de Previdência do Servidor;296381,53;13309
2015;Prefeitura Municipal de Ilhota - SC;4207106;SC;DCA-Anexo I-C;NA;Receitas Brutas Realizadas;RO1.7.0.0.00.00.00;1.7.0.0.00.00.00 - Transferências Correntes;28146480,67;13309
2015;Prefeitura Municipal de Ilhota - SC;4207106;SC;DCA-Anexo I-C;NA;Deduções - FUNDEB;RO1.7.0.0.00.00.00;1.7.0.0.00.00.00 - Transferências Correntes;3270528,31;13309
2015;Prefeitura Municipal de Ilhota - SC;4207106;SC;DCA-Anexo I-C;NA;Receitas Brutas Realizadas;RO1.7.2.0.00.00.00;1.7.2.0.00.00.00 - Transferências Intergovernamentais;27724001,73;13309
2015;Prefeitura Municipal de Ilhota - SC;4207106;SC;DCA-Anexo I-C;NA;Deduções - FUNDEB;RO1.7.2.0.00.00.00;1.7.2.0.00.00.00 - Transferências Intergovernamentais;3270528,31;13309
2015;Prefeitura Municipal de Ilhota - SC;4207106;SC;DCA-Anexo I-C;NA;Receitas Brutas Realizadas;RO1.7.2.1.00.00.00;1.7.2.1.00.00.00 - Transferências da União;11836097,59;13309
2015;Prefeitura Municipal de Ilhota - SC;4207106;SC;DCA-Anexo I-C;NA;Deduções - FUNDEB;RO1.7.2.1.00.00.00;1.7.2.1.00.00.00 - Transferências da União;1583238,01;13309
2015;Prefeitura Municipal de Ilhota - SC;4207106;SC;DCA-Anexo I-C;NA;Receitas Brutas Realizadas;RO1.7.2.1.01.00.00;1.7.2.1.01.00.00 - Participação na Receita da União;8323941,38;13309
2015;Prefeitura Municipal de Ilhota - SC;4207106;SC;DCA-Anexo I-C;NA;Deduções - FUNDEB;RO1.7.2.1.01.00.00;1.7.2.1.01.00.00 - Participação na Receita da União;1577306,77;13309
2015;Prefeitura Municipal de Ilhota - SC;4207106;SC;DCA-Anexo I-C;NA;Receitas Brutas Realizadas;RO1.7.2.1.01.02.00;1.7.2.1.01.02.00 - Cota-Parte do Fundo de Participação dos Municípios ¿ FPM;7855019,84;13309
2015;Prefeitura Municipal de Ilhota - SC;4207106;SC;DCA-Anexo I-C;NA;Deduções - FUNDEB;RO1.7.2.1.01.02.00;1.7.2.1.01.02.00 - Cota-Parte do Fundo de Participação dos Municípios ¿ FPM;1571003,67;13309
2015;Prefeitura Municipal de Ilhota - SC;4207106;SC;DCA-Anexo I-C;NA;Receitas Brutas Realizadas;RO1.7.2.1.01.03.00;1.7.2.1.01.03.00 - Cota-Parte do Fundo de Participação dos Municípios - 1% Cota Anual;344437,74;13309
2015;Prefeitura Municipal de Ilhota - SC;4207106;SC;DCA-Anexo I-C;NA;Receitas Brutas Realizadas;RO1.7.2.1.01.04.00;1.7.2.1.01.04.00 - Cota-Parte do Fundo de Participação dos Municípios - 1% Cota entregue no mês de julho (67)(I);92967,81;13309
2015;Prefeitura Municipal de Ilhota - SC;4207106;SC;DCA-Anexo I-C;NA;Receitas Brutas Realizadas;RO1.7.2.1.01.05.00;1.7.2.1.01.05.00 - Cota-Parte do Imposto Sobre a Propriedade Territorial Rural ¿ ITR;31515,99;13309
2015;Prefeitura Municipal de Ilhota - SC;4207106;SC;DCA-Anexo I-C;NA;Deduções - FUNDEB;RO1.7.2.1.01.05.00;1.7.2.1.01.05.00 - Cota-Parte do Imposto Sobre a Propriedade Territorial Rural ¿ ITR;6303,10;13309
2015;Prefeitura Municipal de Ilhota - SC;4207106;SC;DCA-Anexo I-C;NA;Receitas Brutas Realizadas;RO1.7.2.1.09.00.00;1.7.2.1.09.00.00 - Outras Transferências da União;25990,88;13309
2015;Prefeitura Municipal de Ilhota - SC;4207106;SC;DCA-Anexo I-C;NA;Receitas Brutas Realizadas;RO1.7.2.1.09.99.00;1.7.2.1.09.99.00 - Demais Transferências da União;25990,88;13309
2015;Prefeitura Municipal de Ilhota - SC;4207106;SC;DCA-Anexo I-C;NA;Receitas Brutas Realizadas;RO1.7.2.1.22.00.00;1.7.2.1.22.00.00 - Transferências da Compensação Financeira pela Exploração de Recursos Naturais;119155,18;13309
2015;Prefeitura Municipal de Ilhota - SC;4207106;SC;DCA-Anexo I-C;NA;Receitas Brutas Realizadas;RO1.7.2.1.22.20.00;1.7.2.1.22.20.00 - Cota-Parte da Compensação Financeira de Recursos Minerais - CFEM;31079,73;13309
2015;Prefeitura Municipal de Ilhota - SC;4207106;SC;DCA-Anexo I-C;NA;Receitas Brutas Realizadas;RO1.7.2.1.22.70.00;1.7.2.1.22.70.00 - Cota-Parte do Fundo Especial do Petróleo ¿ FEP;88075,45;13309
2015;Prefeitura Municipal de Ilhota - SC;4207106;SC;DCA-Anexo I-C;NA;Receitas Brutas Realizadas;RO1.7.2.1.33.00.00;1.7.2.1.33.00.00 - Transferências de Recursos do Sistema Único de Saúde - SUS - Repasses Fundo a Fundo;1789115,26;13309
2015;Prefeitura Municipal de Ilhota - SC;4207106;SC;DCA-Anexo I-C;NA;Receitas Brutas Realizadas;RO1.7.2.1.34.00.00;1.7.2.1.34.00.00 - Transferências de Recursos do Fundo Nacional de Assistência Social ¿ FNAS;67023,65;13309
2015;Prefeitura Municipal de Ilhota - SC;4207106;SC;DCA-Anexo I-C;NA;Receitas Brutas Realizadas;RO1.7.2.1.35.00.00;1.7.2.1.35.00.00 - Transferências de Recursos do Fundo Nacional do Desenvolvimento da Educação ¿ FNDE;1096019,57;13309
2015;Prefeitura Municipal de Ilhota - SC;4207106;SC;DCA-Anexo I-C;NA;Receitas Brutas Realizadas;RO1.7.2.1.36.00.00;1.7.2.1.36.00.00 - Transferências Financeiras do ICMS ¿ Desoneração ¿ L.C. Nº 87/96;29656,20;13309
2015;Prefeitura Municipal de Ilhota - SC;4207106;SC;DCA-Anexo I-C;NA;Deduções - FUNDEB;RO1.7.2.1.36.00.00;1.7.2.1.36.00.00 - Transferências Financeiras do ICMS ¿ Desoneração ¿ L.C. Nº 87/96;5931,24;13309
2015;Prefeitura Municipal de Ilhota - SC;4207106;SC;DCA-Anexo I-C;NA;Receitas Brutas Realizadas;RO1.7.2.1.99.00.00;1.7.2.1.99.00.00 - Outras Transferências da União;385195,47;13309
2015;Prefeitura Municipal de Ilhota - SC;4207106;SC;DCA-Anexo I-C;NA;Receitas Brutas Realizadas;RO1.7.2.2.00.00.00;1.7.2.2.00.00.00 - Transferências dos Estados;9003654,81;13309
2015;Prefeitura Municipal de Ilhota - SC;4207106;SC;DCA-Anexo I-C;NA;Deduções - FUNDEB;RO1.7.2.2.00.00.00;1.7.2.2.00.00.00 - Transferências dos Estados;1687290,30;13309
2015;Prefeitura Municipal de Ilhota - SC;4207106;SC;DCA-Anexo I-C;NA;Receitas Brutas Realizadas;RO1.7.2.2.01.00.00;1.7.2.2.01.00.00 - Participação na Receita dos Estados;8445041,26;13309
2015;Prefeitura Municipal de Ilhota - SC;4207106;SC;DCA-Anexo I-C;NA;Deduções - FUNDEB;RO1.7.2.2.01.00.00;1.7.2.2.01.00.00 - Participação na Receita dos Estados;1687290,30;13309
2015;Prefeitura Municipal de Ilhota - SC;4207106;SC;DCA-Anexo I-C;NA;Receitas Brutas Realizadas;RO1.7.2.2.01.01.00;1.7.2.2.01.01.00 - Cota-Parte do ICMS;7258253,32;13309
2015;Prefeitura Municipal de Ilhota - SC;4207106;SC;DCA-Anexo I-C;NA;Deduções - FUNDEB;RO1.7.2.2.01.01.00;1.7.2.2.01.01.00 - Cota-Parte do ICMS;1451649,69;13309
2015;Prefeitura Municipal de Ilhota - SC;4207106;SC;DCA-Anexo I-C;NA;Receitas Brutas Realizadas;RO1.7.2.2.01.02.00;1.7.2.2.01.02.00 - Cota-Parte do IPVA;1068150,93;13309
2015;Prefeitura Municipal de Ilhota - SC;4207106;SC;DCA-Anexo I-C;NA;Deduções - FUNDEB;RO1.7.2.2.01.02.00;1.7.2.2.01.02.00 - Cota-Parte do IPVA;213652,41;13309
2015;Prefeitura Municipal de Ilhota - SC;4207106;SC;DCA-Anexo I-C;NA;Receitas Brutas Realizadas;RO1.7.2.2.01.04.00;1.7.2.2.01.04.00 - Cota-Parte do IPI sobre Exportação;109941,54;13309
2015;Prefeitura Municipal de Ilhota - SC;4207106;SC;DCA-Anexo I-C;NA;Deduções - FUNDEB;RO1.7.2.2.01.04.00;1.7.2.2.01.04.00 - Cota-Parte do IPI sobre Exportação;21988,20;13309
2015;Prefeitura Municipal de Ilhota - SC;4207106;SC;DCA-Anexo I-C;NA;Receitas Brutas Realizadas;RO1.7.2.2.01.13.00;1.7.2.2.01.13.00 - Cota-Parte da Contribuição de Intervenção no Domínio Econômico;8695,47;13309
2015;Prefeitura Municipal de Ilhota - SC;4207106;SC;DCA-Anexo I-C;NA;Receitas Brutas Realizadas;RO1.7.2.2.33.00.00;1.7.2.2.33.00.00 - Transferências de Recursos do Estado para Programas de Saúde - Repasse Fundo a Fundo;236276,00;13309
2015;Prefeitura Municipal de Ilhota - SC;4207106;SC;DCA-Anexo I-C;NA;Receitas Brutas Realizadas;RO1.7.2.2.99.00.00;1.7.2.2.99.00.00 - Outras Transferências dos Estados;322337,55;13309
2015;Prefeitura Municipal de Ilhota - SC;4207106;SC;DCA-Anexo I-C;NA;Receitas Brutas Realizadas;RO1.7.2.4.00.00.00;1.7.2.4.00.00.00 - Transferências Multigovernamentais;6884249,33;13309
2015;Prefeitura Municipal de Ilhota - SC;4207106;SC;DCA-Anexo I-C;NA;Receitas Brutas Realizadas;RO1.7.2.4.01.00.00;1.7.2.4.01.00.00 - Transferências de Recursos do Fundo de Manutenção e Desenvolvimento do Ensino Fundamental e de Valorização do Magistério - FUNDEB;6884249,33;13309
2015;Prefeitura Municipal de Ilhota - SC;4207106;SC;DCA-Anexo I-C;NA;Receitas Brutas Realizadas;RO1.7.6.0.00.00.00;1.7.6.0.00.00.00 - Transferências de Convênios;422478,94;13309
2015;Prefeitura Municipal de Ilhota - SC;4207106;SC;DCA-Anexo I-C;NA;Receitas Brutas Realizadas;RO1.7.6.1.00.00.00;1.7.6.1.00.00.00 - Transferências de Convênios da União e de Suas Entidades;101647,20;13309
2015;Prefeitura Municipal de Ilhota - SC;4207106;SC;DCA-Anexo I-C;NA;Receitas Brutas Realizadas;RO1.7.6.1.03.00.00;1.7.6.1.03.00.00 - Transferências de Convênios da União Destinadas a Programas de Assistência Social;101647,20;13309
2015;Prefeitura Municipal de Ilhota - SC;4207106;SC;DCA-Anexo I-C;NA;Receitas Brutas Realizadas;RO1.7.6.2.00.00.00;1.7.6.2.00.00.00 - Transferências de Convênios dos Estados e do Distrito Federal e de Suas Entidades;320831,74;13309
2015;Prefeitura Municipal de Ilhota - SC;4207106;SC;DCA-Anexo I-C;NA;Receitas Brutas Realizadas;RO1.7.6.2.99.00.00;1.7.6.2.99.00.00 - Outras Transferências de Convênios dos Estados;320831,74;13309
2015;Prefeitura Municipal de Ilhota - SC;4207106;SC;DCA-Anexo I-C;NA;Receitas Brutas Realizadas;RO1.9.0.0.00.00.00;1.9.0.0.00.00.00 - Outras Receitas Correntes;264245,87;13309
2015;Prefeitura Municipal de Ilhota - SC;4207106;SC;DCA-Anexo I-C;NA;Outras Deduções da Receita;RO1.9.0.0.00.00.00;1.9.0.0.00.00.00 - Outras Receitas Correntes;184,23;13309
2015;Prefeitura Municipal de Ilhota - SC;4207106;SC;DCA-Anexo I-C;NA;Receitas Brutas Realizadas;RO1.9.1.0.00.00.00;1.9.1.0.00.00.00 - Multas e Juros de Mora;44916,10;13309
2015;Prefeitura Municipal de Ilhota - SC;4207106;SC;DCA-Anexo I-C;NA;Outras Deduções da Receita;RO1.9.1.0.00.00.00;1.9.1.0.00.00.00 - Multas e Juros de Mora;184,11;13309
2015;Prefeitura Municipal de Ilhota - SC;4207106;SC;DCA-Anexo I-C;NA;Receitas Brutas Realizadas;RO1.9.1.1.00.00.00;1.9.1.1.00.00.00 - Multas e Juros de Mora dos Tributos;24175,11;13309
2015;Prefeitura Municipal de Ilhota - SC;4207106;SC;DCA-Anexo I-C;NA;Outras Deduções da Receita;RO1.9.1.1.00.00.00;1.9.1.1.00.00.00 - Multas e Juros de Mora dos Tributos;73,29;13309
2015;Prefeitura Municipal de Ilhota - SC;4207106;SC;DCA-Anexo I-C;NA;Receitas Brutas Realizadas;RO1.9.1.1.38.00.00;1.9.1.1.38.00.00 - Multas e Juros de Mora do Imposto sobre a Propriedade Predial e Territorial Urbana ¿ IPTU;2545,05;13309
2015;Prefeitura Municipal de Ilhota - SC;4207106;SC;DCA-Anexo I-C;NA;Outras Deduções da Receita;RO1.9.1.1.38.00.00;1.9.1.1.38.00.00 - Multas e Juros de Mora do Imposto sobre a Propriedade Predial e Territorial Urbana ¿ IPTU;12,91;13309
2015;Prefeitura Municipal de Ilhota - SC;4207106;SC;DCA-Anexo I-C;NA;Receitas Brutas Realizadas;RO1.9.1.1.40.00.00;1.9.1.1.40.00.00 - Multas e Juros de Mora do Imposto sobre Serviços de Qualquer Natureza ¿ ISS;9203,53;13309
2015;Prefeitura Municipal de Ilhota - SC;4207106;SC;DCA-Anexo I-C;NA;Outras Deduções da Receita;RO1.9.1.1.40.00.00;1.9.1.1.40.00.00 - Multas e Juros de Mora do Imposto sobre Serviços de Qualquer Natureza ¿ ISS;0,08;13309
2015;Prefeitura Municipal de Ilhota - SC;4207106;SC;DCA-Anexo I-C;NA;Receitas Brutas Realizadas;RO1.9.1.1.99.00.00;1.9.1.1.99.00.00 - Multas e Juros de Mora de Outros Tributos;12426,53;13309
2015;Prefeitura Municipal de Ilhota - SC;4207106;SC;DCA-Anexo I-C;NA;Outras Deduções da Receita;RO1.9.1.1.99.00.00;1.9.1.1.99.00.00 - Multas e Juros de Mora de Outros Tributos;60,30;13309
2015;Prefeitura Municipal de Ilhota - SC;4207106;SC;DCA-Anexo I-C;NA;Receitas Brutas Realizadas;RO1.9.1.3.00.00.00;1.9.1.3.00.00.00 - Multas e Juros de Mora da Dívida Ativa dos Tributos;20740,99;13309
2015;Prefeitura Municipal de Ilhota - SC;4207106;SC;DCA-Anexo I-C;NA;Outras Deduções da Receita;RO1.9.1.3.00.00.00;1.9.1.3.00.00.00 - Multas e Juros de Mora da Dívida Ativa dos Tributos;110,82;13309
2015;Prefeitura Municipal de Ilhota - SC;4207106;SC;DCA-Anexo I-C;NA;Receitas Brutas Realizadas;RO1.9.1.3.11.00.00;1.9.1.3.11.00.00 - Multas e Juros de Mora da Dívida Ativa do Imposto sobre a Propriedade Predial e Territorial Urbana ¿ IPTU;7607,83;13309
2015;Prefeitura Municipal de Ilhota - SC;4207106;SC;DCA-Anexo I-C;NA;Outras Deduções da Receita;RO1.9.1.3.11.00.00;1.9.1.3.11.00.00 - Multas e Juros de Mora da Dívida Ativa do Imposto sobre a Propriedade Predial e Territorial Urbana ¿ IPTU;59,45;13309
2015;Prefeitura Municipal de Ilhota - SC;4207106;SC;DCA-Anexo I-C;NA;Receitas Brutas Realizadas;RO1.9.1.3.13.00.00;1.9.1.3.13.00.00 - Multas e Juros de Mora da Dívida Ativa do Imposto sobre Serviços de Qualquer Natureza ¿ ISS;876,88;13309
2015;Prefeitura Municipal de Ilhota - SC;4207106;SC;DCA-Anexo I-C;NA;Outras Deduções da Receita;RO1.9.1.3.13.00.00;1.9.1.3.13.00.00 - Multas e Juros de Mora da Dívida Ativa do Imposto sobre Serviços de Qualquer Natureza ¿ ISS;0,24;13309
2015;Prefeitura Municipal de Ilhota - SC;4207106;SC;DCA-Anexo I-C;NA;Receitas Brutas Realizadas;RO1.9.1.3.99.00.00;1.9.1.3.99.00.00 - Multas e Juros de Mora da Dívida Ativa de Outros Tributos;12256,28;13309
2015;Prefeitura Municipal de Ilhota - SC;4207106;SC;DCA-Anexo I-C;NA;Outras Deduções da Receita;RO1.9.1.3.99.00.00;1.9.1.3.99.00.00 - Multas e Juros de Mora da Dívida Ativa de Outros Tributos;51,13;13309
2015;Prefeitura Municipal de Ilhota - SC;4207106;SC;DCA-Anexo I-C;NA;Receitas Brutas Realizadas;RO1.9.2.0.00.00.00;1.9.2.0.00.00.00 - Indenizações e Restituições;1224,17;13309
2015;Prefeitura Municipal de Ilhota - SC;4207106;SC;DCA-Anexo I-C;NA;Receitas Brutas Realizadas;RO1.9.2.2.00.00.00;1.9.2.2.00.00.00 - Restituições;1224,17;13309
2015;Prefeitura Municipal de Ilhota - SC;4207106;SC;DCA-Anexo I-C;NA;Receitas Brutas Realizadas;RO1.9.2.2.99.00.00;1.9.2.2.99.00.00 - Outras Restituições;1224,17;13309
2015;Prefeitura Municipal de Ilhota - SC;4207106;SC;DCA-Anexo I-C;NA;Receitas Brutas Realizadas;RO1.9.3.0.00.00.00;1.9.3.0.00.00.00 - Receita da Dívida Ativa;57458,88;13309
2015;Prefeitura Municipal de Ilhota - SC;4207106;SC;DCA-Anexo I-C;NA;Receitas Brutas Realizadas;RO1.9.3.1.00.00.00;1.9.3.1.00.00.00 - Receita da Dívida Ativa Tributária;57245,19;13309
2015;Prefeitura Municipal de Ilhota - SC;4207106;SC;DCA-Anexo I-C;NA;Receitas Brutas Realizadas;RO1.9.3.1.11.00.00;1.9.3.1.11.00.00 - Receita da Dívida Ativa do Imposto sobre a Propriedade Predial e Territorial Urbana ¿ IPTU;26887,68;13309
2015;Prefeitura Municipal de Ilhota - SC;4207106;SC;DCA-Anexo I-C;NA;Receitas Brutas Realizadas;RO1.9.3.1.13.00.00;1.9.3.1.13.00.00 - Receita da Dívida Ativa do Imposto sobre Serviços de Qualquer Natureza ¿ ISS;2310,55;13309
2015;Prefeitura Municipal de Ilhota - SC;4207106;SC;DCA-Anexo I-C;NA;Receitas Brutas Realizadas;RO1.9.3.1.99.00.00;1.9.3.1.99.00.00 - Receita da Dívida Ativa de Outros Tributos;28046,96;13309
2015;Prefeitura Municipal de Ilhota - SC;4207106;SC;DCA-Anexo I-C;NA;Receitas Brutas Realizadas;RO1.9.3.2.00.00.00;1.9.3.2.00.00.00 - Receita da Dívida Ativa Não Tributária;213,69;13309
2015;Prefeitura Municipal de Ilhota - SC;4207106;SC;DCA-Anexo I-C;NA;Receitas Brutas Realizadas;RO1.9.9.0.00.00.00;1.9.9.0.00.00.00 - Receitas Diversas;160646,72;13309
2015;Prefeitura Municipal de Ilhota - SC;4207106;SC;DCA-Anexo I-C;NA;Outras Deduções da Receita;RO1.9.9.0.00.00.00;1.9.9.0.00.00.00 - Receitas Diversas;0,12;13309
2015;Prefeitura Municipal de Ilhota - SC;4207106;SC;DCA-Anexo I-C;NA;Receitas Brutas Realizadas;RO2.0.0.0.00.00.00;2.0.0.0.00.00.00 - Receitas de Capital;1966970,67;13309
2015;Prefeitura Municipal de Ilhota - SC;4207106;SC;DCA-Anexo I-C;NA;Receitas Brutas Realizadas;RO2.2.0.0.00.00.00;2.2.0.0.00.00.00 - Alienação de Bens;93700,00;13309
2015;Prefeitura Municipal de Ilhota - SC;4207106;SC;DCA-Anexo I-C;NA;Receitas Brutas Realizadas;RO2.2.1.0.00.00.00;2.2.1.0.00.00.00 - Alienação de Bens Móveis;93700,00;13309
2015;Prefeitura Municipal de Ilhota - SC;4207106;SC;DCA-Anexo I-C;NA;Receitas Brutas Realizadas;RO2.4.0.0.00.00.00;2.4.0.0.00.00.00 - Transferências de Capital;1873270,67;13309
2015;Prefeitura Municipal de Ilhota - SC;4207106;SC;DCA-Anexo I-C;NA;Receitas Brutas Realizadas;RO2.4.2.0.00.00.00;2.4.2.0.00.00.00 - Transferências Intergovernamentais;10000,00;13309
2015;Prefeitura Municipal de Ilhota - SC;4207106;SC;DCA-Anexo I-C;NA;Receitas Brutas Realizadas;RO2.4.2.2.00.00.00;2.4.2.2.00.00.00 - Transferências dos Estados;10000,00;13309
2015;Prefeitura Municipal de Ilhota - SC;4207106;SC;DCA-Anexo I-C;NA;Receitas Brutas Realizadas;RO2.4.2.2.99.00.00;2.4.2.2.99.00.00 - Outras Transferências dos Estados;10000,00;13309
2015;Prefeitura Municipal de Ilhota - SC;4207106;SC;DCA-Anexo I-C;NA;Receitas Brutas Realizadas;RO2.4.7.0.00.00.00;2.4.7.0.00.00.00 - Transferências de Convênios;1863270,67;13309
2015;Prefeitura Municipal de Ilhota - SC;4207106;SC;DCA-Anexo I-C;NA;Receitas Brutas Realizadas;RO2.4.7.2.00.00.00;2.4.7.2.00.00.00 - Transferências de Convênios dos Estados e do Distrito Federal e de suas Entidades;1863270,67;13309
2015;Prefeitura Municipal de Ilhota - SC;4207106;SC;DCA-Anexo I-C;NA;Receitas Brutas Realizadas;RO2.4.7.2.05.00.00;2.4.7.2.05.00.00 - Transferências de Convênios dos Estados Destinadas a Programas de Infraestrutura em Transporte;1863270,67;13309
2015;Prefeitura Municipal de Ilhota - SC;4207106;SC;DCA-Anexo I-C;NA;Receitas Brutas Realizadas;RI7.0.0.0.00.00.00;7.0.0.0.00.00.00 - Receitas Correntes Intraorçamentárias;586407,88;13309
2015;Prefeitura Municipal de Ilhota - SC;4207106;SC;DCA-Anexo I-C;NA;Receitas Brutas Realizadas;RI7.2.0.0.00.00.00;7.2.0.0.00.00.00 - Receitas de Contribuições Intraorçamentárias;586407,88;13309
2015;Prefeitura Municipal de Ilhota - SC;4207106;SC;DCA-Anexo I-C;NA;Receitas Brutas Realizadas;RI7.2.1.0.00.00.00;7.2.1.0.00.00.00 - Contribuições Sociais Intraorçamentárias;586407,88;13309
2015;Prefeitura Municipal de Ilhota - SC;4207106;SC;DCA-Anexo I-C;NA;Receitas Brutas Realizadas;RI7.2.1.0.29.00.00;7.2.1.0.29.00.00 - Contribuições para o Regime Próprio de Previdência do Servidor Público Intraorçamentárias;586407,88;13309
2015;Prefeitura Municipal de Ilhota - SC;4207106;SC;DCA-Anexo I-C;NA;Receitas Brutas Realizadas;RI7.2.1.0.29.01.00;7.2.1.0.29.01.00 - Contribuição Patronal de Servidor Ativo Civil para o Regime Próprio Intraorçamentária;426407,88;13309
2015;Prefeitura Municipal de Ilhota - SC;4207106;SC;DCA-Anexo I-C;NA;Receitas Brutas Realizadas;RI7.2.1.0.29.99.00;7.2.1.0.29.99.00 - Outras Contribuições para o Regime Próprio de Previdência do Servidor Público Intraorçamentárias;160000,00;13309
2016;Prefeitura Municipal de Ilhota - SC;4207106;SC;DCA-Anexo I-C;NA;Receitas Brutas Realizadas;TotalReceitas;Total Receitas;44211062,33;13493
2016;Prefeitura Municipal de Ilhota - SC;4207106;SC;DCA-Anexo I-C;NA;Deduções - FUNDEB;TotalReceitas;Total Receitas;3481246,15;13493
2016;Prefeitura Municipal de Ilhota - SC;4207106;SC;DCA-Anexo I-C;NA;Outras Deduções da Receita;TotalReceitas;Total Receitas;626914,30;13493
2016;Prefeitura Municipal de Ilhota - SC;4207106;SC;DCA-Anexo I-C;NA;Receitas Brutas Realizadas;RO1.0.0.0.00.00.00;1.0.0.0.00.00.00 - Receitas Correntes;40847841,80;13493
2016;Prefeitura Municipal de Ilhota - SC;4207106;SC;DCA-Anexo I-C;NA;Deduções - FUNDEB;RO1.0.0.0.00.00.00;1.0.0.0.00.00.00 - Receitas Correntes;3481246,15;13493
2016;Prefeitura Municipal de Ilhota - SC;4207106;SC;DCA-Anexo I-C;NA;Outras Deduções da Receita;RO1.0.0.0.00.00.00;1.0.0.0.00.00.00 - Receitas Correntes;626914,30;13493
2016;Prefeitura Municipal de Ilhota - SC;4207106;SC;DCA-Anexo I-C;NA;Receitas Brutas Realizadas;RO1.1.0.0.00.00.00;1.1.0.0.00.00.00 - Receita Tributária;4429741,90;13493
2016;Prefeitura Municipal de Ilhota - SC;4207106;SC;DCA-Anexo I-C;NA;Outras Deduções da Receita;RO1.1.0.0.00.00.00;1.1.0.0.00.00.00 - Receita Tributária;22378,52;13493
2016;Prefeitura Municipal de Ilhota - SC;4207106;SC;DCA-Anexo I-C;NA;Receitas Brutas Realizadas;RO1.1.1.0.00.00.00;1.1.1.0.00.00.00 - Impostos;3629792,48;13493
2016;Prefeitura Municipal de Ilhota - SC;4207106;SC;DCA-Anexo I-C;NA;Outras Deduções da Receita;RO1.1.1.0.00.00.00;1.1.1.0.00.00.00 - Impostos;22378,52;13493
2016;Prefeitura Municipal de Ilhota - SC;4207106;SC;DCA-Anexo I-C;NA;Receitas Brutas Realizadas;RO1.1.1.2.00.00.00;1.1.1.2.00.00.00 - Impostos sobre o Patrimônio e a Renda;1037111,79;13493
2016;Prefeitura Municipal de Ilhota - SC;4207106;SC;DCA-Anexo I-C;NA;Outras Deduções da Receita;RO1.1.1.2.00.00.00;1.1.1.2.00.00.00 - Impostos sobre o Patrimônio e a Renda;22378,52;13493
2016;Prefeitura Municipal de Ilhota - SC;4207106;SC;DCA-Anexo I-C;NA;Receitas Brutas Realizadas;RO1.1.1.2.02.00.00;1.1.1.2.02.00.00 - Imposto sobre a Propriedade Predial e Territorial Urbana ¿ IPTU;594283,78;13493
2016;Prefeitura Municipal de Ilhota - SC;4207106;SC;DCA-Anexo I-C;NA;Outras Deduções da Receita;RO1.1.1.2.02.00.00;1.1.1.2.02.00.00 - Imposto sobre a Propriedade Predial e Territorial Urbana ¿ IPTU;22378,52;13493
2016;Prefeitura Municipal de Ilhota - SC;4207106;SC;DCA-Anexo I-C;NA;Receitas Brutas Realizadas;RO1.1.1.2.04.00.00;1.1.1.2.04.00.00 - Imposto sobre a Renda e Proventos de Qualquer Natureza ¿ IR;118553,73;13493
2016;Prefeitura Municipal de Ilhota - SC;4207106;SC;DCA-Anexo I-C;NA;Receitas Brutas Realizadas;RO1.1.1.2.04.31.00;1.1.1.2.04.31.00 - Retido nas Fontes - Trabalho;118553,73;13493
2016;Prefeitura Municipal de Ilhota - SC;4207106;SC;DCA-Anexo I-C;NA;Receitas Brutas Realizadas;RO1.1.1.2.08.00.00;"1.1.1.2.08.00.00 - Imposto sobre Transmissão ""Inter Vivos"" de Bens Imóveis e de Direitos Reais sobre Imóveis ¿ ITBI";324274,28;13493
2016;Prefeitura Municipal de Ilhota - SC;4207106;SC;DCA-Anexo I-C;NA;Receitas Brutas Realizadas;RO1.1.1.3.00.00.00;1.1.1.3.00.00.00 - Impostos sobre a Produção e a Circulação;2592680,69;13493
2016;Prefeitura Municipal de Ilhota - SC;4207106;SC;DCA-Anexo I-C;NA;Receitas Brutas Realizadas;RO1.1.1.3.05.00.00;1.1.1.3.05.00.00 - Imposto sobre Serviços de Qualquer Natureza ¿ ISSQN;2592680,69;13493
2016;Prefeitura Municipal de Ilhota - SC;4207106;SC;DCA-Anexo I-C;NA;Receitas Brutas Realizadas;RO1.1.2.0.00.00.00;1.1.2.0.00.00.00 - Taxas;799949,42;13493
2016;Prefeitura Municipal de Ilhota - SC;4207106;SC;DCA-Anexo I-C;NA;Receitas Brutas Realizadas;RO1.1.2.1.00.00.00;1.1.2.1.00.00.00 - Taxas pelo Exercício do Poder de Polícia;218313,59;13493
2016;Prefeitura Municipal de Ilhota - SC;4207106;SC;DCA-Anexo I-C;NA;Receitas Brutas Realizadas;RO1.1.2.2.00.00.00;1.1.2.2.00.00.00 - Taxas pela Prestação de Serviços;581635,83;13493
2016;Prefeitura Municipal de Ilhota - SC;4207106;SC;DCA-Anexo I-C;NA;Receitas Brutas Realizadas;RO1.1.2.2.90.00.00;1.1.2.2.90.00.00 - Taxa de Limpeza Pública;484226,88;13493
2016;Prefeitura Municipal de Ilhota - SC;4207106;SC;DCA-Anexo I-C;NA;Receitas Brutas Realizadas;RO1.1.2.2.99.00.00;1.1.2.2.99.00.00 - Outras Taxas pela Prestação de Serviços;97408,95;13493
2016;Prefeitura Municipal de Ilhota - SC;4207106;SC;DCA-Anexo I-C;NA;Receitas Brutas Realizadas;RO1.2.0.0.00.00.00;1.2.0.0.00.00.00 - Receitas de Contribuições;1575892,90;13493
2016;Prefeitura Municipal de Ilhota - SC;4207106;SC;DCA-Anexo I-C;NA;Receitas Brutas Realizadas;RO1.2.1.0.00.00.00;1.2.1.0.00.00.00 - Contribuições Sociais;648698,36;13493
2016;Prefeitura Municipal de Ilhota - SC;4207106;SC;DCA-Anexo I-C;NA;Receitas Brutas Realizadas;RO1.2.1.0.29.00.00;1.2.1.0.29.00.00 - Contribuições para o Regime Próprio de Previdência do Servidor Público;648698,36;13493
2016;Prefeitura Municipal de Ilhota - SC;4207106;SC;DCA-Anexo I-C;NA;Receitas Brutas Realizadas;RO1.2.1.0.29.01.00;1.2.1.0.29.01.00 - Contribuição Patronal de Servidor Ativo Civil para o Regime Próprio;648698,36;13493
2016;Prefeitura Municipal de Ilhota - SC;4207106;SC;DCA-Anexo I-C;NA;Receitas Brutas Realizadas;RO1.2.2.0.00.00.00;1.2.2.0.00.00.00 - Contribuições de Intervenção no Domínio Econômico;927194,54;13493
2016;Prefeitura Municipal de Ilhota - SC;4207106;SC;DCA-Anexo I-C;NA;Receitas Brutas Realizadas;RO1.2.2.0.99.00.00;1.2.2.0.99.00.00 - Outras Contribuições Econômicas;927194,54;13493
2016;Prefeitura Municipal de Ilhota - SC;4207106;SC;DCA-Anexo I-C;NA;Receitas Brutas Realizadas;RO1.3.0.0.00.00.00;1.3.0.0.00.00.00 - Receita Patrimonial;2991660,40;13493
2016;Prefeitura Municipal de Ilhota - SC;4207106;SC;DCA-Anexo I-C;NA;Outras Deduções da Receita;RO1.3.0.0.00.00.00;1.3.0.0.00.00.00 - Receita Patrimonial;604186,63;13493
2016;Prefeitura Municipal de Ilhota - SC;4207106;SC;DCA-Anexo I-C;NA;Receitas Brutas Realizadas;RO1.3.2.0.00.00.00;1.3.2.0.00.00.00 - Receitas de Valores Mobiliários;2991660,40;13493
2016;Prefeitura Municipal de Ilhota - SC;4207106;SC;DCA-Anexo I-C;NA;Outras Deduções da Receita;RO1.3.2.0.00.00.00;1.3.2.0.00.00.00 - Receitas de Valores Mobiliários;604186,63;13493
2016;Prefeitura Municipal de Ilhota - SC;4207106;SC;DCA-Anexo I-C;NA;Receitas Brutas Realizadas;RO1.3.2.5.00.00.00;1.3.2.5.00.00.00 - Remuneração de Depósitos Bancários;412944,32;13493
2016;Prefeitura Municipal de Ilhota - SC;4207106;SC;DCA-Anexo I-C;NA;Receitas Brutas Realizadas;RO1.3.2.8.00.00.00;1.3.2.8.00.00.00 - Remuneração dos Investimentos do Regime Próprio de Previdência do Servidor;2578716,08;13493
2016;Prefeitura Municipal de Ilhota - SC;4207106;SC;DCA-Anexo I-C;NA;Outras Deduções da Receita;RO1.3.2.8.00.00.00;1.3.2.8.00.00.00 - Remuneração dos Investimentos do Regime Próprio de Previdência do Servidor;604186,63;13493
2016;Prefeitura Municipal de Ilhota - SC;4207106;SC;DCA-Anexo I-C;NA;Receitas Brutas Realizadas;RO1.7.0.0.00.00.00;1.7.0.0.00.00.00 - Transferências Correntes;31599565,97;13493
2016;Prefeitura Municipal de Ilhota - SC;4207106;SC;DCA-Anexo I-C;NA;Deduções - FUNDEB;RO1.7.0.0.00.00.00;1.7.0.0.00.00.00 - Transferências Correntes;3481246,15;13493
2016;Prefeitura Municipal de Ilhota - SC;4207106;SC;DCA-Anexo I-C;NA;Receitas Brutas Realizadas;RO1.7.2.0.00.00.00;1.7.2.0.00.00.00 - Transferências Intergovernamentais;31286977,00;13493
2016;Prefeitura Municipal de Ilhota - SC;4207106;SC;DCA-Anexo I-C;NA;Deduções - FUNDEB;RO1.7.2.0.00.00.00;1.7.2.0.00.00.00 - Transferências Intergovernamentais;3481246,15;13493
2016;Prefeitura Municipal de Ilhota - SC;4207106;SC;DCA-Anexo I-C;NA;Receitas Brutas Realizadas;RO1.7.2.1.00.00.00;1.7.2.1.00.00.00 - Transferências da União;13959380,69;13493
2016;Prefeitura Municipal de Ilhota - SC;4207106;SC;DCA-Anexo I-C;NA;Deduções - FUNDEB;RO1.7.2.1.00.00.00;1.7.2.1.00.00.00 - Transferências da União;1805153,76;13493
2016;Prefeitura Municipal de Ilhota - SC;4207106;SC;DCA-Anexo I-C;NA;Receitas Brutas Realizadas;RO1.7.2.1.01.00.00;1.7.2.1.01.00.00 - Participação na Receita da União;9658509,23;13493
2016;Prefeitura Municipal de Ilhota - SC;4207106;SC;DCA-Anexo I-C;NA;Deduções - FUNDEB;RO1.7.2.1.01.00.00;1.7.2.1.01.00.00 - Participação na Receita da União;1799417,40;13493
2016;Prefeitura Municipal de Ilhota - SC;4207106;SC;DCA-Anexo I-C;NA;Receitas Brutas Realizadas;RO1.7.2.1.01.02.00;1.7.2.1.01.02.00 - Cota-Parte do Fundo de Participação dos Municípios ¿ FPM;8962534,64;13493
2016;Prefeitura Municipal de Ilhota - SC;4207106;SC;DCA-Anexo I-C;NA;Deduções - FUNDEB;RO1.7.2.1.01.02.00;1.7.2.1.01.02.00 - Cota-Parte do Fundo de Participação dos Municípios ¿ FPM;1792506,89;13493
2016;Prefeitura Municipal de Ilhota - SC;4207106;SC;DCA-Anexo I-C;NA;Receitas Brutas Realizadas;RO1.7.2.1.01.03.00;1.7.2.1.01.03.00 - Cota-Parte do Fundo de Participação dos Municípios - 1% Cota Anual;396248,84;13493
2016;Prefeitura Municipal de Ilhota - SC;4207106;SC;DCA-Anexo I-C;NA;Receitas Brutas Realizadas;RO1.7.2.1.01.04.00;1.7.2.1.01.04.00 - Cota-Parte do Fundo de Participação dos Municípios - 1% Cota entregue no mês de julho (67)(I);265172,55;13493
2016;Prefeitura Municipal de Ilhota - SC;4207106;SC;DCA-Anexo I-C;NA;Receitas Brutas Realizadas;RO1.7.2.1.01.05.00;1.7.2.1.01.05.00 - Cota-Parte do Imposto Sobre a Propriedade Territorial Rural ¿ ITR;34553,20;13493
2016;Prefeitura Municipal de Ilhota - SC;4207106;SC;DCA-Anexo I-C;NA;Deduções - FUNDEB;RO1.7.2.1.01.05.00;1.7.2.1.01.05.00 - Cota-Parte do Imposto Sobre a Propriedade Territorial Rural ¿ ITR;6910,51;13493
2016;Prefeitura Municipal de Ilhota - SC;4207106;SC;DCA-Anexo I-C;NA;Receitas Brutas Realizadas;RO1.7.2.1.22.00.00;1.7.2.1.22.00.00 - Transferências da Compensação Financeira pela Exploração de Recursos Naturais;100659,33;13493
2016;Prefeitura Municipal de Ilhota - SC;4207106;SC;DCA-Anexo I-C;NA;Receitas Brutas Realizadas;RO1.7.2.1.22.20.00;1.7.2.1.22.20.00 - Cota-Parte da Compensação Financeira de Recursos Minerais - CFEM;25254,59;13493
2016;Prefeitura Municipal de Ilhota - SC;4207106;SC;DCA-Anexo I-C;NA;Receitas Brutas Realizadas;RO1.7.2.1.22.70.00;1.7.2.1.22.70.00 - Cota-Parte do Fundo Especial do Petróleo ¿ FEP;75404,74;13493
2016;Prefeitura Municipal de Ilhota - SC;4207106;SC;DCA-Anexo I-C;NA;Receitas Brutas Realizadas;RO1.7.2.1.33.00.00;1.7.2.1.33.00.00 - Transferências de Recursos do Sistema Único de Saúde - SUS - Repasses Fundo a Fundo;2019859,70;13493
2016;Prefeitura Municipal de Ilhota - SC;4207106;SC;DCA-Anexo I-C;NA;Receitas Brutas Realizadas;RO1.7.2.1.34.00.00;1.7.2.1.34.00.00 - Transferências de Recursos do Fundo Nacional de Assistência Social ¿ FNAS;114282,70;13493
2016;Prefeitura Municipal de Ilhota - SC;4207106;SC;DCA-Anexo I-C;NA;Receitas Brutas Realizadas;RO1.7.2.1.35.00.00;1.7.2.1.35.00.00 - Transferências de Recursos do Fundo Nacional do Desenvolvimento da Educação ¿ FNDE;1188296,65;13493
2016;Prefeitura Municipal de Ilhota - SC;4207106;SC;DCA-Anexo I-C;NA;Receitas Brutas Realizadas;RO1.7.2.1.36.00.00;1.7.2.1.36.00.00 - Transferências Financeiras do ICMS ¿ Desoneração ¿ L.C. Nº 87/96;28682,16;13493
2016;Prefeitura Municipal de Ilhota - SC;4207106;SC;DCA-Anexo I-C;NA;Deduções - FUNDEB;RO1.7.2.1.36.00.00;1.7.2.1.36.00.00 - Transferências Financeiras do ICMS ¿ Desoneração ¿ L.C. Nº 87/96;5736,36;13493
2016;Prefeitura Municipal de Ilhota - SC;4207106;SC;DCA-Anexo I-C;NA;Receitas Brutas Realizadas;RO1.7.2.1.99.00.00;1.7.2.1.99.00.00 - Outras Transferências da União;849090,92;13493
2016;Prefeitura Municipal de Ilhota - SC;4207106;SC;DCA-Anexo I-C;NA;Receitas Brutas Realizadas;RO1.7.2.2.00.00.00;1.7.2.2.00.00.00 - Transferências dos Estados;9010024,68;13493
2016;Prefeitura Municipal de Ilhota - SC;4207106;SC;DCA-Anexo I-C;NA;Deduções - FUNDEB;RO1.7.2.2.00.00.00;1.7.2.2.00.00.00 - Transferências dos Estados;1676092,39;13493
2016;Prefeitura Municipal de Ilhota - SC;4207106;SC;DCA-Anexo I-C;NA;Receitas Brutas Realizadas;RO1.7.2.2.01.00.00;1.7.2.2.01.00.00 - Participação na Receita dos Estados;8401531,42;13493
2016;Prefeitura Municipal de Ilhota - SC;4207106;SC;DCA-Anexo I-C;NA;Deduções - FUNDEB;RO1.7.2.2.01.00.00;1.7.2.2.01.00.00 - Participação na Receita dos Estados;1676092,39;13493
2016;Prefeitura Municipal de Ilhota - SC;4207106;SC;DCA-Anexo I-C;NA;Receitas Brutas Realizadas;RO1.7.2.2.01.01.00;1.7.2.2.01.01.00 - Cota-Parte do ICMS;7191441,26;13493
2016;Prefeitura Municipal de Ilhota - SC;4207106;SC;DCA-Anexo I-C;NA;Deduções - FUNDEB;RO1.7.2.2.01.01.00;1.7.2.2.01.01.00 - Cota-Parte do ICMS;1438287,19;13493
2016;Prefeitura Municipal de Ilhota - SC;4207106;SC;DCA-Anexo I-C;NA;Receitas Brutas Realizadas;RO1.7.2.2.01.02.00;1.7.2.2.01.02.00 - Cota-Parte do IPVA;1083420,44;13493
2016;Prefeitura Municipal de Ilhota - SC;4207106;SC;DCA-Anexo I-C;NA;Deduções - FUNDEB;RO1.7.2.2.01.02.00;1.7.2.2.01.02.00 - Cota-Parte do IPVA;217256,27;13493
2016;Prefeitura Municipal de Ilhota - SC;4207106;SC;DCA-Anexo I-C;NA;Receitas Brutas Realizadas;RO1.7.2.2.01.04.00;1.7.2.2.01.04.00 - Cota-Parte do IPI - Municípios;102745,17;13493
2016;Prefeitura Municipal de Ilhota - SC;4207106;SC;DCA-Anexo I-C;NA;Deduções - FUNDEB;RO1.7.2.2.01.04.00;1.7.2.2.01.04.00 - Cota-Parte do IPI - Municípios;20548,93;13493
2016;Prefeitura Municipal de Ilhota - SC;4207106;SC;DCA-Anexo I-C;NA;Receitas Brutas Realizadas;RO1.7.2.2.01.13.00;1.7.2.2.01.13.00 - Cota-Parte da Contribuição de Intervenção no Domínio Econômico;23924,55;13493
2016;Prefeitura Municipal de Ilhota - SC;4207106;SC;DCA-Anexo I-C;NA;Receitas Brutas Realizadas;RO1.7.2.2.33.00.00;1.7.2.2.33.00.00 - Transferências de Recursos do Estado para Programas de Saúde - Repasse Fundo a Fundo;270583,00;13493
2016;Prefeitura Municipal de Ilhota - SC;4207106;SC;DCA-Anexo I-C;NA;Receitas Brutas Realizadas;RO1.7.2.2.99.00.00;1.7.2.2.99.00.00 - Outras Transferências dos Estados;337910,26;13493
2016;Prefeitura Municipal de Ilhota - SC;4207106;SC;DCA-Anexo I-C;NA;Receitas Brutas Realizadas;RO1.7.2.4.00.00.00;1.7.2.4.00.00.00 - Transferências Multigovernamentais;8317571,63;13493
2016;Prefeitura Municipal de Ilhota - SC;4207106;SC;DCA-Anexo I-C;NA;Receitas Brutas Realizadas;RO1.7.2.4.01.00.00;1.7.2.4.01.00.00 - Transferências de Recursos do Fundo de Manutenção e Desenvolvimento do Ensino Fundamental e de Valorização do Magistério - FUNDEB;8317571,63;13493
2016;Prefeitura Municipal de Ilhota - SC;4207106;SC;DCA-Anexo I-C;NA;Receitas Brutas Realizadas;RO1.7.6.0.00.00.00;1.7.6.0.00.00.00 - Transferências de Convênios;312588,97;13493
2016;Prefeitura Municipal de Ilhota - SC;4207106;SC;DCA-Anexo I-C;NA;Receitas Brutas Realizadas;RO1.7.6.1.00.00.00;1.7.6.1.00.00.00 - Transferências de Convênios da União e de Suas Entidades;116328,32;13493
2016;Prefeitura Municipal de Ilhota - SC;4207106;SC;DCA-Anexo I-C;NA;Receitas Brutas Realizadas;RO1.7.6.1.03.00.00;1.7.6.1.03.00.00 - Transferências de Convênios da União Destinadas a Programas de Assistência Social;116328,32;13493
2016;Prefeitura Municipal de Ilhota - SC;4207106;SC;DCA-Anexo I-C;NA;Receitas Brutas Realizadas;RO1.7.6.2.00.00.00;1.7.6.2.00.00.00 - Transferências de Convênios dos Estados e do Distrito Federal e de Suas Entidades;196260,65;13493
2016;Prefeitura Municipal de Ilhota - SC;4207106;SC;DCA-Anexo I-C;NA;Receitas Brutas Realizadas;RO1.7.6.2.99.00.00;1.7.6.2.99.00.00 - Outras Transferências de Convênios dos Estados;196260,65;13493
2016;Prefeitura Municipal de Ilhota - SC;4207106;SC;DCA-Anexo I-C;NA;Receitas Brutas Realizadas;RO1.9.0.0.00.00.00;1.9.0.0.00.00.00 - Outras Receitas Correntes;250980,63;13493
2016;Prefeitura Municipal de Ilhota - SC;4207106;SC;DCA-Anexo I-C;NA;Outras Deduções da Receita;RO1.9.0.0.00.00.00;1.9.0.0.00.00.00 - Outras Receitas Correntes;349,15;13493
2016;Prefeitura Municipal de Ilhota - SC;4207106;SC;DCA-Anexo I-C;NA;Receitas Brutas Realizadas;RO1.9.1.0.00.00.00;1.9.1.0.00.00.00 - Multas e Juros de Mora;84798,34;13493
2016;Prefeitura Municipal de Ilhota - SC;4207106;SC;DCA-Anexo I-C;NA;Outras Deduções da Receita;RO1.9.1.0.00.00.00;1.9.1.0.00.00.00 - Multas e Juros de Mora;349,15;13493
2016;Prefeitura Municipal de Ilhota - SC;4207106;SC;DCA-Anexo I-C;NA;Receitas Brutas Realizadas;RO1.9.1.1.00.00.00;1.9.1.1.00.00.00 - Multas e Juros de Mora dos Tributos;29547,49;13493
2016;Prefeitura Municipal de Ilhota - SC;4207106;SC;DCA-Anexo I-C;NA;Outras Deduções da Receita;RO1.9.1.1.00.00.00;1.9.1.1.00.00.00 - Multas e Juros de Mora dos Tributos;295,37;13493
2016;Prefeitura Municipal de Ilhota - SC;4207106;SC;DCA-Anexo I-C;NA;Receitas Brutas Realizadas;RO1.9.1.1.38.00.00;1.9.1.1.38.00.00 - Multas e Juros de Mora do Imposto sobre a Propriedade Predial e Territorial Urbana ¿ IPTU;10137,60;13493
2016;Prefeitura Municipal de Ilhota - SC;4207106;SC;DCA-Anexo I-C;NA;Outras Deduções da Receita;RO1.9.1.1.38.00.00;1.9.1.1.38.00.00 - Multas e Juros de Mora do Imposto sobre a Propriedade Predial e Territorial Urbana ¿ IPTU;141,68;13493
2016;Prefeitura Municipal de Ilhota - SC;4207106;SC;DCA-Anexo I-C;NA;Receitas Brutas Realizadas;RO1.9.1.1.40.00.00;1.9.1.1.40.00.00 - Multas e Juros de Mora do Imposto sobre Serviços de Qualquer Natureza ¿ ISS;5942,11;13493
2016;Prefeitura Municipal de Ilhota - SC;4207106;SC;DCA-Anexo I-C;NA;Outras Deduções da Receita;RO1.9.1.1.40.00.00;1.9.1.1.40.00.00 - Multas e Juros de Mora do Imposto sobre Serviços de Qualquer Natureza ¿ ISS;4,88;13493
2016;Prefeitura Municipal de Ilhota - SC;4207106;SC;DCA-Anexo I-C;NA;Receitas Brutas Realizadas;RO1.9.1.1.99.00.00;1.9.1.1.99.00.00 - Multas e Juros de Mora de Outros Tributos;13467,78;13493
2016;Prefeitura Municipal de Ilhota - SC;4207106;SC;DCA-Anexo I-C;NA;Outras Deduções da Receita;RO1.9.1.1.99.00.00;1.9.1.1.99.00.00 - Multas e Juros de Mora de Outros Tributos;148,81;13493
2016;Prefeitura Municipal de Ilhota - SC;4207106;SC;DCA-Anexo I-C;NA;Receitas Brutas Realizadas;RO1.9.1.3.00.00.00;1.9.1.3.00.00.00 - Multas e Juros de Mora da Dívida Ativa dos Tributos;55250,85;13493
2016;Prefeitura Municipal de Ilhota - SC;4207106;SC;DCA-Anexo I-C;NA;Outras Deduções da Receita;RO1.9.1.3.00.00.00;1.9.1.3.00.00.00 - Multas e Juros de Mora da Dívida Ativa dos Tributos;53,78;13493
2016;Prefeitura Municipal de Ilhota - SC;4207106;SC;DCA-Anexo I-C;NA;Receitas Brutas Realizadas;RO1.9.1.3.11.00.00;1.9.1.3.11.00.00 - Multas e Juros de Mora da Dívida Ativa do Imposto sobre a Propriedade Predial e Territorial Urbana ¿ IPTU;16653,35;13493
2016;Prefeitura Municipal de Ilhota - SC;4207106;SC;DCA-Anexo I-C;NA;Outras Deduções da Receita;RO1.9.1.3.11.00.00;1.9.1.3.11.00.00 - Multas e Juros de Mora da Dívida Ativa do Imposto sobre a Propriedade Predial e Territorial Urbana ¿ IPTU;16,14;13493
2016;Prefeitura Municipal de Ilhota - SC;4207106;SC;DCA-Anexo I-C;NA;Receitas Brutas Realizadas;RO1.9.1.3.13.00.00;1.9.1.3.13.00.00 - Multas e Juros de Mora da Dívida Ativa do Imposto sobre Serviços de Qualquer Natureza ¿ ISS;7455,50;13493
2016;Prefeitura Municipal de Ilhota - SC;4207106;SC;DCA-Anexo I-C;NA;Outras Deduções da Receita;RO1.9.1.3.13.00.00;1.9.1.3.13.00.00 - Multas e Juros de Mora da Dívida Ativa do Imposto sobre Serviços de Qualquer Natureza ¿ ISS;10,26;13493
2016;Prefeitura Municipal de Ilhota - SC;4207106;SC;DCA-Anexo I-C;NA;Receitas Brutas Realizadas;RO1.9.1.3.99.00.00;1.9.1.3.99.00.00 - Multas e Juros de Mora da Dívida Ativa de Outros Tributos;31142,00;13493
2016;Prefeitura Municipal de Ilhota - SC;4207106;SC;DCA-Anexo I-C;NA;Outras Deduções da Receita;RO1.9.1.3.99.00.00;1.9.1.3.99.00.00 - Multas e Juros de Mora da Dívida Ativa de Outros Tributos;27,38;13493
2016;Prefeitura Municipal de Ilhota - SC;4207106;SC;DCA-Anexo I-C;NA;Receitas Brutas Realizadas;RO1.9.2.0.00.00.00;1.9.2.0.00.00.00 - Indenizações e Restituições;430,33;13493
2016;Prefeitura Municipal de Ilhota - SC;4207106;SC;DCA-Anexo I-C;NA;Receitas Brutas Realizadas;RO1.9.2.1.00.00.00;1.9.2.1.00.00.00 - Indenizações;126,29;13493
2016;Prefeitura Municipal de Ilhota - SC;4207106;SC;DCA-Anexo I-C;NA;Receitas Brutas Realizadas;RO1.9.2.2.00.00.00;1.9.2.2.00.00.00 - Restituições;304,04;13493
2016;Prefeitura Municipal de Ilhota - SC;4207106;SC;DCA-Anexo I-C;NA;Receitas Brutas Realizadas;RO1.9.2.2.99.00.00;1.9.2.2.99.00.00 - Outras Restituições;304,04;13493
2016;Prefeitura Municipal de Ilhota - SC;4207106;SC;DCA-Anexo I-C;NA;Receitas Brutas Realizadas;RO1.9.3.0.00.00.00;1.9.3.0.00.00.00 - Receita da Dívida Ativa;157554,32;13493
2016;Prefeitura Municipal de Ilhota - SC;4207106;SC;DCA-Anexo I-C;NA;Receitas Brutas Realizadas;RO1.9.3.1.00.00.00;1.9.3.1.00.00.00 - Receita da Dívida Ativa Tributária;157554,32;13493
2016;Prefeitura Municipal de Ilhota - SC;4207106;SC;DCA-Anexo I-C;NA;Receitas Brutas Realizadas;RO1.9.3.1.11.00.00;1.9.3.1.11.00.00 - Receita da Dívida Ativa do Imposto sobre a Propriedade Predial e Territorial Urbana ¿ IPTU;77558,89;13493
2016;Prefeitura Municipal de Ilhota - SC;4207106;SC;DCA-Anexo I-C;NA;Receitas Brutas Realizadas;RO1.9.3.1.13.00.00;1.9.3.1.13.00.00 - Receita da Dívida Ativa do Imposto sobre Serviços de Qualquer Natureza ¿ ISS;1930,89;13493
2016;Prefeitura Municipal de Ilhota - SC;4207106;SC;DCA-Anexo I-C;NA;Receitas Brutas Realizadas;RO1.9.3.1.99.00.00;1.9.3.1.99.00.00 - Receita da Dívida Ativa de Outros Tributos;78064,54;13493
2016;Prefeitura Municipal de Ilhota - SC;4207106;SC;DCA-Anexo I-C;NA;Receitas Brutas Realizadas;RO1.9.9.0.00.00.00;1.9.9.0.00.00.00 - Receitas Diversas;8197,64;13493
2016;Prefeitura Municipal de Ilhota - SC;4207106;SC;DCA-Anexo I-C;NA;Receitas Brutas Realizadas;RO1.9.9.0.02.00.00;1.9.9.0.02.00.00 - Encargos Legais pela Inscrição em Dívida Ativa e Receitas de Ônus de Sucumbência;6156,54;13493
2016;Prefeitura Municipal de Ilhota - SC;4207106;SC;DCA-Anexo I-C;NA;Receitas Brutas Realizadas;RO1.9.9.0.99.00.00;1.9.9.0.99.00.00 - Outras Receitas;2041,10;13493
2016;Prefeitura Municipal de Ilhota - SC;4207106;SC;DCA-Anexo I-C;NA;Receitas Brutas Realizadas;RO2.0.0.0.00.00.00;2.0.0.0.00.00.00 - Receitas de Capital;1825823,87;13493
2016;Prefeitura Municipal de Ilhota - SC;4207106;SC;DCA-Anexo I-C;NA;Receitas Brutas Realizadas;RO2.4.0.0.00.00.00;2.4.0.0.00.00.00 - Transferências de Capital;1784300,07;13493
2016;Prefeitura Municipal de Ilhota - SC;4207106;SC;DCA-Anexo I-C;NA;Receitas Brutas Realizadas;RO2.4.2.0.00.00.00;2.4.2.0.00.00.00 - Transferências Intergovernamentais;584354,42;13493
2016;Prefeitura Municipal de Ilhota - SC;4207106;SC;DCA-Anexo I-C;NA;Receitas Brutas Realizadas;RO2.4.2.1.00.00.00;2.4.2.1.00.00.00 - Transferências da União;584354,42;13493
2016;Prefeitura Municipal de Ilhota - SC;4207106;SC;DCA-Anexo I-C;NA;Receitas Brutas Realizadas;RO2.4.2.1.99.00.00;2.4.2.1.99.00.00 - Outras Transferências da União;584354,42;13493
2016;Prefeitura Municipal de Ilhota - SC;4207106;SC;DCA-Anexo I-C;NA;Receitas Brutas Realizadas;RO2.4.7.0.00.00.00;2.4.7.0.00.00.00 - Transferências de Convênios;1199945,65;13493
2016;Prefeitura Municipal de Ilhota - SC;4207106;SC;DCA-Anexo I-C;NA;Receitas Brutas Realizadas;RO2.4.7.1.00.00.00;2.4.7.1.00.00.00 - Transferências de Convênios da União e de suas Entidades;50000,00;13493
2016;Prefeitura Municipal de Ilhota - SC;4207106;SC;DCA-Anexo I-C;NA;Receitas Brutas Realizadas;RO2.4.7.1.99.00.00;2.4.7.1.99.00.00 - Outras Transferências de Convênios da União;50000,00;13493
2016;Prefeitura Municipal de Ilhota - SC;4207106;SC;DCA-Anexo I-C;NA;Receitas Brutas Realizadas;RO2.4.7.2.00.00.00;2.4.7.2.00.00.00 - Transferências de Convênios dos Estados e do Distrito Federal e de suas Entidades;1149945,65;13493
2016;Prefeitura Municipal de Ilhota - SC;4207106;SC;DCA-Anexo I-C;NA;Receitas Brutas Realizadas;RO2.4.7.2.05.00.00;2.4.7.2.05.00.00 - Transferências de Convênios dos Estados Destinadas a Programas de Infraestrutura em Transporte;1149945,65;13493
2016;Prefeitura Municipal de Ilhota - SC;4207106;SC;DCA-Anexo I-C;NA;Receitas Brutas Realizadas;RO2.5.0.0.00.00.00;2.5.0.0.00.00.00 - Outras Receitas de Capital;41523,80;13493
2016;Prefeitura Municipal de Ilhota - SC;4207106;SC;DCA-Anexo I-C;NA;Receitas Brutas Realizadas;RO2.5.9.0.00.00.00;2.5.9.0.00.00.00 - Outras Receitas;41523,80;13493
2016;Prefeitura Municipal de Ilhota - SC;4207106;SC;DCA-Anexo I-C;NA;Receitas Brutas Realizadas;RI7.0.0.0.00.00.00;7.0.0.0.00.00.00 - Receitas Correntes Intraorçamentárias;1537396,66;13493
2016;Prefeitura Municipal de Ilhota - SC;4207106;SC;DCA-Anexo I-C;NA;Receitas Brutas Realizadas;RI7.2.0.0.00.00.00;7.2.0.0.00.00.00 - Receitas de Contribuições Intraorçamentárias;1537396,66;13493
2016;Prefeitura Municipal de Ilhota - SC;4207106;SC;DCA-Anexo I-C;NA;Receitas Brutas Realizadas;RI7.2.1.0.00.00.00;7.2.1.0.00.00.00 - Contribuições Sociais Intraorçamentárias;1537396,66;13493
2016;Prefeitura Municipal de Ilhota - SC;4207106;SC;DCA-Anexo I-C;NA;Receitas Brutas Realizadas;RI7.2.1.0.29.00.00;7.2.1.0.29.00.00 - Contribuições para o Regime Próprio de Previdência do Servidor Público Intraorçamentárias;1537396,66;13493
2016;Prefeitura Municipal de Ilhota - SC;4207106;SC;DCA-Anexo I-C;NA;Receitas Brutas Realizadas;RI7.2.1.0.29.01.00;7.2.1.0.29.01.00 - Contribuição Patronal de Servidor Ativo Civil para o Regime Próprio Intraorçamentária;1537396,66;13493
2017;Prefeitura Municipal de Ilhota - SC;4207106;SC;DCA-Anexo I-C;Padrão;Receitas Brutas Realizadas;TotalReceitas;Total Receitas;48167397,07;13676
2017;Prefeitura Municipal de Ilhota - SC;4207106;SC;DCA-Anexo I-C;Padrão;Deduções - FUNDEB;TotalReceitas;Total Receitas;4044740,74;13676
2017;Prefeitura Municipal de Ilhota - SC;4207106;SC;DCA-Anexo I-C;Padrão;Outras Deduções da Receita;TotalReceitas;Total Receitas;1450430,34;13676
2017;Prefeitura Municipal de Ilhota - SC;4207106;SC;DCA-Anexo I-C;Padrão;Receitas Brutas Realizadas;RO1.0.0.0.00.00.00;1.0.0.0.00.00.00 - Receitas Correntes;45815324,72;13676
2017;Prefeitura Municipal de Ilhota - SC;4207106;SC;DCA-Anexo I-C;Padrão;Deduções - FUNDEB;RO1.0.0.0.00.00.00;1.0.0.0.00.00.00 - Receitas Correntes;4044740,74;13676
2017;Prefeitura Municipal de Ilhota - SC;4207106;SC;DCA-Anexo I-C;Padrão;Outras Deduções da Receita;RO1.0.0.0.00.00.00;1.0.0.0.00.00.00 - Receitas Correntes;1450430,34;13676
2017;Prefeitura Municipal de Ilhota - SC;4207106;SC;DCA-Anexo I-C;Padrão;Receitas Brutas Realizadas;RO1.1.0.0.00.00.00;1.1.0.0.00.00.00 - Receita Tributária;3842299,37;13676
2017;Prefeitura Municipal de Ilhota - SC;4207106;SC;DCA-Anexo I-C;Padrão;Deduções - FUNDEB;RO1.1.0.0.00.00.00;1.1.0.0.00.00.00 - Receita Tributária;6,71;13676
2017;Prefeitura Municipal de Ilhota - SC;4207106;SC;DCA-Anexo I-C;Padrão;Outras Deduções da Receita;RO1.1.0.0.00.00.00;1.1.0.0.00.00.00 - Receita Tributária;128646,65;13676
2017;Prefeitura Municipal de Ilhota - SC;4207106;SC;DCA-Anexo I-C;Padrão;Receitas Brutas Realizadas;RO1.1.1.0.00.00.00;1.1.1.0.00.00.00 - Impostos;2959019,65;13676
2017;Prefeitura Municipal de Ilhota - SC;4207106;SC;DCA-Anexo I-C;Padrão;Deduções - FUNDEB;RO1.1.1.0.00.00.00;1.1.1.0.00.00.00 - Impostos;6,71;13676
2017;Prefeitura Municipal de Ilhota - SC;4207106;SC;DCA-Anexo I-C;Padrão;Outras Deduções da Receita;RO1.1.1.0.00.00.00;1.1.1.0.00.00.00 - Impostos;104491,92;13676
2017;Prefeitura Municipal de Ilhota - SC;4207106;SC;DCA-Anexo I-C;Padrão;Receitas Brutas Realizadas;RO1.1.1.2.00.00.00;1.1.1.2.00.00.00 - Impostos sobre o Patrimônio e a Renda;1347121,89;13676
2017;Prefeitura Municipal de Ilhota - SC;4207106;SC;DCA-Anexo I-C;Padrão;Outras Deduções da Receita;RO1.1.1.2.00.00.00;1.1.1.2.00.00.00 - Impostos sobre o Patrimônio e a Renda;104491,92;13676
2017;Prefeitura Municipal de Ilhota - SC;4207106;SC;DCA-Anexo I-C;Padrão;Receitas Brutas Realizadas;RO1.1.1.2.02.00.00;1.1.1.2.02.00.00 - Imposto sobre a Propriedade Predial e Territorial Urbana ¿ IPTU;718934,50;13676
2017;Prefeitura Municipal de Ilhota - SC;4207106;SC;DCA-Anexo I-C;Padrão;Outras Deduções da Receita;RO1.1.1.2.02.00.00;1.1.1.2.02.00.00 - Imposto sobre a Propriedade Predial e Territorial Urbana ¿ IPTU;104491,92;13676
2017;Prefeitura Municipal de Ilhota - SC;4207106;SC;DCA-Anexo I-C;Padrão;Receitas Brutas Realizadas;RO1.1.1.2.04.00.00;1.1.1.2.04.00.00 - Imposto sobre a Renda e Proventos de Qualquer Natureza ¿ IR;49386,83;13676
2017;Prefeitura Municipal de Ilhota - SC;4207106;SC;DCA-Anexo I-C;Padrão;Receitas Brutas Realizadas;RO1.1.1.2.04.31.00;1.1.1.2.04.31.00 - Retido nas Fontes - Trabalho;49386,83;13676
2017;Prefeitura Municipal de Ilhota - SC;4207106;SC;DCA-Anexo I-C;Padrão;Receitas Brutas Realizadas;RO1.1.1.2.08.00.00;"1.1.1.2.08.00.00 - Imposto sobre Transmissão ""Inter Vivos"" de Bens Imóveis e de Direitos Reais sobre Imóveis ¿ ITBI";578800,56;13676
2017;Prefeitura Municipal de Ilhota - SC;4207106;SC;DCA-Anexo I-C;Padrão;Receitas Brutas Realizadas;RO1.1.1.3.00.00.00;1.1.1.3.00.00.00 - Impostos sobre a Produção e a Circulação;1611897,76;13676
2017;Prefeitura Municipal de Ilhota - SC;4207106;SC;DCA-Anexo I-C;Padrão;Deduções - FUNDEB;RO1.1.1.3.00.00.00;1.1.1.3.00.00.00 - Impostos sobre a Produção e a Circulação;6,71;13676
2017;Prefeitura Municipal de Ilhota - SC;4207106;SC;DCA-Anexo I-C;Padrão;Receitas Brutas Realizadas;RO1.1.1.3.05.00.00;1.1.1.3.05.00.00 - Imposto sobre Serviços de Qualquer Natureza ¿ ISSQN;1611897,76;13676
2017;Prefeitura Municipal de Ilhota - SC;4207106;SC;DCA-Anexo I-C;Padrão;Deduções - FUNDEB;RO1.1.1.3.05.00.00;1.1.1.3.05.00.00 - Imposto sobre Serviços de Qualquer Natureza ¿ ISSQN;6,71;13676
2017;Prefeitura Municipal de Ilhota - SC;4207106;SC;DCA-Anexo I-C;Padrão;Receitas Brutas Realizadas;RO1.1.2.0.00.00.00;1.1.2.0.00.00.00 - Taxas;883279,72;13676
2017;Prefeitura Municipal de Ilhota - SC;4207106;SC;DCA-Anexo I-C;Padrão;Outras Deduções da Receita;RO1.1.2.0.00.00.00;1.1.2.0.00.00.00 - Taxas;24154,73;13676
2017;Prefeitura Municipal de Ilhota - SC;4207106;SC;DCA-Anexo I-C;Padrão;Receitas Brutas Realizadas;RO1.1.2.1.00.00.00;1.1.2.1.00.00.00 - Taxas pelo Exercício do Poder de Polícia;196703,04;13676
2017;Prefeitura Municipal de Ilhota - SC;4207106;SC;DCA-Anexo I-C;Padrão;Receitas Brutas Realizadas;RO1.1.2.2.00.00.00;1.1.2.2.00.00.00 - Taxas pela Prestação de Serviços;686576,68;13676
2017;Prefeitura Municipal de Ilhota - SC;4207106;SC;DCA-Anexo I-C;Padrão;Outras Deduções da Receita;RO1.1.2.2.00.00.00;1.1.2.2.00.00.00 - Taxas pela Prestação de Serviços;24154,73;13676
2017;Prefeitura Municipal de Ilhota - SC;4207106;SC;DCA-Anexo I-C;Padrão;Receitas Brutas Realizadas;RO1.1.2.2.90.00.00;1.1.2.2.90.00.00 - Taxa de Limpeza Pública;629414,99;13676
2017;Prefeitura Municipal de Ilhota - SC;4207106;SC;DCA-Anexo I-C;Padrão;Outras Deduções da Receita;RO1.1.2.2.90.00.00;1.1.2.2.90.00.00 - Taxa de Limpeza Pública;24154,73;13676
2017;Prefeitura Municipal de Ilhota - SC;4207106;SC;DCA-Anexo I-C;Padrão;Receitas Brutas Realizadas;RO1.1.2.2.99.00.00;1.1.2.2.99.00.00 - Outras Taxas pela Prestação de Serviços;57161,69;13676
2017;Prefeitura Municipal de Ilhota - SC;4207106;SC;DCA-Anexo I-C;Padrão;Receitas Brutas Realizadas;RO1.2.0.0.00.00.00;1.2.0.0.00.00.00 - Receitas de Contribuições;1874910,53;13676
2017;Prefeitura Municipal de Ilhota - SC;4207106;SC;DCA-Anexo I-C;Padrão;Receitas Brutas Realizadas;RO1.2.1.0.00.00.00;1.2.1.0.00.00.00 - Contribuições Sociais;930809,13;13676
2017;Prefeitura Municipal de Ilhota - SC;4207106;SC;DCA-Anexo I-C;Padrão;Receitas Brutas Realizadas;RO1.2.1.0.29.00.00;1.2.1.0.29.00.00 - Contribuições para o Regime Próprio de Previdência do Servidor Público;930809,13;13676
2017;Prefeitura Municipal de Ilhota - SC;4207106;SC;DCA-Anexo I-C;Padrão;Receitas Brutas Realizadas;RO1.2.1.0.29.07.00;1.2.1.0.29.07.00 - Contribuição do Servidor Ativo Civil para o Regime Próprio;930809,13;13676
2017;Prefeitura Municipal de Ilhota - SC;4207106;SC;DCA-Anexo I-C;Padrão;Receitas Brutas Realizadas;RO1.2.2.0.00.00.00;1.2.2.0.00.00.00 - Contribuições de Intervenção no Domínio Econômico;944101,40;13676
2017;Prefeitura Municipal de Ilhota - SC;4207106;SC;DCA-Anexo I-C;Padrão;Receitas Brutas Realizadas;RO1.2.2.0.99.00.00;1.2.2.0.99.00.00 - Outras Contribuições Econômicas;944101,40;13676
2017;Prefeitura Municipal de Ilhota - SC;4207106;SC;DCA-Anexo I-C;Padrão;Receitas Brutas Realizadas;RO1.3.0.0.00.00.00;1.3.0.0.00.00.00 - Receita Patrimonial;2591633,56;13676
2017;Prefeitura Municipal de Ilhota - SC;4207106;SC;DCA-Anexo I-C;Padrão;Outras Deduções da Receita;RO1.3.0.0.00.00.00;1.3.0.0.00.00.00 - Receita Patrimonial;1321329,60;13676
2017;Prefeitura Municipal de Ilhota - SC;4207106;SC;DCA-Anexo I-C;Padrão;Receitas Brutas Realizadas;RO1.3.2.0.00.00.00;1.3.2.0.00.00.00 - Receitas de Valores Mobiliários;2421631,56;13676
2017;Prefeitura Municipal de Ilhota - SC;4207106;SC;DCA-Anexo I-C;Padrão;Outras Deduções da Receita;RO1.3.2.0.00.00.00;1.3.2.0.00.00.00 - Receitas de Valores Mobiliários;1321329,60;13676
2017;Prefeitura Municipal de Ilhota - SC;4207106;SC;DCA-Anexo I-C;Padrão;Receitas Brutas Realizadas;RO1.3.2.5.00.00.00;1.3.2.5.00.00.00 - Remuneração de Depósitos Bancários;480249,25;13676
2017;Prefeitura Municipal de Ilhota - SC;4207106;SC;DCA-Anexo I-C;Padrão;Receitas Brutas Realizadas;RO1.3.2.8.00.00.00;1.3.2.8.00.00.00 - Remuneração dos Investimentos do Regime Próprio de Previdência do Servidor;1941382,31;13676
2017;Prefeitura Municipal de Ilhota - SC;4207106;SC;DCA-Anexo I-C;Padrão;Outras Deduções da Receita;RO1.3.2.8.00.00.00;1.3.2.8.00.00.00 - Remuneração dos Investimentos do Regime Próprio de Previdência do Servidor;1321329,60;13676
2017;Prefeitura Municipal de Ilhota - SC;4207106;SC;DCA-Anexo I-C;Padrão;Receitas Brutas Realizadas;RO1.3.6.0.00.00.00;1.3.6.0.00.00.00 - Receita da Cessão de Direitos;170002,00;13676
2017;Prefeitura Municipal de Ilhota - SC;4207106;SC;DCA-Anexo I-C;Padrão;Receitas Brutas Realizadas;RO1.6.0.0.00.00.00;1.6.0.0.00.00.00 - Receita de Serviços;1336748,20;13676
2017;Prefeitura Municipal de Ilhota - SC;4207106;SC;DCA-Anexo I-C;Padrão;Receitas Brutas Realizadas;RO1.6.0.0.26.00.00;1.6.0.0.26.00.00 - Serviços de Fornecimento de Água;1336748,20;13676
2017;Prefeitura Municipal de Ilhota - SC;4207106;SC;DCA-Anexo I-C;Padrão;Receitas Brutas Realizadas;RO1.7.0.0.00.00.00;1.7.0.0.00.00.00 - Transferências Correntes;35277062,93;13676
2017;Prefeitura Municipal de Ilhota - SC;4207106;SC;DCA-Anexo I-C;Padrão;Deduções - FUNDEB;RO1.7.0.0.00.00.00;1.7.0.0.00.00.00 - Transferências Correntes;4044734,03;13676
2017;Prefeitura Municipal de Ilhota - SC;4207106;SC;DCA-Anexo I-C;Padrão;Receitas Brutas Realizadas;RO1.7.2.0.00.00.00;1.7.2.0.00.00.00 - Transferências Intergovernamentais;34815403,85;13676
2017;Prefeitura Municipal de Ilhota - SC;4207106;SC;DCA-Anexo I-C;Padrão;Deduções - FUNDEB;RO1.7.2.0.00.00.00;1.7.2.0.00.00.00 - Transferências Intergovernamentais;4044734,03;13676
2017;Prefeitura Municipal de Ilhota - SC;4207106;SC;DCA-Anexo I-C;Padrão;Receitas Brutas Realizadas;RO1.7.2.1.00.00.00;1.7.2.1.00.00.00 - Transferências da União;15814096,16;13676
2017;Prefeitura Municipal de Ilhota - SC;4207106;SC;DCA-Anexo I-C;Padrão;Deduções - FUNDEB;RO1.7.2.1.00.00.00;1.7.2.1.00.00.00 - Transferências da União;2147167,34;13676
2017;Prefeitura Municipal de Ilhota - SC;4207106;SC;DCA-Anexo I-C;Padrão;Receitas Brutas Realizadas;RO1.7.2.1.01.00.00;1.7.2.1.01.00.00 - Participação na Receita da União;11667451,12;13676
2017;Prefeitura Municipal de Ilhota - SC;4207106;SC;DCA-Anexo I-C;Padrão;Deduções - FUNDEB;RO1.7.2.1.01.00.00;1.7.2.1.01.00.00 - Participação na Receita da União;2141299,58;13676
2017;Prefeitura Municipal de Ilhota - SC;4207106;SC;DCA-Anexo I-C;Padrão;Receitas Brutas Realizadas;RO1.7.2.1.01.02.00;1.7.2.1.01.02.00 - Cota-Parte do Fundo de Participação dos Municípios ¿ FPM;10638957,85;13676
2017;Prefeitura Municipal de Ilhota - SC;4207106;SC;DCA-Anexo I-C;Padrão;Deduções - FUNDEB;RO1.7.2.1.01.02.00;1.7.2.1.01.02.00 - Cota-Parte do Fundo de Participação dos Municípios ¿ FPM;2127791,25;13676
2017;Prefeitura Municipal de Ilhota - SC;4207106;SC;DCA-Anexo I-C;Padrão;Receitas Brutas Realizadas;RO1.7.2.1.01.04.00;1.7.2.1.01.04.00 - Cota-Parte do Fundo de Participação dos Municípios - 1% Cota entregue no mês de julho (67)(I);960937,11;13676
2017;Prefeitura Municipal de Ilhota - SC;4207106;SC;DCA-Anexo I-C;Padrão;Receitas Brutas Realizadas;RO1.7.2.1.01.05.00;1.7.2.1.01.05.00 - Cota-Parte do Imposto Sobre a Propriedade Territorial Rural ¿ ITR;67556,16;13676
2017;Prefeitura Municipal de Ilhota - SC;4207106;SC;DCA-Anexo I-C;Padrão;Deduções - FUNDEB;RO1.7.2.1.01.05.00;1.7.2.1.01.05.00 - Cota-Parte do Imposto Sobre a Propriedade Territorial Rural ¿ ITR;13508,33;13676
2017;Prefeitura Municipal de Ilhota - SC;4207106;SC;DCA-Anexo I-C;Padrão;Receitas Brutas Realizadas;RO1.7.2.1.22.00.00;1.7.2.1.22.00.00 - Transferências da Compensação Financeira pela Exploração de Recursos Naturais;152305,84;13676
2017;Prefeitura Municipal de Ilhota - SC;4207106;SC;DCA-Anexo I-C;Padrão;Deduções - FUNDEB;RO1.7.2.1.22.00.00;1.7.2.1.22.00.00 - Transferências da Compensação Financeira pela Exploração de Recursos Naturais;42,72;13676
2017;Prefeitura Municipal de Ilhota - SC;4207106;SC;DCA-Anexo I-C;Padrão;Receitas Brutas Realizadas;RO1.7.2.1.22.20.00;1.7.2.1.22.20.00 - Cota-Parte da Compensação Financeira de Recursos Minerais - CFEM;28724,36;13676
2017;Prefeitura Municipal de Ilhota - SC;4207106;SC;DCA-Anexo I-C;Padrão;Deduções - FUNDEB;RO1.7.2.1.22.20.00;1.7.2.1.22.20.00 - Cota-Parte da Compensação Financeira de Recursos Minerais - CFEM;42,72;13676
2017;Prefeitura Municipal de Ilhota - SC;4207106;SC;DCA-Anexo I-C;Padrão;Receitas Brutas Realizadas;RO1.7.2.1.22.70.00;1.7.2.1.22.70.00 - Cota-Parte do Fundo Especial do Petróleo ¿ FEP;123581,48;13676
2017;Prefeitura Municipal de Ilhota - SC;4207106;SC;DCA-Anexo I-C;Padrão;Receitas Brutas Realizadas;RO1.7.2.1.33.00.00;1.7.2.1.33.00.00 - Transferências de Recursos do Sistema Único de Saúde - SUS - Repasses Fundo a Fundo;2397766,93;13676
2017;Prefeitura Municipal de Ilhota - SC;4207106;SC;DCA-Anexo I-C;Padrão;Receitas Brutas Realizadas;RO1.7.2.1.34.00.00;1.7.2.1.34.00.00 - Transferências de Recursos do Fundo Nacional de Assistência Social ¿ FNAS;251323,67;13676
2017;Prefeitura Municipal de Ilhota - SC;4207106;SC;DCA-Anexo I-C;Padrão;Receitas Brutas Realizadas;RO1.7.2.1.35.00.00;1.7.2.1.35.00.00 - Transferências de Recursos do Fundo Nacional do Desenvolvimento da Educação ¿ FNDE;1294734,56;13676
2017;Prefeitura Municipal de Ilhota - SC;4207106;SC;DCA-Anexo I-C;Padrão;Receitas Brutas Realizadas;RO1.7.2.1.36.00.00;1.7.2.1.36.00.00 - Transferências Financeiras do ICMS ¿ Desoneração ¿ L.C. Nº 87/96;29125,68;13676
2017;Prefeitura Municipal de Ilhota - SC;4207106;SC;DCA-Anexo I-C;Padrão;Deduções - FUNDEB;RO1.7.2.1.36.00.00;1.7.2.1.36.00.00 - Transferências Financeiras do ICMS ¿ Desoneração ¿ L.C. Nº 87/96;5825,04;13676
2017;Prefeitura Municipal de Ilhota - SC;4207106;SC;DCA-Anexo I-C;Padrão;Receitas Brutas Realizadas;RO1.7.2.1.99.00.00;1.7.2.1.99.00.00 - Outras Transferências da União;21388,36;13676
2017;Prefeitura Municipal de Ilhota - SC;4207106;SC;DCA-Anexo I-C;Padrão;Receitas Brutas Realizadas;RO1.7.2.2.00.00.00;1.7.2.2.00.00.00 - Transferências dos Estados;9978341,07;13676
2017;Prefeitura Municipal de Ilhota - SC;4207106;SC;DCA-Anexo I-C;Padrão;Deduções - FUNDEB;RO1.7.2.2.00.00.00;1.7.2.2.00.00.00 - Transferências dos Estados;1897566,69;13676
2017;Prefeitura Municipal de Ilhota - SC;4207106;SC;DCA-Anexo I-C;Padrão;Receitas Brutas Realizadas;RO1.7.2.2.01.00.00;1.7.2.2.01.00.00 - Participação na Receita dos Estados;9487586,82;13676
2017;Prefeitura Municipal de Ilhota - SC;4207106;SC;DCA-Anexo I-C;Padrão;Deduções - FUNDEB;RO1.7.2.2.01.00.00;1.7.2.2.01.00.00 - Participação na Receita dos Estados;1897566,69;13676
2017;Prefeitura Municipal de Ilhota - SC;4207106;SC;DCA-Anexo I-C;Padrão;Receitas Brutas Realizadas;RO1.7.2.2.01.01.00;1.7.2.2.01.01.00 - Cota-Parte do ICMS;8241422,78;13676
2017;Prefeitura Municipal de Ilhota - SC;4207106;SC;DCA-Anexo I-C;Padrão;Deduções - FUNDEB;RO1.7.2.2.01.01.00;1.7.2.2.01.01.00 - Cota-Parte do ICMS;1648283,49;13676
2017;Prefeitura Municipal de Ilhota - SC;4207106;SC;DCA-Anexo I-C;Padrão;Receitas Brutas Realizadas;RO1.7.2.2.01.02.00;1.7.2.2.01.02.00 - Cota-Parte do IPVA;1126798,53;13676
2017;Prefeitura Municipal de Ilhota - SC;4207106;SC;DCA-Anexo I-C;Padrão;Deduções - FUNDEB;RO1.7.2.2.01.02.00;1.7.2.2.01.02.00 - Cota-Parte do IPVA;225410,23;13676
2017;Prefeitura Municipal de Ilhota - SC;4207106;SC;DCA-Anexo I-C;Padrão;Receitas Brutas Realizadas;RO1.7.2.2.01.04.00;1.7.2.2.01.04.00 - Cota-Parte do IPI - Municípios;119365,51;13676
2017;Prefeitura Municipal de Ilhota - SC;4207106;SC;DCA-Anexo I-C;Padrão;Deduções - FUNDEB;RO1.7.2.2.01.04.00;1.7.2.2.01.04.00 - Cota-Parte do IPI - Municípios;23872,97;13676
2017;Prefeitura Municipal de Ilhota - SC;4207106;SC;DCA-Anexo I-C;Padrão;Receitas Brutas Realizadas;RO1.7.2.2.33.00.00;1.7.2.2.33.00.00 - Transferências de Recursos do Estado para Programas de Saúde - Repasse Fundo a Fundo;167076,00;13676
2017;Prefeitura Municipal de Ilhota - SC;4207106;SC;DCA-Anexo I-C;Padrão;Receitas Brutas Realizadas;RO1.7.2.2.99.00.00;1.7.2.2.99.00.00 - Outras Transferências dos Estados;323678,25;13676
2017;Prefeitura Municipal de Ilhota - SC;4207106;SC;DCA-Anexo I-C;Padrão;Receitas Brutas Realizadas;RO1.7.2.4.00.00.00;1.7.2.4.00.00.00 - Transferências Multigovernamentais;9022966,62;13676
2017;Prefeitura Municipal de Ilhota - SC;4207106;SC;DCA-Anexo I-C;Padrão;Receitas Brutas Realizadas;RO1.7.2.4.01.00.00;1.7.2.4.01.00.00 - Transferências de Recursos do Fundo de Manutenção e Desenvolvimento do Ensino Fundamental e de Valorização do Magistério - FUNDEB;9022966,62;13676
2017;Prefeitura Municipal de Ilhota - SC;4207106;SC;DCA-Anexo I-C;Padrão;Receitas Brutas Realizadas;RO1.7.6.0.00.00.00;1.7.6.0.00.00.00 - Transferências de Convênios;461659,08;13676
2017;Prefeitura Municipal de Ilhota - SC;4207106;SC;DCA-Anexo I-C;Padrão;Receitas Brutas Realizadas;RO1.7.6.1.00.00.00;1.7.6.1.00.00.00 - Transferências de Convênios da União e de Suas Entidades;143444,81;13676
2017;Prefeitura Municipal de Ilhota - SC;4207106;SC;DCA-Anexo I-C;Padrão;Receitas Brutas Realizadas;RO1.7.6.1.03.00.00;1.7.6.1.03.00.00 - Transferências de Convênios da União Destinadas a Programas de Assistência Social;143444,81;13676
2017;Prefeitura Municipal de Ilhota - SC;4207106;SC;DCA-Anexo I-C;Padrão;Receitas Brutas Realizadas;RO1.7.6.2.00.00.00;1.7.6.2.00.00.00 - Transferências de Convênios dos Estados e do Distrito Federal e de Suas Entidades;163714,27;13676
2017;Prefeitura Municipal de Ilhota - SC;4207106;SC;DCA-Anexo I-C;Padrão;Receitas Brutas Realizadas;RO1.7.6.2.99.00.00;1.7.6.2.99.00.00 - Outras Transferências de Convênios dos Estados;163714,27;13676
2017;Prefeitura Municipal de Ilhota - SC;4207106;SC;DCA-Anexo I-C;Padrão;Receitas Brutas Realizadas;RO1.7.6.3.00.00.00;1.7.6.3.00.00.00 - Transferências de Convênios dos Municípios e de Suas Entidades;154500,00;13676
2017;Prefeitura Municipal de Ilhota - SC;4207106;SC;DCA-Anexo I-C;Padrão;Receitas Brutas Realizadas;RO1.7.6.3.01.00.00;1.7.6.3.01.00.00 - Transferências de Convênios dos Municípios para o Sistema Único de Saúde - SUS;154500,00;13676
2017;Prefeitura Municipal de Ilhota - SC;4207106;SC;DCA-Anexo I-C;Padrão;Receitas Brutas Realizadas;RO1.9.0.0.00.00.00;1.9.0.0.00.00.00 - Outras Receitas Correntes;892670,13;13676
2017;Prefeitura Municipal de Ilhota - SC;4207106;SC;DCA-Anexo I-C;Padrão;Outras Deduções da Receita;RO1.9.0.0.00.00.00;1.9.0.0.00.00.00 - Outras Receitas Correntes;454,09;13676
2017;Prefeitura Municipal de Ilhota - SC;4207106;SC;DCA-Anexo I-C;Padrão;Receitas Brutas Realizadas;RO1.9.1.0.00.00.00;1.9.1.0.00.00.00 - Multas e Juros de Mora;427706,20;13676
2017;Prefeitura Municipal de Ilhota - SC;4207106;SC;DCA-Anexo I-C;Padrão;Outras Deduções da Receita;RO1.9.1.0.00.00.00;1.9.1.0.00.00.00 - Multas e Juros de Mora;454,09;13676
2017;Prefeitura Municipal de Ilhota - SC;4207106;SC;DCA-Anexo I-C;Padrão;Receitas Brutas Realizadas;RO1.9.1.1.00.00.00;1.9.1.1.00.00.00 - Multas e Juros de Mora dos Tributos;315106,01;13676
2017;Prefeitura Municipal de Ilhota - SC;4207106;SC;DCA-Anexo I-C;Padrão;Outras Deduções da Receita;RO1.9.1.1.00.00.00;1.9.1.1.00.00.00 - Multas e Juros de Mora dos Tributos;400,80;13676
2017;Prefeitura Municipal de Ilhota - SC;4207106;SC;DCA-Anexo I-C;Padrão;Receitas Brutas Realizadas;RO1.9.1.1.38.00.00;1.9.1.1.38.00.00 - Multas e Juros de Mora do Imposto sobre a Propriedade Predial e Territorial Urbana ¿ IPTU;3844,67;13676
2017;Prefeitura Municipal de Ilhota - SC;4207106;SC;DCA-Anexo I-C;Padrão;Outras Deduções da Receita;RO1.9.1.1.38.00.00;1.9.1.1.38.00.00 - Multas e Juros de Mora do Imposto sobre a Propriedade Predial e Territorial Urbana ¿ IPTU;155,34;13676
2017;Prefeitura Municipal de Ilhota - SC;4207106;SC;DCA-Anexo I-C;Padrão;Receitas Brutas Realizadas;RO1.9.1.1.40.00.00;1.9.1.1.40.00.00 - Multas e Juros de Mora do Imposto sobre Serviços de Qualquer Natureza ¿ ISS;1604,91;13676
2017;Prefeitura Municipal de Ilhota - SC;4207106;SC;DCA-Anexo I-C;Padrão;Outras Deduções da Receita;RO1.9.1.1.40.00.00;1.9.1.1.40.00.00 - Multas e Juros de Mora do Imposto sobre Serviços de Qualquer Natureza ¿ ISS;23,00;13676
2017;Prefeitura Municipal de Ilhota - SC;4207106;SC;DCA-Anexo I-C;Padrão;Receitas Brutas Realizadas;RO1.9.1.1.99.00.00;1.9.1.1.99.00.00 - Multas e Juros de Mora de Outros Tributos;309656,43;13676
2017;Prefeitura Municipal de Ilhota - SC;4207106;SC;DCA-Anexo I-C;Padrão;Outras Deduções da Receita;RO1.9.1.1.99.00.00;1.9.1.1.99.00.00 - Multas e Juros de Mora de Outros Tributos;222,46;13676
2017;Prefeitura Municipal de Ilhota - SC;4207106;SC;DCA-Anexo I-C;Padrão;Receitas Brutas Realizadas;RO1.9.1.3.00.00.00;1.9.1.3.00.00.00 - Multas e Juros de Mora da Dívida Ativa dos Tributos;112600,19;13676
2017;Prefeitura Municipal de Ilhota - SC;4207106;SC;DCA-Anexo I-C;Padrão;Outras Deduções da Receita;RO1.9.1.3.00.00.00;1.9.1.3.00.00.00 - Multas e Juros de Mora da Dívida Ativa dos Tributos;53,29;13676
2017;Prefeitura Municipal de Ilhota - SC;4207106;SC;DCA-Anexo I-C;Padrão;Receitas Brutas Realizadas;RO1.9.1.3.11.00.00;1.9.1.3.11.00.00 - Multas e Juros de Mora da Dívida Ativa do Imposto sobre a Propriedade Predial e Territorial Urbana ¿ IPTU;52285,48;13676
2017;Prefeitura Municipal de Ilhota - SC;4207106;SC;DCA-Anexo I-C;Padrão;Outras Deduções da Receita;RO1.9.1.3.11.00.00;1.9.1.3.11.00.00 - Multas e Juros de Mora da Dívida Ativa do Imposto sobre a Propriedade Predial e Territorial Urbana ¿ IPTU;29,64;13676
2017;Prefeitura Municipal de Ilhota - SC;4207106;SC;DCA-Anexo I-C;Padrão;Receitas Brutas Realizadas;RO1.9.1.3.13.00.00;1.9.1.3.13.00.00 - Multas e Juros de Mora da Dívida Ativa do Imposto sobre Serviços de Qualquer Natureza ¿ ISS;31542,36;13676
2017;Prefeitura Municipal de Ilhota - SC;4207106;SC;DCA-Anexo I-C;Padrão;Outras Deduções da Receita;RO1.9.1.3.13.00.00;1.9.1.3.13.00.00 - Multas e Juros de Mora da Dívida Ativa do Imposto sobre Serviços de Qualquer Natureza ¿ ISS;9,38;13676
2017;Prefeitura Municipal de Ilhota - SC;4207106;SC;DCA-Anexo I-C;Padrão;Receitas Brutas Realizadas;RO1.9.1.3.99.00.00;1.9.1.3.99.00.00 - Multas e Juros de Mora da Dívida Ativa de Outros Tributos;28772,35;13676
2017;Prefeitura Municipal de Ilhota - SC;4207106;SC;DCA-Anexo I-C;Padrão;Outras Deduções da Receita;RO1.9.1.3.99.00.00;1.9.1.3.99.00.00 - Multas e Juros de Mora da Dívida Ativa de Outros Tributos;14,27;13676
2017;Prefeitura Municipal de Ilhota - SC;4207106;SC;DCA-Anexo I-C;Padrão;Receitas Brutas Realizadas;RO1.9.2.0.00.00.00;1.9.2.0.00.00.00 - Indenizações e Restituições;4036,56;13676
2017;Prefeitura Municipal de Ilhota - SC;4207106;SC;DCA-Anexo I-C;Padrão;Receitas Brutas Realizadas;RO1.9.2.2.00.00.00;1.9.2.2.00.00.00 - Restituições;4036,56;13676
2017;Prefeitura Municipal de Ilhota - SC;4207106;SC;DCA-Anexo I-C;Padrão;Receitas Brutas Realizadas;RO1.9.2.2.99.00.00;1.9.2.2.99.00.00 - Outras Restituições;4036,56;13676
2017;Prefeitura Municipal de Ilhota - SC;4207106;SC;DCA-Anexo I-C;Padrão;Receitas Brutas Realizadas;RO1.9.3.0.00.00.00;1.9.3.0.00.00.00 - Receita da Dívida Ativa;449813,84;13676
2017;Prefeitura Municipal de Ilhota - SC;4207106;SC;DCA-Anexo I-C;Padrão;Receitas Brutas Realizadas;RO1.9.3.1.00.00.00;1.9.3.1.00.00.00 - Receita da Dívida Ativa Tributária;449813,84;13676
2017;Prefeitura Municipal de Ilhota - SC;4207106;SC;DCA-Anexo I-C;Padrão;Receitas Brutas Realizadas;RO1.9.3.1.11.00.00;1.9.3.1.11.00.00 - Receita da Dívida Ativa do Imposto sobre a Propriedade Predial e Territorial Urbana ¿ IPTU;187733,12;13676
2017;Prefeitura Municipal de Ilhota - SC;4207106;SC;DCA-Anexo I-C;Padrão;Receitas Brutas Realizadas;RO1.9.3.1.13.00.00;1.9.3.1.13.00.00 - Receita da Dívida Ativa do Imposto sobre Serviços de Qualquer Natureza ¿ ISS;27287,34;13676
2017;Prefeitura Municipal de Ilhota - SC;4207106;SC;DCA-Anexo I-C;Padrão;Receitas Brutas Realizadas;RO1.9.3.1.99.00.00;1.9.3.1.99.00.00 - Receita da Dívida Ativa de Outros Tributos;234793,38;13676
2017;Prefeitura Municipal de Ilhota - SC;4207106;SC;DCA-Anexo I-C;Padrão;Receitas Brutas Realizadas;RO1.9.9.0.00.00.00;1.9.9.0.00.00.00 - Receitas Diversas;11113,53;13676
2017;Prefeitura Municipal de Ilhota - SC;4207106;SC;DCA-Anexo I-C;Padrão;Receitas Brutas Realizadas;RO1.9.9.0.02.00.00;1.9.9.0.02.00.00 - Encargos Legais pela Inscrição em Dívida Ativa e Receitas de Ônus de Sucumbência;7602,21;13676
2017;Prefeitura Municipal de Ilhota - SC;4207106;SC;DCA-Anexo I-C;Padrão;Receitas Brutas Realizadas;RO1.9.9.0.99.00.00;1.9.9.0.99.00.00 - Outras Receitas;3511,32;13676
2017;Prefeitura Municipal de Ilhota - SC;4207106;SC;DCA-Anexo I-C;Padrão;Receitas Brutas Realizadas;RO2.0.0.0.00.00.00;2.0.0.0.00.00.00 - Receitas de Capital;625307,25;13676
2017;Prefeitura Municipal de Ilhota - SC;4207106;SC;DCA-Anexo I-C;Padrão;Receitas Brutas Realizadas;RO2.2.0.0.00.00.00;2.2.0.0.00.00.00 - Alienação de Bens;162750,00;13676
2017;Prefeitura Municipal de Ilhota - SC;4207106;SC;DCA-Anexo I-C;Padrão;Receitas Brutas Realizadas;RO2.2.1.0.00.00.00;2.2.1.0.00.00.00 - Alienação de Bens Móveis;162750,00;13676
2017;Prefeitura Municipal de Ilhota - SC;4207106;SC;DCA-Anexo I-C;Padrão;Receitas Brutas Realizadas;RO2.4.0.0.00.00.00;2.4.0.0.00.00.00 - Transferências de Capital;367727,88;13676
2017;Prefeitura Municipal de Ilhota - SC;4207106;SC;DCA-Anexo I-C;Padrão;Receitas Brutas Realizadas;RO2.4.7.0.00.00.00;2.4.7.0.00.00.00 - Transferências de Convênios;367727,88;13676
2017;Prefeitura Municipal de Ilhota - SC;4207106;SC;DCA-Anexo I-C;Padrão;Receitas Brutas Realizadas;RO2.4.7.1.00.00.00;2.4.7.1.00.00.00 - Transferências de Convênios da União e de suas Entidades;367727,88;13676
2017;Prefeitura Municipal de Ilhota - SC;4207106;SC;DCA-Anexo I-C;Padrão;Receitas Brutas Realizadas;RO2.4.7.1.02.00.00;2.4.7.1.02.00.00 - Transferências de Convênios da União Destinadas a Programas de Educação;230210,00;13676
2017;Prefeitura Municipal de Ilhota - SC;4207106;SC;DCA-Anexo I-C;Padrão;Receitas Brutas Realizadas;RO2.4.7.1.99.00.00;2.4.7.1.99.00.00 - Outras Transferências de Convênios da União;137517,88;13676
2017;Prefeitura Municipal de Ilhota - SC;4207106;SC;DCA-Anexo I-C;Padrão;Receitas Brutas Realizadas;RO2.5.0.0.00.00.00;2.5.0.0.00.00.00 - Outras Receitas de Capital;94829,37;13676
2017;Prefeitura Municipal de Ilhota - SC;4207106;SC;DCA-Anexo I-C;Padrão;Receitas Brutas Realizadas;RO2.5.9.0.00.00.00;2.5.9.0.00.00.00 - Outras Receitas;94829,37;13676
2017;Prefeitura Municipal de Ilhota - SC;4207106;SC;DCA-Anexo I-C;Padrão;Receitas Brutas Realizadas;RI7.0.0.0.00.00.00;7.0.0.0.00.00.00 - Receitas Correntes Intraorçamentárias;1726765,10;13676
2017;Prefeitura Municipal de Ilhota - SC;4207106;SC;DCA-Anexo I-C;Padrão;Receitas Brutas Realizadas;RI7.2.0.0.00.00.00;7.2.0.0.00.00.00 - Receitas de Contribuições Intraorçamentárias;1726765,10;13676
2017;Prefeitura Municipal de Ilhota - SC;4207106;SC;DCA-Anexo I-C;Padrão;Receitas Brutas Realizadas;RI7.2.1.0.00.00.00;7.2.1.0.00.00.00 - Contribuições Sociais Intraorçamentárias;1726765,10;13676
2017;Prefeitura Municipal de Ilhota - SC;4207106;SC;DCA-Anexo I-C;Padrão;Receitas Brutas Realizadas;RI7.2.1.0.29.00.00;7.2.1.0.29.00.00 - Contribuições para o Regime Próprio de Previdência do Servidor Público Intraorçamentárias;1726765,10;13676
2017;Prefeitura Municipal de Ilhota - SC;4207106;SC;DCA-Anexo I-C;Padrão;Receitas Brutas Realizadas;RI7.2.1.0.29.01.00;7.2.1.0.29.01.00 - Contribuição Patronal de Servidor Ativo Civil para o Regime Próprio Intraorçamentária;1686765,10;13676
2017;Prefeitura Municipal de Ilhota - SC;4207106;SC;DCA-Anexo I-C;Padrão;Receitas Brutas Realizadas;RI7.2.1.0.29.99.00;7.2.1.0.29.99.00 - Outras Contribuições para o Regime Próprio de Previdência do Servidor Público Intraorçamentárias;40000,00;13676
2018;Prefeitura Municipal de Ilhota - SC;4207106;SC;DCA-Anexo I-C;Padrão;Receitas Brutas Realizadas;TotalReceitas;Total Receitas;57615983,84;13676
2018;Prefeitura Municipal de Ilhota - SC;4207106;SC;DCA-Anexo I-C;Padrão;Deduções - FUNDEB;TotalReceitas;Total Receitas;4509812,39;13676
2018;Prefeitura Municipal de Ilhota - SC;4207106;SC;DCA-Anexo I-C;Padrão;Outras Deduções da Receita;TotalReceitas;Total Receitas;999451,40;13676
2018;Prefeitura Municipal de Ilhota - SC;4207106;SC;DCA-Anexo I-C;Padrão;Receitas Brutas Realizadas;RO1.0.0.0.00.0.0;1.0.0.0.00.0.0 - Receitas Correntes;53515227,92;13676
2018;Prefeitura Municipal de Ilhota - SC;4207106;SC;DCA-Anexo I-C;Padrão;Deduções - FUNDEB;RO1.0.0.0.00.0.0;1.0.0.0.00.0.0 - Receitas Correntes;4509812,39;13676
2018;Prefeitura Municipal de Ilhota - SC;4207106;SC;DCA-Anexo I-C;Padrão;Outras Deduções da Receita;RO1.0.0.0.00.0.0;1.0.0.0.00.0.0 - Receitas Correntes;999451,40;13676
2018;Prefeitura Municipal de Ilhota - SC;4207106;SC;DCA-Anexo I-C;Padrão;Receitas Brutas Realizadas;RO1.1.0.0.00.0.0;1.1.0.0.00.0.0 - Impostos, Taxas e Contribuições de Melhoria;8545270,32;13676
2018;Prefeitura Municipal de Ilhota - SC;4207106;SC;DCA-Anexo I-C;Padrão;Outras Deduções da Receita;RO1.1.0.0.00.0.0;1.1.0.0.00.0.0 - Impostos, Taxas e Contribuições de Melhoria;120378,37;13676
2018;Prefeitura Municipal de Ilhota - SC;4207106;SC;DCA-Anexo I-C;Padrão;Receitas Brutas Realizadas;RO1.1.1.0.00.0.0;1.1.1.0.00.0.0 - Impostos;7077951,84;13676
2018;Prefeitura Municipal de Ilhota - SC;4207106;SC;DCA-Anexo I-C;Padrão;Outras Deduções da Receita;RO1.1.1.0.00.0.0;1.1.1.0.00.0.0 - Impostos;113034,05;13676
2018;Prefeitura Municipal de Ilhota - SC;4207106;SC;DCA-Anexo I-C;Padrão;Receitas Brutas Realizadas;RO1.1.1.3.00.0.0;1.1.1.3.00.0.0 - Impostos sobre a Renda e Proventos de Qualquer Natureza;1298492,03;13676
2018;Prefeitura Municipal de Ilhota - SC;4207106;SC;DCA-Anexo I-C;Padrão;Receitas Brutas Realizadas;RO1.1.1.3.03.0.0;1.1.1.3.03.0.0 - Imposto sobre a Renda - Retido na Fonte;1298492,03;13676
2018;Prefeitura Municipal de Ilhota - SC;4207106;SC;DCA-Anexo I-C;Padrão;Receitas Brutas Realizadas;RO1.1.1.3.03.1.0;1.1.1.3.03.1.0 - Imposto sobre a Renda - Retido na Fonte - Trabalho;1298492,03;13676
2018;Prefeitura Municipal de Ilhota - SC;4207106;SC;DCA-Anexo I-C;Padrão;Receitas Brutas Realizadas;RO1.1.1.8.00.0.0;1.1.1.8.00.0.0 Impostos Específicos de Estados, DF e Municípios;5579582,28;13676
2018;Prefeitura Municipal de Ilhota - SC;4207106;SC;DCA-Anexo I-C;Padrão;Outras Deduções da Receita;RO1.1.1.8.00.0.0;1.1.1.8.00.0.0 Impostos Específicos de Estados, DF e Municípios;112933,66;13676
2018;Prefeitura Municipal de Ilhota - SC;4207106;SC;DCA-Anexo I-C;Padrão;Receitas Brutas Realizadas;RO1.1.1.8.01.0.0;1.1.1.8.01.0.0 Impostos sobre o Patrimônio para Estados/DF/Municípios;1589930,72;13676
2018;Prefeitura Municipal de Ilhota - SC;4207106;SC;DCA-Anexo I-C;Padrão;Outras Deduções da Receita;RO1.1.1.8.01.0.0;1.1.1.8.01.0.0 Impostos sobre o Patrimônio para Estados/DF/Municípios;112900,83;13676
2018;Prefeitura Municipal de Ilhota - SC;4207106;SC;DCA-Anexo I-C;Padrão;Receitas Brutas Realizadas;RO1.1.1.8.01.1.0;1.1.1.8.01.1.0 Imposto sobre a Propriedade Predial e Territorial Urbana;968243,05;13676
2018;Prefeitura Municipal de Ilhota - SC;4207106;SC;DCA-Anexo I-C;Padrão;Outras Deduções da Receita;RO1.1.1.8.01.1.0;1.1.1.8.01.1.0 Imposto sobre a Propriedade Predial e Territorial Urbana;112900,83;13676
2018;Prefeitura Municipal de Ilhota - SC;4207106;SC;DCA-Anexo I-C;Padrão;Receitas Brutas Realizadas;RO1.1.1.8.01.4.0;1.1.1.8.01.4.0 Imposto sobre Transmissão ¿Inter Vivos¿ de Bens Imóveis e de Direitos Reais sobre Imóveis;621687,67;13676
2018;Prefeitura Municipal de Ilhota - SC;4207106;SC;DCA-Anexo I-C;Padrão;Receitas Brutas Realizadas;RO1.1.1.8.02.0.0;1.1.1.8.02.0.0 Impostos sobre a Produção, Circulação de Mercadorias e Serviços;3989651,56;13676
2018;Prefeitura Municipal de Ilhota - SC;4207106;SC;DCA-Anexo I-C;Padrão;Outras Deduções da Receita;RO1.1.1.8.02.0.0;1.1.1.8.02.0.0 Impostos sobre a Produção, Circulação de Mercadorias e Serviços;32,83;13676
2018;Prefeitura Municipal de Ilhota - SC;4207106;SC;DCA-Anexo I-C;Padrão;Receitas Brutas Realizadas;RO1.1.1.8.02.3.0;1.1.1.8.02.3.0 Imposto sobre Serviços de Qualquer Natureza;3989651,56;13676
2018;Prefeitura Municipal de Ilhota - SC;4207106;SC;DCA-Anexo I-C;Padrão;Outras Deduções da Receita;RO1.1.1.8.02.3.0;1.1.1.8.02.3.0 Imposto sobre Serviços de Qualquer Natureza;32,83;13676
2018;Prefeitura Municipal de Ilhota - SC;4207106;SC;DCA-Anexo I-C;Padrão;Receitas Brutas Realizadas;RO1.1.1.9.00.0.0;1.1.1.9.00.0.0 - Outros Impostos;199877,53;13676
2018;Prefeitura Municipal de Ilhota - SC;4207106;SC;DCA-Anexo I-C;Padrão;Outras Deduções da Receita;RO1.1.1.9.00.0.0;1.1.1.9.00.0.0 - Outros Impostos;100,39;13676
2018;Prefeitura Municipal de Ilhota - SC;4207106;SC;DCA-Anexo I-C;Padrão;Receitas Brutas Realizadas;RO1.1.2.0.00.0.0;1.1.2.0.00.0.0 - Taxas;1467318,48;13676
2018;Prefeitura Municipal de Ilhota - SC;4207106;SC;DCA-Anexo I-C;Padrão;Outras Deduções da Receita;RO1.1.2.0.00.0.0;1.1.2.0.00.0.0 - Taxas;7344,32;13676
2018;Prefeitura Municipal de Ilhota - SC;4207106;SC;DCA-Anexo I-C;Padrão;Receitas Brutas Realizadas;RO1.1.2.1.00.0.0;1.1.2.1.00.0.0 - Taxas pelo Exercício do Poder de Polícia;1467318,48;13676
2018;Prefeitura Municipal de Ilhota - SC;4207106;SC;DCA-Anexo I-C;Padrão;Outras Deduções da Receita;RO1.1.2.1.00.0.0;1.1.2.1.00.0.0 - Taxas pelo Exercício do Poder de Polícia;7344,32;13676
2018;Prefeitura Municipal de Ilhota - SC;4207106;SC;DCA-Anexo I-C;Padrão;Receitas Brutas Realizadas;RO1.1.2.1.01.0.0;1.1.2.1.01.0.0 - Taxas de Inspeção, Controle e Fiscalização;1467318,48;13676
2018;Prefeitura Municipal de Ilhota - SC;4207106;SC;DCA-Anexo I-C;Padrão;Outras Deduções da Receita;RO1.1.2.1.01.0.0;1.1.2.1.01.0.0 - Taxas de Inspeção, Controle e Fiscalização;7344,32;13676
2018;Prefeitura Municipal de Ilhota - SC;4207106;SC;DCA-Anexo I-C;Padrão;Receitas Brutas Realizadas;RO1.2.0.0.00.0.0;1.2.0.0.00.0.0 - Contribuições;277894,98;13676
2018;Prefeitura Municipal de Ilhota - SC;4207106;SC;DCA-Anexo I-C;Padrão;Receitas Brutas Realizadas;RO1.2.1.0.00.0.0;1.2.1.0.00.0.0 - Contribuições Sociais;277894,98;13676
2018;Prefeitura Municipal de Ilhota - SC;4207106;SC;DCA-Anexo I-C;Padrão;Receitas Brutas Realizadas;RO1.2.1.0.04.0.0;1.2.1.0.04.0.0 - Contribuição para o Regime Próprio de Previdência Social - RPPS;277894,98;13676
2018;Prefeitura Municipal de Ilhota - SC;4207106;SC;DCA-Anexo I-C;Padrão;Receitas Brutas Realizadas;RO1.2.1.0.04.2.0;1.2.1.0.04.2.0 - Contribuição do Servidor Ativo Civil para o RPPS;277894,98;13676
2018;Prefeitura Municipal de Ilhota - SC;4207106;SC;DCA-Anexo I-C;Padrão;Receitas Brutas Realizadas;RO1.3.0.0.00.0.0;1.3.0.0.00.0.0 - Receita Patrimonial;2294953,06;13676
2018;Prefeitura Municipal de Ilhota - SC;4207106;SC;DCA-Anexo I-C;Padrão;Outras Deduções da Receita;RO1.3.0.0.00.0.0;1.3.0.0.00.0.0 - Receita Patrimonial;879073,03;13676
2018;Prefeitura Municipal de Ilhota - SC;4207106;SC;DCA-Anexo I-C;Padrão;Receitas Brutas Realizadas;RO1.3.2.0.00.0.0;1.3.2.0.00.0.0 - Valores Mobiliários;2294953,06;13676
2018;Prefeitura Municipal de Ilhota - SC;4207106;SC;DCA-Anexo I-C;Padrão;Outras Deduções da Receita;RO1.3.2.0.00.0.0;1.3.2.0.00.0.0 - Valores Mobiliários;879073,03;13676
2018;Prefeitura Municipal de Ilhota - SC;4207106;SC;DCA-Anexo I-C;Padrão;Receitas Brutas Realizadas;RO1.3.2.1.00.0.0;1.3.2.1.00.0.0 - Juros e Correções Monetárias;2294953,06;13676
2018;Prefeitura Municipal de Ilhota - SC;4207106;SC;DCA-Anexo I-C;Padrão;Outras Deduções da Receita;RO1.3.2.1.00.0.0;1.3.2.1.00.0.0 - Juros e Correções Monetárias;879073,03;13676
2018;Prefeitura Municipal de Ilhota - SC;4207106;SC;DCA-Anexo I-C;Padrão;Receitas Brutas Realizadas;RO1.3.2.1.00.1.0;1.3.2.1.00.1.0 - Remuneração de Depósitos Bancários;178145,64;13676
2018;Prefeitura Municipal de Ilhota - SC;4207106;SC;DCA-Anexo I-C;Padrão;Receitas Brutas Realizadas;RO1.3.2.1.00.4.0;1.3.2.1.00.4.0 - Remuneração dos Recursos do Regime Próprio de Previdência Social - RPPS;2116807,42;13676
2018;Prefeitura Municipal de Ilhota - SC;4207106;SC;DCA-Anexo I-C;Padrão;Outras Deduções da Receita;RO1.3.2.1.00.4.0;1.3.2.1.00.4.0 - Remuneração dos Recursos do Regime Próprio de Previdência Social - RPPS;879073,03;13676
2018;Prefeitura Municipal de Ilhota - SC;4207106;SC;DCA-Anexo I-C;Padrão;Receitas Brutas Realizadas;RO1.6.0.0.00.0.0;1.6.0.0.00.0.0 - Receita de Serviços;3075239,72;13676
2018;Prefeitura Municipal de Ilhota - SC;4207106;SC;DCA-Anexo I-C;Padrão;Receitas Brutas Realizadas;RO1.6.1.0.00.0.0;1.6.1.0.00.0.0 - Serviços Administrativos e Comerciais Gerais;3075239,72;13676
2018;Prefeitura Municipal de Ilhota - SC;4207106;SC;DCA-Anexo I-C;Padrão;Receitas Brutas Realizadas;RO1.6.1.0.01.0.0;1.6.1.0.01.0.0 - Serviços Administrativos e Comerciais Gerais;3075239,72;13676
2018;Prefeitura Municipal de Ilhota - SC;4207106;SC;DCA-Anexo I-C;Padrão;Receitas Brutas Realizadas;RO1.7.0.0.00.0.0;1.7.0.0.00.0.0 - Transferências Correntes;39250086,05;13676
2018;Prefeitura Municipal de Ilhota - SC;4207106;SC;DCA-Anexo I-C;Padrão;Deduções - FUNDEB;RO1.7.0.0.00.0.0;1.7.0.0.00.0.0 - Transferências Correntes;4509812,39;13676
2018;Prefeitura Municipal de Ilhota - SC;4207106;SC;DCA-Anexo I-C;Padrão;Receitas Brutas Realizadas;RO1.7.1.0.00.0.0;1.7.1.0.00.0.0 - Transferências da União e de suas Entidades;17172852,98;13676
2018;Prefeitura Municipal de Ilhota - SC;4207106;SC;DCA-Anexo I-C;Padrão;Deduções - FUNDEB;RO1.7.1.0.00.0.0;1.7.1.0.00.0.0 - Transferências da União e de suas Entidades;2301468,04;13676
2018;Prefeitura Municipal de Ilhota - SC;4207106;SC;DCA-Anexo I-C;Padrão;Receitas Brutas Realizadas;RO1.7.1.8.00.0.0;1.7.1.8.00.0.0 Transferências da União - Específicas de Estados, DF e Municípios;17172852,98;13676
2018;Prefeitura Municipal de Ilhota - SC;4207106;SC;DCA-Anexo I-C;Padrão;Deduções - FUNDEB;RO1.7.1.8.00.0.0;1.7.1.8.00.0.0 Transferências da União - Específicas de Estados, DF e Municípios;2301468,04;13676
2018;Prefeitura Municipal de Ilhota - SC;4207106;SC;DCA-Anexo I-C;Padrão;Receitas Brutas Realizadas;RO1.7.1.8.01.0.0;1.7.1.8.01.0.0 Participação na Receita da União;12474879,09;13676
2018;Prefeitura Municipal de Ilhota - SC;4207106;SC;DCA-Anexo I-C;Padrão;Deduções - FUNDEB;RO1.7.1.8.01.0.0;1.7.1.8.01.0.0 Participação na Receita da União;2295298,48;13676
2018;Prefeitura Municipal de Ilhota - SC;4207106;SC;DCA-Anexo I-C;Padrão;Receitas Brutas Realizadas;RO1.7.1.8.01.2.0;1.7.1.8.01.2.0 Cota-Parte do Fundo de Participação dos Municípios - Cota Mensal;11378067,14;13676
2018;Prefeitura Municipal de Ilhota - SC;4207106;SC;DCA-Anexo I-C;Padrão;Deduções - FUNDEB;RO1.7.1.8.01.2.0;1.7.1.8.01.2.0 Cota-Parte do Fundo de Participação dos Municípios - Cota Mensal;2275613,13;13676
2018;Prefeitura Municipal de Ilhota - SC;4207106;SC;DCA-Anexo I-C;Padrão;Receitas Brutas Realizadas;RO1.7.1.8.01.4.0;1.7.1.8.01.4.0 Cota-Parte do Fundo de Participação dos Municípios - 1% Cota entregue no mês de julho;998384,60;13676
2018;Prefeitura Municipal de Ilhota - SC;4207106;SC;DCA-Anexo I-C;Padrão;Receitas Brutas Realizadas;RO1.7.1.8.01.5.0;1.7.1.8.01.5.0 Cota-Parte do Imposto Sobre a Propriedade Territorial Rural;98427,35;13676
2018;Prefeitura Municipal de Ilhota - SC;4207106;SC;DCA-Anexo I-C;Padrão;Deduções - FUNDEB;RO1.7.1.8.01.5.0;1.7.1.8.01.5.0 Cota-Parte do Imposto Sobre a Propriedade Territorial Rural;19685,35;13676
2018;Prefeitura Municipal de Ilhota - SC;4207106;SC;DCA-Anexo I-C;Padrão;Receitas Brutas Realizadas;RO1.7.1.8.02.0.0;1.7.1.8.02.0.0 Transferência da Compensação Financeira pela Exploração de Recursos Naturais;211579,98;13676
2018;Prefeitura Municipal de Ilhota - SC;4207106;SC;DCA-Anexo I-C;Padrão;Receitas Brutas Realizadas;RO1.7.1.8.02.2.0;1.7.1.8.02.2.0 Cota-parte da Compensação Financeira de Recursos Minerais - CFEM;22323,70;13676
2018;Prefeitura Municipal de Ilhota - SC;4207106;SC;DCA-Anexo I-C;Padrão;Receitas Brutas Realizadas;RO1.7.1.8.02.6.0;1.7.1.8.02.6.0 Cota-Parte do Fundo Especial do Petróleo ¿ FEP;189256,28;13676
2018;Prefeitura Municipal de Ilhota - SC;4207106;SC;DCA-Anexo I-C;Padrão;Receitas Brutas Realizadas;RO1.7.1.8.03.0.0;1.7.1.8.03.0.0 Transferência de Recursos do Sistema Único de Saúde ¿ SUS ¿ Repasses Fundo a Fundo;2540955,13;13676
2018;Prefeitura Municipal de Ilhota - SC;4207106;SC;DCA-Anexo I-C;Padrão;Receitas Brutas Realizadas;RO1.7.1.8.04.0.0;1.7.1.8.04.0.0 Transferências de Recursos do Fundo Nacional de Assistência Social ¿ FNAS;208072,42;13676
2018;Prefeitura Municipal de Ilhota - SC;4207106;SC;DCA-Anexo I-C;Padrão;Receitas Brutas Realizadas;RO1.7.1.8.05.0.0;1.7.1.8.05.0.0 Transferências de Recursos do Fundo Nacional do Desenvolvimento da Educação ¿ FNDE;1438985,49;13676
2018;Prefeitura Municipal de Ilhota - SC;4207106;SC;DCA-Anexo I-C;Padrão;Receitas Brutas Realizadas;RO1.7.1.8.05.1.0;1.7.1.8.05.1.0 Transferências do Salário-Educação;998605,21;13676
2018;Prefeitura Municipal de Ilhota - SC;4207106;SC;DCA-Anexo I-C;Padrão;Receitas Brutas Realizadas;RO1.7.1.8.05.3.0;1.7.1.8.05.3.0 Transferências Diretas do FNDE referentes ao Programa Nacional de Alimentação Escolar ¿ PNAE;250952,00;13676
2018;Prefeitura Municipal de Ilhota - SC;4207106;SC;DCA-Anexo I-C;Padrão;Receitas Brutas Realizadas;RO1.7.1.8.05.4.0;1.7.1.8.05.4.0 Transferências Diretas do FNDE referentes ao Programa Nacional de Apoio ao Transporte do Escolar ¿ PNATE;116419,41;13676
2018;Prefeitura Municipal de Ilhota - SC;4207106;SC;DCA-Anexo I-C;Padrão;Receitas Brutas Realizadas;RO1.7.1.8.05.9.0;1.7.1.8.05.9.0 Outras Transferências Diretas do Fundo Nacional do Desenvolvimento da Educação ¿ FNDE;73008,87;13676
2018;Prefeitura Municipal de Ilhota - SC;4207106;SC;DCA-Anexo I-C;Padrão;Receitas Brutas Realizadas;RO1.7.1.8.06.0.0;1.7.1.8.06.0.0 Transferência Financeira do ICMS ¿ Desoneração ¿ L.C. Nº 87/96;30847,80;13676
2018;Prefeitura Municipal de Ilhota - SC;4207106;SC;DCA-Anexo I-C;Padrão;Deduções - FUNDEB;RO1.7.1.8.06.0.0;1.7.1.8.06.0.0 Transferência Financeira do ICMS ¿ Desoneração ¿ L.C. Nº 87/96;6169,56;13676
2018;Prefeitura Municipal de Ilhota - SC;4207106;SC;DCA-Anexo I-C;Padrão;Receitas Brutas Realizadas;RO1.7.1.8.06.1.0;1.7.1.8.06.1.0 Transferência Financeira do ICMS ¿ Desoneração ¿ L.C. Nº 87/96;30847,80;13676
2018;Prefeitura Municipal de Ilhota - SC;4207106;SC;DCA-Anexo I-C;Padrão;Deduções - FUNDEB;RO1.7.1.8.06.1.0;1.7.1.8.06.1.0 Transferência Financeira do ICMS ¿ Desoneração ¿ L.C. Nº 87/96;6169,56;13676
2018;Prefeitura Municipal de Ilhota - SC;4207106;SC;DCA-Anexo I-C;Padrão;Receitas Brutas Realizadas;RO1.7.1.8.10.0.0;1.7.1.8.10.0.0 Transferências de Convênios da União e de Suas Entidades;144608,07;13676
2018;Prefeitura Municipal de Ilhota - SC;4207106;SC;DCA-Anexo I-C;Padrão;Receitas Brutas Realizadas;RO1.7.1.8.10.3.0;1.7.1.8.10.3.0 Transferências de Convênios da União Destinadas a Programas de Assistência Social;144608,07;13676
2018;Prefeitura Municipal de Ilhota - SC;4207106;SC;DCA-Anexo I-C;Padrão;Receitas Brutas Realizadas;RO1.7.1.8.99.0.0;1.7.1.8.99.0.0 Outras Transferências da União;122925,00;13676
2018;Prefeitura Municipal de Ilhota - SC;4207106;SC;DCA-Anexo I-C;Padrão;Receitas Brutas Realizadas;RO1.7.2.0.00.0.0;1.7.2.0.00.0.0 - Transferências dos Estados e do Distrito Federal e de suas Entidades;12055349,21;13676
2018;Prefeitura Municipal de Ilhota - SC;4207106;SC;DCA-Anexo I-C;Padrão;Deduções - FUNDEB;RO1.7.2.0.00.0.0;1.7.2.0.00.0.0 - Transferências dos Estados e do Distrito Federal e de suas Entidades;2208344,35;13676
2018;Prefeitura Municipal de Ilhota - SC;4207106;SC;DCA-Anexo I-C;Padrão;Receitas Brutas Realizadas;RO1.7.2.8.00.0.0;1.7.2.8.00.0.0 Transferências dos Estados - Específicas de Estados, DF e Municípios;12055349,21;13676
2018;Prefeitura Municipal de Ilhota - SC;4207106;SC;DCA-Anexo I-C;Padrão;Deduções - FUNDEB;RO1.7.2.8.00.0.0;1.7.2.8.00.0.0 Transferências dos Estados - Específicas de Estados, DF e Municípios;2208344,35;13676
2018;Prefeitura Municipal de Ilhota - SC;4207106;SC;DCA-Anexo I-C;Padrão;Receitas Brutas Realizadas;RO1.7.2.8.01.0.0;1.7.2.8.01.0.0 Participação na Receita dos Estados;11072029,91;13676
2018;Prefeitura Municipal de Ilhota - SC;4207106;SC;DCA-Anexo I-C;Padrão;Deduções - FUNDEB;RO1.7.2.8.01.0.0;1.7.2.8.01.0.0 Participação na Receita dos Estados;2208344,35;13676
2018;Prefeitura Municipal de Ilhota - SC;4207106;SC;DCA-Anexo I-C;Padrão;Receitas Brutas Realizadas;RO1.7.2.8.01.1.0;1.7.2.8.01.1.0 Cota-Parte do ICMS;9618998,29;13676
2018;Prefeitura Municipal de Ilhota - SC;4207106;SC;DCA-Anexo I-C;Padrão;Deduções - FUNDEB;RO1.7.2.8.01.1.0;1.7.2.8.01.1.0 Cota-Parte do ICMS;1923798,58;13676
2018;Prefeitura Municipal de Ilhota - SC;4207106;SC;DCA-Anexo I-C;Padrão;Receitas Brutas Realizadas;RO1.7.2.8.01.2.0;1.7.2.8.01.2.0 Cota-Parte do IPVA;1273903,54;13676
2018;Prefeitura Municipal de Ilhota - SC;4207106;SC;DCA-Anexo I-C;Padrão;Deduções - FUNDEB;RO1.7.2.8.01.2.0;1.7.2.8.01.2.0 Cota-Parte do IPVA;254951,39;13676
2018;Prefeitura Municipal de Ilhota - SC;4207106;SC;DCA-Anexo I-C;Padrão;Receitas Brutas Realizadas;RO1.7.2.8.01.3.0;1.7.2.8.01.3.0 Cota-Parte do IPI - Municípios;147972,41;13676
2018;Prefeitura Municipal de Ilhota - SC;4207106;SC;DCA-Anexo I-C;Padrão;Deduções - FUNDEB;RO1.7.2.8.01.3.0;1.7.2.8.01.3.0 Cota-Parte do IPI - Municípios;29594,38;13676
2018;Prefeitura Municipal de Ilhota - SC;4207106;SC;DCA-Anexo I-C;Padrão;Receitas Brutas Realizadas;RO1.7.2.8.01.4.0;1.7.2.8.01.4.0 Cota-Parte da Contribuição de Intervenção no Domínio Econômico;31155,67;13676
2018;Prefeitura Municipal de Ilhota - SC;4207106;SC;DCA-Anexo I-C;Padrão;Receitas Brutas Realizadas;RO1.7.2.8.03.0.0;1.7.2.8.03.0.0 Transferência de Recursos do Estado para Programas de Saúde ¿ Repasse Fundo a Fundo;405077,49;13676
2018;Prefeitura Municipal de Ilhota - SC;4207106;SC;DCA-Anexo I-C;Padrão;Receitas Brutas Realizadas;RO1.7.2.8.10.0.0;1.7.2.8.10.0.0 Transferência de Convênios dos Estados e do Distrito Federal e de Suas Entidades;150241,81;13676
2018;Prefeitura Municipal de Ilhota - SC;4207106;SC;DCA-Anexo I-C;Padrão;Receitas Brutas Realizadas;RO1.7.2.8.10.9.0;1.7.2.8.10.9.0 Outras Transferências de Convênio dos Estados;150241,81;13676
2018;Prefeitura Municipal de Ilhota - SC;4207106;SC;DCA-Anexo I-C;Padrão;Receitas Brutas Realizadas;RO1.7.2.8.99.0.0;1.7.2.8.99.0.0 Outras Transferências dos Estados;428000,00;13676
2018;Prefeitura Municipal de Ilhota - SC;4207106;SC;DCA-Anexo I-C;Padrão;Receitas Brutas Realizadas;RO1.7.5.0.00.0.0;1.7.5.0.00.0.0 - Transferências de Outras Instituições Públicas;10021883,86;13676
2018;Prefeitura Municipal de Ilhota - SC;4207106;SC;DCA-Anexo I-C;Padrão;Receitas Brutas Realizadas;RO1.7.5.8.00.0.0;1.7.5.8.00.0.0 Transferências de Outras Instituições Públicas - Específicas de Estados, DF e Municípios;10021883,86;13676
2018;Prefeitura Municipal de Ilhota - SC;4207106;SC;DCA-Anexo I-C;Padrão;Receitas Brutas Realizadas;RO1.7.5.8.01.0.0;1.7.5.8.01.0.0 Transferências de Recursos do Fundo de Manutenção e Desenvolvimento da Educação Básica e de Valorização dos Profissionais da Educação ¿ FUNDEB;10021883,86;13676
2018;Prefeitura Municipal de Ilhota - SC;4207106;SC;DCA-Anexo I-C;Padrão;Receitas Brutas Realizadas;RO1.9.0.0.00.0.0;1.9.0.0.00.0.0 - Outras Receitas Correntes;71783,79;13676
2018;Prefeitura Municipal de Ilhota - SC;4207106;SC;DCA-Anexo I-C;Padrão;Receitas Brutas Realizadas;RO1.9.9.0.00.0.0;1.9.9.0.00.0.0 - Demais Receitas Correntes;71783,79;13676
2018;Prefeitura Municipal de Ilhota - SC;4207106;SC;DCA-Anexo I-C;Padrão;Receitas Brutas Realizadas;RO1.9.9.0.12.0.0;1.9.9.0.12.0.0 - Encargos Legais pela Inscrição em Dívida Ativa e Receitas de Ônus de Sucumbência;18712,94;13676
2018;Prefeitura Municipal de Ilhota - SC;4207106;SC;DCA-Anexo I-C;Padrão;Receitas Brutas Realizadas;RO1.9.9.0.99.0.0;1.9.9.0.99.0.0 - Outras Receitas;53070,85;13676
2018;Prefeitura Municipal de Ilhota - SC;4207106;SC;DCA-Anexo I-C;Padrão;Receitas Brutas Realizadas;RO1.9.9.0.99.1.0;1.9.9.0.99.1.0 - Outras Receitas - Primárias;53070,85;13676
2018;Prefeitura Municipal de Ilhota - SC;4207106;SC;DCA-Anexo I-C;Padrão;Receitas Brutas Realizadas;RO2.0.0.0.00.0.0;2.0.0.0.00.0.0 - Receitas de Capital;1641552,13;13676
2018;Prefeitura Municipal de Ilhota - SC;4207106;SC;DCA-Anexo I-C;Padrão;Receitas Brutas Realizadas;RO2.2.0.0.00.0.0;2.2.0.0.00.0.0 - Alienação de Bens;175545,00;13676
2018;Prefeitura Municipal de Ilhota - SC;4207106;SC;DCA-Anexo I-C;Padrão;Receitas Brutas Realizadas;RO2.2.1.0.00.0.0;2.2.1.0.00.0.0 - Alienação de Bens Móveis;175545,00;13676
2018;Prefeitura Municipal de Ilhota - SC;4207106;SC;DCA-Anexo I-C;Padrão;Receitas Brutas Realizadas;RO2.2.1.3.00.0.0;2.2.1.3.00.0.0 Alienação de Bens Móveis e Semoventes;175545,00;13676
2018;Prefeitura Municipal de Ilhota - SC;4207106;SC;DCA-Anexo I-C;Padrão;Receitas Brutas Realizadas;RO2.4.0.0.00.0.0;2.4.0.0.00.0.0 - Transferências de Capital;1382429,84;13676
2018;Prefeitura Municipal de Ilhota - SC;4207106;SC;DCA-Anexo I-C;Padrão;Receitas Brutas Realizadas;RO2.4.1.0.00.0.0;2.4.1.0.00.0.0 - Transferências da União e de suas Entidades;1086267,00;13676
2018;Prefeitura Municipal de Ilhota - SC;4207106;SC;DCA-Anexo I-C;Padrão;Receitas Brutas Realizadas;RO2.4.1.8.00.0.0;2.4.1.8.00.0.0 Transferências da União - Específicas de Estados, DF e Municípios;1086267,00;13676
2018;Prefeitura Municipal de Ilhota - SC;4207106;SC;DCA-Anexo I-C;Padrão;Receitas Brutas Realizadas;RO2.4.1.8.03.0.0;2.4.1.8.03.0.0 Transferências de Recursos do Sistema Único de Saúde ¿ SUS;429940,00;13676
2018;Prefeitura Municipal de Ilhota - SC;4207106;SC;DCA-Anexo I-C;Padrão;Receitas Brutas Realizadas;RO2.4.1.8.05.0.0;2.4.1.8.05.0.0 Transferências de Recursos Destinados a Programas de Educação;358600,00;13676
2018;Prefeitura Municipal de Ilhota - SC;4207106;SC;DCA-Anexo I-C;Padrão;Receitas Brutas Realizadas;RO2.4.1.8.10.0.0;2.4.1.8.10.0.0 Transferência de Convênios da União e de suas Entidades;297727,00;13676
2018;Prefeitura Municipal de Ilhota - SC;4207106;SC;DCA-Anexo I-C;Padrão;Receitas Brutas Realizadas;RO2.4.2.0.00.0.0;2.4.2.0.00.0.0 - Transferências dos Estados e do Distrito Federal e de suas Entidades;296162,84;13676
2018;Prefeitura Municipal de Ilhota - SC;4207106;SC;DCA-Anexo I-C;Padrão;Receitas Brutas Realizadas;RO2.4.2.8.00.0.0;2.4.2.8.00.0.0 Transferências dos Estados, Distrito Federal, e de suas Entidades;296162,84;13676
2018;Prefeitura Municipal de Ilhota - SC;4207106;SC;DCA-Anexo I-C;Padrão;Receitas Brutas Realizadas;RO2.4.2.8.10.0.0;2.4.2.8.10.0.0 Transferências de Convênios dos Estados e do Distrito Federal e de suas Entidades;296162,84;13676
2018;Prefeitura Municipal de Ilhota - SC;4207106;SC;DCA-Anexo I-C;Padrão;Receitas Brutas Realizadas;RO2.9.0.0.00.0.0;2.9.0.0.00.0.0 - Outras Receitas de Capital;83577,29;13676
2018;Prefeitura Municipal de Ilhota - SC;4207106;SC;DCA-Anexo I-C;Padrão;Receitas Brutas Realizadas;RO2.9.9.0.00.0.0;2.9.9.0.00.0.0 - Demais Receitas de Capital;83577,29;13676
2018;Prefeitura Municipal de Ilhota - SC;4207106;SC;DCA-Anexo I-C;Padrão;Receitas Brutas Realizadas;RO2.9.9.0.00.1.0;2.9.9.0.00.1.0 Demais Receitas de Capital;83577,29;13676
2018;Prefeitura Municipal de Ilhota - SC;4207106;SC;DCA-Anexo I-C;Padrão;Receitas Brutas Realizadas;RO7.0.0.0.00.0.0;7.0.0.0.00.0.0 - Receitas Correntes - Intraorçamentárias;2459203,79;13676
2018;Prefeitura Municipal de Ilhota - SC;4207106;SC;DCA-Anexo I-C;Padrão;Receitas Brutas Realizadas;RO7.2.0.0.00.0.0;7.2.0.0.00.0.0 - Contribuições - Intraorçamentárias;2459203,79;13676
2018;Prefeitura Municipal de Ilhota - SC;4207106;SC;DCA-Anexo I-C;Padrão;Receitas Brutas Realizadas;RO7.2.1.0.00.0.0;7.2.1.0.00.0.0 - Contribuições Sociais - Intraorçamentárias;2459203,79;13676
2018;Prefeitura Municipal de Ilhota - SC;4207106;SC;DCA-Anexo I-C;Padrão;Receitas Brutas Realizadas;RO7.2.1.0.04.0.0;7.2.1.0.04.0.0 - Contribuição para o Regime Próprio de Previdência Social - RPPS - Intraorçamentárias;2117844,17;13676
2018;Prefeitura Municipal de Ilhota - SC;4207106;SC;DCA-Anexo I-C;Padrão;Receitas Brutas Realizadas;RO7.2.1.0.04.1.0;7.2.1.0.04.1.0 - Contribuição Patronal de Servidor Ativo Civil para o RPPS - Intraorçamentárias;2117844,17;13676
2018;Prefeitura Municipal de Ilhota - SC;4207106;SC;DCA-Anexo I-C;Padrão;Receitas Brutas Realizadas;RO7.2.1.8.00.0.0;7.2.1.8.00.0.0 Contribuições Sociais Específicas de Estados, DF e Municípios;341359,62;13676
2018;Prefeitura Municipal de Ilhota - SC;4207106;SC;DCA-Anexo I-C;Padrão;Receitas Brutas Realizadas;RO7.2.1.8.01.0.0;7.2.1.8.01.0.0 Contribuições para o Regime Próprio de Previdência Social - RPPS de Estados/DF/Municípios;341359,62;13676
2018;Prefeitura Municipal de Ilhota - SC;4207106;SC;DCA-Anexo I-C;Padrão;Receitas Brutas Realizadas;RO7.2.1.8.01.1.0;7.2.1.8.01.1.0 Contribuição Previdenciária para Amortização do Déficit Atuarial;341359,62;13676
2019;Prefeitura Municipal de Ilhota - SC;4207106;SC;DCA-Anexo I-C;Padrão;Receitas Brutas Realizadas;ReceitasExcetoIntraOrcamentarias;RECEITAS (EXCETO INTRA-ORÇAMENTÁRIAS) (I);67240112,97;14005
2019;Prefeitura Municipal de Ilhota - SC;4207106;SC;DCA-Anexo I-C;Padrão;Deduções - FUNDEB;ReceitasExcetoIntraOrcamentarias;RECEITAS (EXCETO INTRA-ORÇAMENTÁRIAS) (I);5165394,57;14005
2019;Prefeitura Municipal de Ilhota - SC;4207106;SC;DCA-Anexo I-C;Padrão;Outras Deduções da Receita;ReceitasExcetoIntraOrcamentarias;RECEITAS (EXCETO INTRA-ORÇAMENTÁRIAS) (I);139508,59;14005
2019;Prefeitura Municipal de Ilhota - SC;4207106;SC;DCA-Anexo I-C;Padrão;Receitas Brutas Realizadas;RO1.0.0.0.00.0.0;1.0.0.0.00.0.0 - Receitas Correntes;63782839,24;14005
2019;Prefeitura Municipal de Ilhota - SC;4207106;SC;DCA-Anexo I-C;Padrão;Deduções - FUNDEB;RO1.0.0.0.00.0.0;1.0.0.0.00.0.0 - Receitas Correntes;5165394,57;14005
2019;Prefeitura Municipal de Ilhota - SC;4207106;SC;DCA-Anexo I-C;Padrão;Outras Deduções da Receita;RO1.0.0.0.00.0.0;1.0.0.0.00.0.0 - Receitas Correntes;124657,02;14005
2019;Prefeitura Municipal de Ilhota - SC;4207106;SC;DCA-Anexo I-C;Padrão;Receitas Brutas Realizadas;RO1.1.0.0.00.0.0;1.1.0.0.00.0.0 - Impostos, Taxas e Contribuições de Melhoria;8821604,24;14005
2019;Prefeitura Municipal de Ilhota - SC;4207106;SC;DCA-Anexo I-C;Padrão;Outras Deduções da Receita;RO1.1.0.0.00.0.0;1.1.0.0.00.0.0 - Impostos, Taxas e Contribuições de Melhoria;50972,14;14005
2019;Prefeitura Municipal de Ilhota - SC;4207106;SC;DCA-Anexo I-C;Padrão;Receitas Brutas Realizadas;RO1.1.1.0.00.0.0;1.1.1.0.00.0.0 - Impostos;6433699,78;14005
2019;Prefeitura Municipal de Ilhota - SC;4207106;SC;DCA-Anexo I-C;Padrão;Outras Deduções da Receita;RO1.1.1.0.00.0.0;1.1.1.0.00.0.0 - Impostos;50390,46;14005
2019;Prefeitura Municipal de Ilhota - SC;4207106;SC;DCA-Anexo I-C;Padrão;Receitas Brutas Realizadas;RO1.1.1.3.00.0.0;1.1.1.3.00.0.0 - Impostos sobre a Renda e Proventos de Qualquer Natureza;971426,52;14005
2019;Prefeitura Municipal de Ilhota - SC;4207106;SC;DCA-Anexo I-C;Padrão;Receitas Brutas Realizadas;RO1.1.1.3.03.0.0;1.1.1.3.03.0.0 - Imposto sobre a Renda - Retido na Fonte;971426,52;14005
2019;Prefeitura Municipal de Ilhota - SC;4207106;SC;DCA-Anexo I-C;Padrão;Receitas Brutas Realizadas;RO1.1.1.3.03.1.0;1.1.1.3.03.1.0 - Imposto sobre a Renda - Retido na Fonte - Trabalho;971426,52;14005
2019;Prefeitura Municipal de Ilhota - SC;4207106;SC;DCA-Anexo I-C;Padrão;Receitas Brutas Realizadas;RO1.1.1.8.00.0.0;1.1.1.8.00.0.0 Impostos Específicos de Estados, DF e Municípios;5462273,26;14005
2019;Prefeitura Municipal de Ilhota - SC;4207106;SC;DCA-Anexo I-C;Padrão;Outras Deduções da Receita;RO1.1.1.8.00.0.0;1.1.1.8.00.0.0 Impostos Específicos de Estados, DF e Municípios;50390,46;14005
2019;Prefeitura Municipal de Ilhota - SC;4207106;SC;DCA-Anexo I-C;Padrão;Receitas Brutas Realizadas;RO1.1.1.8.01.0.0;1.1.1.8.01.0.0 Impostos sobre o Patrimônio para Estados/DF/Municípios;1741051,28;14005
2019;Prefeitura Municipal de Ilhota - SC;4207106;SC;DCA-Anexo I-C;Padrão;Outras Deduções da Receita;RO1.1.1.8.01.0.0;1.1.1.8.01.0.0 Impostos sobre o Patrimônio para Estados/DF/Municípios;50004,33;14005
2019;Prefeitura Municipal de Ilhota - SC;4207106;SC;DCA-Anexo I-C;Padrão;Receitas Brutas Realizadas;RO1.1.1.8.01.1.0;1.1.1.8.01.1.0 Imposto sobre a Propriedade Predial e Territorial Urbana;1246232,16;14005
2019;Prefeitura Municipal de Ilhota - SC;4207106;SC;DCA-Anexo I-C;Padrão;Outras Deduções da Receita;RO1.1.1.8.01.1.0;1.1.1.8.01.1.0 Imposto sobre a Propriedade Predial e Territorial Urbana;49997,91;14005
2019;Prefeitura Municipal de Ilhota - SC;4207106;SC;DCA-Anexo I-C;Padrão;Receitas Brutas Realizadas;RO1.1.1.8.01.4.0;1.1.1.8.01.4.0 Imposto sobre Transmissão ¿Inter Vivos¿ de Bens Imóveis e de Direitos Reais sobre Imóveis;494819,12;14005
2019;Prefeitura Municipal de Ilhota - SC;4207106;SC;DCA-Anexo I-C;Padrão;Outras Deduções da Receita;RO1.1.1.8.01.4.0;1.1.1.8.01.4.0 Imposto sobre Transmissão ¿Inter Vivos¿ de Bens Imóveis e de Direitos Reais sobre Imóveis;6,42;14005
2019;Prefeitura Municipal de Ilhota - SC;4207106;SC;DCA-Anexo I-C;Padrão;Receitas Brutas Realizadas;RO1.1.1.8.02.0.0;1.1.1.8.02.0.0 Impostos sobre a Produção, Circulação de Mercadorias e Serviços;3721221,98;14005
2019;Prefeitura Municipal de Ilhota - SC;4207106;SC;DCA-Anexo I-C;Padrão;Outras Deduções da Receita;RO1.1.1.8.02.0.0;1.1.1.8.02.0.0 Impostos sobre a Produção, Circulação de Mercadorias e Serviços;386,13;14005
2019;Prefeitura Municipal de Ilhota - SC;4207106;SC;DCA-Anexo I-C;Padrão;Receitas Brutas Realizadas;RO1.1.1.8.02.3.0;1.1.1.8.02.3.0 Imposto sobre Serviços de Qualquer Natureza;3721221,98;14005
2019;Prefeitura Municipal de Ilhota - SC;4207106;SC;DCA-Anexo I-C;Padrão;Outras Deduções da Receita;RO1.1.1.8.02.3.0;1.1.1.8.02.3.0 Imposto sobre Serviços de Qualquer Natureza;386,13;14005
2019;Prefeitura Municipal de Ilhota - SC;4207106;SC;DCA-Anexo I-C;Padrão;Receitas Brutas Realizadas;RO1.1.2.0.00.0.0;1.1.2.0.00.0.0 - Taxas;2387904,46;14005
2019;Prefeitura Municipal de Ilhota - SC;4207106;SC;DCA-Anexo I-C;Padrão;Outras Deduções da Receita;RO1.1.2.0.00.0.0;1.1.2.0.00.0.0 - Taxas;581,68;14005
2019;Prefeitura Municipal de Ilhota - SC;4207106;SC;DCA-Anexo I-C;Padrão;Receitas Brutas Realizadas;RO1.1.2.1.00.0.0;1.1.2.1.00.0.0 - Taxas pelo Exercício do Poder de Polícia;1370495,06;14005
2019;Prefeitura Municipal de Ilhota - SC;4207106;SC;DCA-Anexo I-C;Padrão;Outras Deduções da Receita;RO1.1.2.1.00.0.0;1.1.2.1.00.0.0 - Taxas pelo Exercício do Poder de Polícia;467,62;14005
2019;Prefeitura Municipal de Ilhota - SC;4207106;SC;DCA-Anexo I-C;Padrão;Receitas Brutas Realizadas;RO1.1.2.1.04.0.0;1.1.2.1.04.0.0 - Taxa de Controle e Fiscalização Ambiental;1370495,06;14005
2019;Prefeitura Municipal de Ilhota - SC;4207106;SC;DCA-Anexo I-C;Padrão;Outras Deduções da Receita;RO1.1.2.1.04.0.0;1.1.2.1.04.0.0 - Taxa de Controle e Fiscalização Ambiental;467,62;14005
2019;Prefeitura Municipal de Ilhota - SC;4207106;SC;DCA-Anexo I-C;Padrão;Receitas Brutas Realizadas;RO1.1.2.2.00.0.0;1.1.2.2.00.0.0 - Taxas pela Prestação de Serviços;53415,06;14005
2019;Prefeitura Municipal de Ilhota - SC;4207106;SC;DCA-Anexo I-C;Padrão;Receitas Brutas Realizadas;RO1.1.2.2.01.0.0;1.1.2.2.01.0.0 - Taxas pela Prestação de Serviços;53415,06;14005
2019;Prefeitura Municipal de Ilhota - SC;4207106;SC;DCA-Anexo I-C;Padrão;Receitas Brutas Realizadas;RO1.1.2.8.00.0.0;1.1.2.8.00.0.0 - Taxas - Específicas de Estados, DF e Municípios;963994,34;14005
2019;Prefeitura Municipal de Ilhota - SC;4207106;SC;DCA-Anexo I-C;Padrão;Outras Deduções da Receita;RO1.1.2.8.00.0.0;1.1.2.8.00.0.0 - Taxas - Específicas de Estados, DF e Municípios;114,06;14005
2019;Prefeitura Municipal de Ilhota - SC;4207106;SC;DCA-Anexo I-C;Padrão;Receitas Brutas Realizadas;RO1.1.2.8.01.0.0;1.1.2.8.01.0.0 - Taxas de Inspeção, Controle e Fiscalização;963994,34;14005
2019;Prefeitura Municipal de Ilhota - SC;4207106;SC;DCA-Anexo I-C;Padrão;Outras Deduções da Receita;RO1.1.2.8.01.0.0;1.1.2.8.01.0.0 - Taxas de Inspeção, Controle e Fiscalização;114,06;14005
2019;Prefeitura Municipal de Ilhota - SC;4207106;SC;DCA-Anexo I-C;Padrão;Receitas Brutas Realizadas;RO1.1.2.8.01.1.0;1.1.2.8.01.1.0 - Taxa de Fiscalização de Vigilância Sanitária;310,67;14005
2019;Prefeitura Municipal de Ilhota - SC;4207106;SC;DCA-Anexo I-C;Padrão;Receitas Brutas Realizadas;RO1.1.2.8.01.9.0;1.1.2.8.01.9.0 - Taxas de Inspeção, Controle e Fiscalização - Outras;963683,67;14005
2019;Prefeitura Municipal de Ilhota - SC;4207106;SC;DCA-Anexo I-C;Padrão;Outras Deduções da Receita;RO1.1.2.8.01.9.0;1.1.2.8.01.9.0 - Taxas de Inspeção, Controle e Fiscalização - Outras;114,06;14005
2019;Prefeitura Municipal de Ilhota - SC;4207106;SC;DCA-Anexo I-C;Padrão;Receitas Brutas Realizadas;RO1.2.0.0.00.0.0;1.2.0.0.00.0.0 - Contribuições;3789289,08;14005
2019;Prefeitura Municipal de Ilhota - SC;4207106;SC;DCA-Anexo I-C;Padrão;Receitas Brutas Realizadas;RO1.2.1.0.00.0.0;1.2.1.0.00.0.0 - Contribuições Sociais;2563054,85;14005
2019;Prefeitura Municipal de Ilhota - SC;4207106;SC;DCA-Anexo I-C;Padrão;Receitas Brutas Realizadas;RO1.2.1.9.00.0.0;1.2.1.9.00.0.0 - Outras Contribuições Sociais;2563054,85;14005
2019;Prefeitura Municipal de Ilhota - SC;4207106;SC;DCA-Anexo I-C;Padrão;Receitas Brutas Realizadas;RO1.2.1.9.99.0.0;1.2.1.9.99.0.0 - Demais Contribuições Sociais;2563054,85;14005
2019;Prefeitura Municipal de Ilhota - SC;4207106;SC;DCA-Anexo I-C;Padrão;Receitas Brutas Realizadas;RO1.2.1.9.99.1.0;1.2.1.9.99.1.0 - Demais Contribuições Sociais;2563054,85;14005
2019;Prefeitura Municipal de Ilhota - SC;4207106;SC;DCA-Anexo I-C;Padrão;Receitas Brutas Realizadas;RO1.2.4.0.00.0.0;1.2.4.0.00.0.0 - Contribuição para o Custeio do Serviço de Iluminação Pública;1226234,23;14005
2019;Prefeitura Municipal de Ilhota - SC;4207106;SC;DCA-Anexo I-C;Padrão;Receitas Brutas Realizadas;RO1.3.0.0.00.0.0;1.3.0.0.00.0.0 - Receita Patrimonial;2173803,77;14005
2019;Prefeitura Municipal de Ilhota - SC;4207106;SC;DCA-Anexo I-C;Padrão;Outras Deduções da Receita;RO1.3.0.0.00.0.0;1.3.0.0.00.0.0 - Receita Patrimonial;73684,88;14005
2019;Prefeitura Municipal de Ilhota - SC;4207106;SC;DCA-Anexo I-C;Padrão;Receitas Brutas Realizadas;RO1.3.2.0.00.0.0;1.3.2.0.00.0.0 - Valores Mobiliários;2173803,77;14005
2019;Prefeitura Municipal de Ilhota - SC;4207106;SC;DCA-Anexo I-C;Padrão;Outras Deduções da Receita;RO1.3.2.0.00.0.0;1.3.2.0.00.0.0 - Valores Mobiliários;73684,88;14005
2019;Prefeitura Municipal de Ilhota - SC;4207106;SC;DCA-Anexo I-C;Padrão;Receitas Brutas Realizadas;RO1.3.2.1.00.0.0;1.3.2.1.00.0.0 - Juros e Correções Monetárias;2173803,77;14005
2019;Prefeitura Municipal de Ilhota - SC;4207106;SC;DCA-Anexo I-C;Padrão;Outras Deduções da Receita;RO1.3.2.1.00.0.0;1.3.2.1.00.0.0 - Juros e Correções Monetárias;73684,88;14005
2019;Prefeitura Municipal de Ilhota - SC;4207106;SC;DCA-Anexo I-C;Padrão;Receitas Brutas Realizadas;RO1.3.2.1.00.1.0;1.3.2.1.00.1.0 - Remuneração de Depósitos Bancários;234638,03;14005
2019;Prefeitura Municipal de Ilhota - SC;4207106;SC;DCA-Anexo I-C;Padrão;Outras Deduções da Receita;RO1.3.2.1.00.1.0;1.3.2.1.00.1.0 - Remuneração de Depósitos Bancários;431,10;14005
2019;Prefeitura Municipal de Ilhota - SC;4207106;SC;DCA-Anexo I-C;Padrão;Receitas Brutas Realizadas;RO1.3.2.1.00.4.0;1.3.2.1.00.4.0 - Remuneração dos Recursos do Regime Próprio de Previdência Social - RPPS;1939165,74;14005
2019;Prefeitura Municipal de Ilhota - SC;4207106;SC;DCA-Anexo I-C;Padrão;Outras Deduções da Receita;RO1.3.2.1.00.4.0;1.3.2.1.00.4.0 - Remuneração dos Recursos do Regime Próprio de Previdência Social - RPPS;73253,78;14005
2019;Prefeitura Municipal de Ilhota - SC;4207106;SC;DCA-Anexo I-C;Padrão;Receitas Brutas Realizadas;RO1.6.0.0.00.0.0;1.6.0.0.00.0.0 - Receita de Serviços;3579755,90;14005
2019;Prefeitura Municipal de Ilhota - SC;4207106;SC;DCA-Anexo I-C;Padrão;Receitas Brutas Realizadas;RO1.6.1.0.00.0.0;1.6.1.0.00.0.0 - Serviços Administrativos e Comerciais Gerais;3579755,90;14005
2019;Prefeitura Municipal de Ilhota - SC;4207106;SC;DCA-Anexo I-C;Padrão;Receitas Brutas Realizadas;RO1.6.1.0.01.0.0;1.6.1.0.01.0.0 - Serviços Administrativos e Comerciais Gerais;3558975,90;14005
2019;Prefeitura Municipal de Ilhota - SC;4207106;SC;DCA-Anexo I-C;Padrão;Receitas Brutas Realizadas;RO1.6.1.0.02.0.0;1.6.1.0.02.0.0 - Inscrição em Concursos e Processos Seletivos;20780,00;14005
2019;Prefeitura Municipal de Ilhota - SC;4207106;SC;DCA-Anexo I-C;Padrão;Receitas Brutas Realizadas;RO1.7.0.0.00.0.0;1.7.0.0.00.0.0 - Transferências Correntes;45102828,48;14005
2019;Prefeitura Municipal de Ilhota - SC;4207106;SC;DCA-Anexo I-C;Padrão;Deduções - FUNDEB;RO1.7.0.0.00.0.0;1.7.0.0.00.0.0 - Transferências Correntes;5165394,57;14005
2019;Prefeitura Municipal de Ilhota - SC;4207106;SC;DCA-Anexo I-C;Padrão;Receitas Brutas Realizadas;RO1.7.1.0.00.0.0;1.7.1.0.00.0.0 - Transferências da União e de suas Entidades;19442127,22;14005
2019;Prefeitura Municipal de Ilhota - SC;4207106;SC;DCA-Anexo I-C;Padrão;Deduções - FUNDEB;RO1.7.1.0.00.0.0;1.7.1.0.00.0.0 - Transferências da União e de suas Entidades;2507611,70;14005
2019;Prefeitura Municipal de Ilhota - SC;4207106;SC;DCA-Anexo I-C;Padrão;Receitas Brutas Realizadas;RO1.7.1.8.00.0.0;1.7.1.8.00.0.0 Transferências da União - Específicas de Estados, DF e Municípios;19442127,22;14005
2019;Prefeitura Municipal de Ilhota - SC;4207106;SC;DCA-Anexo I-C;Padrão;Deduções - FUNDEB;RO1.7.1.8.00.0.0;1.7.1.8.00.0.0 Transferências da União - Específicas de Estados, DF e Municípios;2507611,70;14005
2019;Prefeitura Municipal de Ilhota - SC;4207106;SC;DCA-Anexo I-C;Padrão;Receitas Brutas Realizadas;RO1.7.1.8.01.0.0;1.7.1.8.01.0.0 Participação na Receita da União;13496973,01;14005
2019;Prefeitura Municipal de Ilhota - SC;4207106;SC;DCA-Anexo I-C;Padrão;Deduções - FUNDEB;RO1.7.1.8.01.0.0;1.7.1.8.01.0.0 Participação na Receita da União;2507611,70;14005
2019;Prefeitura Municipal de Ilhota - SC;4207106;SC;DCA-Anexo I-C;Padrão;Receitas Brutas Realizadas;RO1.7.1.8.01.2.0;1.7.1.8.01.2.0 Cota-Parte do Fundo de Participação dos Municípios - Cota Mensal;12358057,46;14005
2019;Prefeitura Municipal de Ilhota - SC;4207106;SC;DCA-Anexo I-C;Padrão;Deduções - FUNDEB;RO1.7.1.8.01.2.0;1.7.1.8.01.2.0 Cota-Parte do Fundo de Participação dos Municípios - Cota Mensal;2493941,11;14005
2019;Prefeitura Municipal de Ilhota - SC;4207106;SC;DCA-Anexo I-C;Padrão;Receitas Brutas Realizadas;RO1.7.1.8.01.4.0;1.7.1.8.01.4.0 Cota-Parte do Fundo de Participação dos Municípios - 1% Cota entregue no mês de julho;1070618,47;14005
2019;Prefeitura Municipal de Ilhota - SC;4207106;SC;DCA-Anexo I-C;Padrão;Receitas Brutas Realizadas;RO1.7.1.8.01.5.0;1.7.1.8.01.5.0 Cota-Parte do Imposto Sobre a Propriedade Territorial Rural;68297,08;14005
2019;Prefeitura Municipal de Ilhota - SC;4207106;SC;DCA-Anexo I-C;Padrão;Deduções - FUNDEB;RO1.7.1.8.01.5.0;1.7.1.8.01.5.0 Cota-Parte do Imposto Sobre a Propriedade Territorial Rural;13670,59;14005
2019;Prefeitura Municipal de Ilhota - SC;4207106;SC;DCA-Anexo I-C;Padrão;Receitas Brutas Realizadas;RO1.7.1.8.02.0.0;1.7.1.8.02.0.0 Transferência da Compensação Financeira pela Exploração de Recursos Naturais;208606,28;14005
2019;Prefeitura Municipal de Ilhota - SC;4207106;SC;DCA-Anexo I-C;Padrão;Receitas Brutas Realizadas;RO1.7.1.8.02.2.0;1.7.1.8.02.2.0 Cota-parte da Compensação Financeira de Recursos Minerais - CFEM;18194,55;14005
2019;Prefeitura Municipal de Ilhota - SC;4207106;SC;DCA-Anexo I-C;Padrão;Receitas Brutas Realizadas;RO1.7.1.8.02.6.0;1.7.1.8.02.6.0 Cota-Parte do Fundo Especial do Petróleo ¿ FEP;190411,73;14005
2019;Prefeitura Municipal de Ilhota - SC;4207106;SC;DCA-Anexo I-C;Padrão;Receitas Brutas Realizadas;RO1.7.1.8.03.0.0;"1.7.1.8.03.0.0 Transferência de Recursos do Sistema Único de Saúde ¿ 
 SUS ¿ Bloco Custeio das Ações e Serviços Públicos de Saúde";2978596,94;14005
2019;Prefeitura Municipal de Ilhota - SC;4207106;SC;DCA-Anexo I-C;Padrão;Receitas Brutas Realizadas;RO1.7.1.8.03.1.0;1.7.1.8.03.1.0 - Transferência de Recursos do SUS ¿ Atenção Básica;2978596,94;14005
2019;Prefeitura Municipal de Ilhota - SC;4207106;SC;DCA-Anexo I-C;Padrão;Receitas Brutas Realizadas;RO1.7.1.8.05.0.0;1.7.1.8.05.0.0 Transferências de Recursos do Fundo Nacional do Desenvolvimento da Educação ¿ FNDE;1333760,90;14005
2019;Prefeitura Municipal de Ilhota - SC;4207106;SC;DCA-Anexo I-C;Padrão;Receitas Brutas Realizadas;RO1.7.1.8.05.1.0;1.7.1.8.05.1.0 Transferências do Salário-Educação;949886,38;14005
2019;Prefeitura Municipal de Ilhota - SC;4207106;SC;DCA-Anexo I-C;Padrão;Receitas Brutas Realizadas;RO1.7.1.8.05.3.0;1.7.1.8.05.3.0 Transferências Diretas do FNDE referentes ao Programa Nacional de Alimentação Escolar ¿ PNAE;263256,00;14005
2019;Prefeitura Municipal de Ilhota - SC;4207106;SC;DCA-Anexo I-C;Padrão;Receitas Brutas Realizadas;RO1.7.1.8.05.4.0;1.7.1.8.05.4.0 Transferências Diretas do FNDE referentes ao Programa Nacional de Apoio ao Transporte do Escolar ¿ PNATE;120618,52;14005
2019;Prefeitura Municipal de Ilhota - SC;4207106;SC;DCA-Anexo I-C;Padrão;Receitas Brutas Realizadas;RO1.7.1.8.08.0.0;1.7.1.8.08.0.0 Transferências Advindas de Emendas Parlamentares Individuais;500000,00;14005
2019;Prefeitura Municipal de Ilhota - SC;4207106;SC;DCA-Anexo I-C;Padrão;Receitas Brutas Realizadas;RO1.7.1.8.12.0.0;1.7.1.8.12.0.0 - Transferências de Recursos do Fundo Nacional de Assistência Social ¿ FNAS;278003,91;14005
2019;Prefeitura Municipal de Ilhota - SC;4207106;SC;DCA-Anexo I-C;Padrão;Receitas Brutas Realizadas;RO1.7.1.8.99.0.0;1.7.1.8.99.0.0 Outras Transferências da União;646186,18;14005
2019;Prefeitura Municipal de Ilhota - SC;4207106;SC;DCA-Anexo I-C;Padrão;Receitas Brutas Realizadas;RO1.7.2.0.00.0.0;1.7.2.0.00.0.0 - Transferências dos Estados e do Distrito Federal e de suas Entidades;14466916,12;14005
2019;Prefeitura Municipal de Ilhota - SC;4207106;SC;DCA-Anexo I-C;Padrão;Deduções - FUNDEB;RO1.7.2.0.00.0.0;1.7.2.0.00.0.0 - Transferências dos Estados e do Distrito Federal e de suas Entidades;2657782,87;14005
2019;Prefeitura Municipal de Ilhota - SC;4207106;SC;DCA-Anexo I-C;Padrão;Receitas Brutas Realizadas;RO1.7.2.8.00.0.0;1.7.2.8.00.0.0 Transferências dos Estados - Específicas de Estados, DF e Municípios;14466916,12;14005
2019;Prefeitura Municipal de Ilhota - SC;4207106;SC;DCA-Anexo I-C;Padrão;Deduções - FUNDEB;RO1.7.2.8.00.0.0;1.7.2.8.00.0.0 Transferências dos Estados - Específicas de Estados, DF e Municípios;2657782,87;14005
2019;Prefeitura Municipal de Ilhota - SC;4207106;SC;DCA-Anexo I-C;Padrão;Receitas Brutas Realizadas;RO1.7.2.8.01.0.0;1.7.2.8.01.0.0 Participação na Receita dos Estados;13303695,29;14005
2019;Prefeitura Municipal de Ilhota - SC;4207106;SC;DCA-Anexo I-C;Padrão;Deduções - FUNDEB;RO1.7.2.8.01.0.0;1.7.2.8.01.0.0 Participação na Receita dos Estados;2657782,87;14005
2019;Prefeitura Municipal de Ilhota - SC;4207106;SC;DCA-Anexo I-C;Padrão;Receitas Brutas Realizadas;RO1.7.2.8.01.1.0;1.7.2.8.01.1.0 Cota-Parte do ICMS;11690384,75;14005
2019;Prefeitura Municipal de Ilhota - SC;4207106;SC;DCA-Anexo I-C;Padrão;Deduções - FUNDEB;RO1.7.2.8.01.1.0;1.7.2.8.01.1.0 Cota-Parte do ICMS;2338075,74;14005
2019;Prefeitura Municipal de Ilhota - SC;4207106;SC;DCA-Anexo I-C;Padrão;Receitas Brutas Realizadas;RO1.7.2.8.01.2.0;1.7.2.8.01.2.0 Cota-Parte do IPVA;1442588,10;14005
2019;Prefeitura Municipal de Ilhota - SC;4207106;SC;DCA-Anexo I-C;Padrão;Deduções - FUNDEB;RO1.7.2.8.01.2.0;1.7.2.8.01.2.0 Cota-Parte do IPVA;289374,10;14005
2019;Prefeitura Municipal de Ilhota - SC;4207106;SC;DCA-Anexo I-C;Padrão;Receitas Brutas Realizadas;RO1.7.2.8.01.3.0;1.7.2.8.01.3.0 Cota-Parte do IPI - Municípios;151665,09;14005
2019;Prefeitura Municipal de Ilhota - SC;4207106;SC;DCA-Anexo I-C;Padrão;Deduções - FUNDEB;RO1.7.2.8.01.3.0;1.7.2.8.01.3.0 Cota-Parte do IPI - Municípios;30333,03;14005
2019;Prefeitura Municipal de Ilhota - SC;4207106;SC;DCA-Anexo I-C;Padrão;Receitas Brutas Realizadas;RO1.7.2.8.01.4.0;1.7.2.8.01.4.0 Cota-Parte da Contribuição de Intervenção no Domínio Econômico;19057,35;14005
2019;Prefeitura Municipal de Ilhota - SC;4207106;SC;DCA-Anexo I-C;Padrão;Receitas Brutas Realizadas;RO1.7.2.8.03.0.0;1.7.2.8.03.0.0 Transferência de Recursos do Estado para Programas de Saúde ¿ Repasse Fundo a Fundo;621353,18;14005
2019;Prefeitura Municipal de Ilhota - SC;4207106;SC;DCA-Anexo I-C;Padrão;Receitas Brutas Realizadas;RO1.7.2.8.10.0.0;1.7.2.8.10.0.0 Transferência de Convênios dos Estados e do Distrito Federal e de Suas Entidades;212428,68;14005
2019;Prefeitura Municipal de Ilhota - SC;4207106;SC;DCA-Anexo I-C;Padrão;Receitas Brutas Realizadas;RO1.7.2.8.10.9.0;1.7.2.8.10.9.0 Outras Transferências de Convênio dos Estados;212428,68;14005
2019;Prefeitura Municipal de Ilhota - SC;4207106;SC;DCA-Anexo I-C;Padrão;Receitas Brutas Realizadas;RO1.7.2.8.99.0.0;1.7.2.8.99.0.0 Outras Transferências dos Estados;329438,97;14005
2019;Prefeitura Municipal de Ilhota - SC;4207106;SC;DCA-Anexo I-C;Padrão;Receitas Brutas Realizadas;RO1.7.5.0.00.0.0;1.7.5.0.00.0.0 - Transferências de Outras Instituições Públicas;11193785,14;14005
2019;Prefeitura Municipal de Ilhota - SC;4207106;SC;DCA-Anexo I-C;Padrão;Receitas Brutas Realizadas;RO1.7.5.8.00.0.0;1.7.5.8.00.0.0 Transferências de Outras Instituições Públicas - Específicas de Estados, DF e Municípios;11193785,14;14005
2019;Prefeitura Municipal de Ilhota - SC;4207106;SC;DCA-Anexo I-C;Padrão;Receitas Brutas Realizadas;RO1.7.5.8.01.0.0;1.7.5.8.01.0.0 Transferências de Recursos do Fundo de Manutenção e Desenvolvimento da Educação Básica e de Valorização dos Profissionais da Educação ¿ FUNDEB;11193785,14;14005
2019;Prefeitura Municipal de Ilhota - SC;4207106;SC;DCA-Anexo I-C;Padrão;Receitas Brutas Realizadas;RO1.9.0.0.00.0.0;1.9.0.0.00.0.0 - Outras Receitas Correntes;315557,77;14005
2019;Prefeitura Municipal de Ilhota - SC;4207106;SC;DCA-Anexo I-C;Padrão;Receitas Brutas Realizadas;RO1.9.1.0.00.0.0;1.9.1.0.00.0.0 - Multas Administrativas, Contratuais e Judiciais;167,01;14005
2019;Prefeitura Municipal de Ilhota - SC;4207106;SC;DCA-Anexo I-C;Padrão;Receitas Brutas Realizadas;RO1.9.1.0.08.0.0;1.9.1.0.08.0.0 - Multas Decorrentes de Sentenças Judiciais;167,01;14005
2019;Prefeitura Municipal de Ilhota - SC;4207106;SC;DCA-Anexo I-C;Padrão;Receitas Brutas Realizadas;RO1.9.2.0.00.0.0;1.9.2.0.00.0.0 - Indenizações, Restituições e Ressarcimentos;294643,78;14005
2019;Prefeitura Municipal de Ilhota - SC;4207106;SC;DCA-Anexo I-C;Padrão;Receitas Brutas Realizadas;RO1.9.2.2.00.0.0;1.9.2.2.00.0.0 - Restituições;5840,17;14005
2019;Prefeitura Municipal de Ilhota - SC;4207106;SC;DCA-Anexo I-C;Padrão;Receitas Brutas Realizadas;RO1.9.2.2.99.0.0;1.9.2.2.99.0.0 - Outras Restituições;5840,17;14005
2019;Prefeitura Municipal de Ilhota - SC;4207106;SC;DCA-Anexo I-C;Padrão;Receitas Brutas Realizadas;RO1.9.2.3.00.0.0;1.9.2.3.00.0.0 - Ressarcimentos;155,50;14005
2019;Prefeitura Municipal de Ilhota - SC;4207106;SC;DCA-Anexo I-C;Padrão;Receitas Brutas Realizadas;RO1.9.2.3.99.0.0;1.9.2.3.99.0.0 - Outros Ressarcimentos;155,50;14005
2019;Prefeitura Municipal de Ilhota - SC;4207106;SC;DCA-Anexo I-C;Padrão;Receitas Brutas Realizadas;RO1.9.2.8.00.0.0;1.9.2.8.00.0.0 - Indenizações, Restituições e Ressarcimentos - Específicas para Estados/DF/Municípios;288648,11;14005
2019;Prefeitura Municipal de Ilhota - SC;4207106;SC;DCA-Anexo I-C;Padrão;Receitas Brutas Realizadas;RO1.9.2.8.02.0.0;1.9.2.8.02.0.0 - Restituições - Específicas para Estados/DF/Municípios;288648,11;14005
2019;Prefeitura Municipal de Ilhota - SC;4207106;SC;DCA-Anexo I-C;Padrão;Receitas Brutas Realizadas;RO1.9.2.8.02.9.0;1.9.2.8.02.9.0 - Outras Restituições - Específicas para Estados/DF/Municípios - Não Especificadas Anteriormente;288648,11;14005
2019;Prefeitura Municipal de Ilhota - SC;4207106;SC;DCA-Anexo I-C;Padrão;Receitas Brutas Realizadas;RO1.9.9.0.00.0.0;1.9.9.0.00.0.0 - Demais Receitas Correntes;20746,98;14005
2019;Prefeitura Municipal de Ilhota - SC;4207106;SC;DCA-Anexo I-C;Padrão;Receitas Brutas Realizadas;RO1.9.9.0.12.0.0;1.9.9.0.12.0.0 - Encargos Legais pela Inscrição em Dívida Ativa e Receitas de Ônus de Sucumbência;20455,62;14005
2019;Prefeitura Municipal de Ilhota - SC;4207106;SC;DCA-Anexo I-C;Padrão;Receitas Brutas Realizadas;RO1.9.9.0.12.2.0;1.9.9.0.12.2.0 - Ônus de Sucumbência;20455,62;14005
2019;Prefeitura Municipal de Ilhota - SC;4207106;SC;DCA-Anexo I-C;Padrão;Receitas Brutas Realizadas;RO1.9.9.0.99.0.0;1.9.9.0.99.0.0 - Outras Receitas;291,36;14005
2019;Prefeitura Municipal de Ilhota - SC;4207106;SC;DCA-Anexo I-C;Padrão;Receitas Brutas Realizadas;RO1.9.9.0.99.1.0;1.9.9.0.99.1.0 - Outras Receitas - Primárias;291,36;14005
2019;Prefeitura Municipal de Ilhota - SC;4207106;SC;DCA-Anexo I-C;Padrão;Receitas Brutas Realizadas;RO2.0.0.0.00.0.0;2.0.0.0.00.0.0 - Receitas de Capital;3457273,73;14005
2019;Prefeitura Municipal de Ilhota - SC;4207106;SC;DCA-Anexo I-C;Padrão;Outras Deduções da Receita;RO2.0.0.0.00.0.0;2.0.0.0.00.0.0 - Receitas de Capital;14851,57;14005
2019;Prefeitura Municipal de Ilhota - SC;4207106;SC;DCA-Anexo I-C;Padrão;Receitas Brutas Realizadas;RO2.1.0.0.00.0.0;2.1.0.0.00.0.0 - Operações de Crédito;213050,00;14005
2019;Prefeitura Municipal de Ilhota - SC;4207106;SC;DCA-Anexo I-C;Padrão;Receitas Brutas Realizadas;RO2.1.1.0.00.0.0;2.1.1.0.00.0.0 - Operações de Crédito - Mercado Interno;213050,00;14005
2019;Prefeitura Municipal de Ilhota - SC;4207106;SC;DCA-Anexo I-C;Padrão;Receitas Brutas Realizadas;RO2.1.1.2.00.0.0;2.1.1.2.00.0.0 Operações de Crédito Contratuais - Mercado Interno;213050,00;14005
2019;Prefeitura Municipal de Ilhota - SC;4207106;SC;DCA-Anexo I-C;Padrão;Receitas Brutas Realizadas;RO2.4.0.0.00.0.0;2.4.0.0.00.0.0 - Transferências de Capital;3179735,10;14005
2019;Prefeitura Municipal de Ilhota - SC;4207106;SC;DCA-Anexo I-C;Padrão;Outras Deduções da Receita;RO2.4.0.0.00.0.0;2.4.0.0.00.0.0 - Transferências de Capital;14851,57;14005
2019;Prefeitura Municipal de Ilhota - SC;4207106;SC;DCA-Anexo I-C;Padrão;Receitas Brutas Realizadas;RO2.4.1.0.00.0.0;2.4.1.0.00.0.0 - Transferências da União e de suas Entidades;2201100,40;14005
2019;Prefeitura Municipal de Ilhota - SC;4207106;SC;DCA-Anexo I-C;Padrão;Outras Deduções da Receita;RO2.4.1.0.00.0.0;2.4.1.0.00.0.0 - Transferências da União e de suas Entidades;14851,57;14005
2019;Prefeitura Municipal de Ilhota - SC;4207106;SC;DCA-Anexo I-C;Padrão;Receitas Brutas Realizadas;RO2.4.1.8.00.0.0;2.4.1.8.00.0.0 Transferências da União - Específicas de Estados, DF e Municípios;2201100,40;14005
2019;Prefeitura Municipal de Ilhota - SC;4207106;SC;DCA-Anexo I-C;Padrão;Outras Deduções da Receita;RO2.4.1.8.00.0.0;2.4.1.8.00.0.0 Transferências da União - Específicas de Estados, DF e Municípios;14851,57;14005
2019;Prefeitura Municipal de Ilhota - SC;4207106;SC;DCA-Anexo I-C;Padrão;Receitas Brutas Realizadas;RO2.4.1.8.04.0.0;2.4.1.8.04.0.0 - Transferências de Recursos do Sistema Único de Saúde ¿ SUS - Bloco Investimentos na Rede de Serviços Públicos de Saúde;199800,00;14005
2019;Prefeitura Municipal de Ilhota - SC;4207106;SC;DCA-Anexo I-C;Padrão;Receitas Brutas Realizadas;RO2.4.1.8.04.1.0;2.4.1.8.04.1.0 - Transferências de Recursos do Sistema Único de Saúde ¿ SUS destinados à Atenção Básica;199800,00;14005
2019;Prefeitura Municipal de Ilhota - SC;4207106;SC;DCA-Anexo I-C;Padrão;Receitas Brutas Realizadas;RO2.4.1.8.10.0.0;2.4.1.8.10.0.0 Transferência de Convênios da União e de suas Entidades;1708800,40;14005
2019;Prefeitura Municipal de Ilhota - SC;4207106;SC;DCA-Anexo I-C;Padrão;Outras Deduções da Receita;RO2.4.1.8.10.0.0;2.4.1.8.10.0.0 Transferência de Convênios da União e de suas Entidades;14851,57;14005
2019;Prefeitura Municipal de Ilhota - SC;4207106;SC;DCA-Anexo I-C;Padrão;Receitas Brutas Realizadas;RO2.4.1.8.10.7.0;2.4.1.8.10.7.0 - Transferências de Convênios da União destinadas a Programas de Infraestrutura em Transporte;243948,08;14005
2019;Prefeitura Municipal de Ilhota - SC;4207106;SC;DCA-Anexo I-C;Padrão;Receitas Brutas Realizadas;RO2.4.1.8.10.9.0;2.4.1.8.10.9.0 - Outras Transferências de Convênios da União;1464852,32;14005
2019;Prefeitura Municipal de Ilhota - SC;4207106;SC;DCA-Anexo I-C;Padrão;Outras Deduções da Receita;RO2.4.1.8.10.9.0;2.4.1.8.10.9.0 - Outras Transferências de Convênios da União;14851,57;14005
2019;Prefeitura Municipal de Ilhota - SC;4207106;SC;DCA-Anexo I-C;Padrão;Receitas Brutas Realizadas;RO2.4.1.8.99.0.0;2.4.1.8.99.0.0 Outras Transferências da União;292500,00;14005
2019;Prefeitura Municipal de Ilhota - SC;4207106;SC;DCA-Anexo I-C;Padrão;Receitas Brutas Realizadas;RO2.4.2.0.00.0.0;2.4.2.0.00.0.0 - Transferências dos Estados e do Distrito Federal e de suas Entidades;978634,70;14005
2019;Prefeitura Municipal de Ilhota - SC;4207106;SC;DCA-Anexo I-C;Padrão;Receitas Brutas Realizadas;RO2.4.2.8.00.0.0;2.4.2.8.00.0.0 Transferências dos Estados, Distrito Federal, e de suas Entidades;978634,70;14005
2019;Prefeitura Municipal de Ilhota - SC;4207106;SC;DCA-Anexo I-C;Padrão;Receitas Brutas Realizadas;RO2.4.2.8.10.0.0;2.4.2.8.10.0.0 Transferências de Convênios dos Estados e do Distrito Federal e de suas Entidades;978634,70;14005
2019;Prefeitura Municipal de Ilhota - SC;4207106;SC;DCA-Anexo I-C;Padrão;Receitas Brutas Realizadas;RO2.4.2.8.10.7.0;2.4.2.8.10.7.0 - Transferências de Convênios dos Estados destinadas a Programas de Infraestrutura em Transporte;978634,70;14005
2019;Prefeitura Municipal de Ilhota - SC;4207106;SC;DCA-Anexo I-C;Padrão;Receitas Brutas Realizadas;RO2.9.0.0.00.0.0;2.9.0.0.00.0.0 - Outras Receitas de Capital;64488,63;14005
2019;Prefeitura Municipal de Ilhota - SC;4207106;SC;DCA-Anexo I-C;Padrão;Receitas Brutas Realizadas;RO2.9.9.0.00.0.0;2.9.9.0.00.0.0 - Demais Receitas de Capital;64488,63;14005
2019;Prefeitura Municipal de Ilhota - SC;4207106;SC;DCA-Anexo I-C;Padrão;Receitas Brutas Realizadas;RO2.9.9.0.00.1.0;2.9.9.0.00.1.0 Demais Receitas de Capital;64488,63;14005
2019;Prefeitura Municipal de Ilhota - SC;4207106;SC;DCA-Anexo I-C;Padrão;Receitas Brutas Realizadas;ReceitasIntraOrcamentarias;RECEITAS (INTRA-ORÇAMENTÁRIAS) (II);752124,14;14005
2019;Prefeitura Municipal de Ilhota - SC;4207106;SC;DCA-Anexo I-C;Padrão;Receitas Brutas Realizadas;RO7.0.0.0.00.0.0;7.0.0.0.00.0.0 - Receitas Correntes;752124,14;14005
2019;Prefeitura Municipal de Ilhota - SC;4207106;SC;DCA-Anexo I-C;Padrão;Receitas Brutas Realizadas;RO7.2.0.0.00.0.0;7.2.0.0.00.0.0 - Contribuições;251496,76;14005
2019;Prefeitura Municipal de Ilhota - SC;4207106;SC;DCA-Anexo I-C;Padrão;Receitas Brutas Realizadas;RO7.2.1.0.00.0.0;7.2.1.0.00.0.0 - Contribuições Sociais;251496,76;14005
2019;Prefeitura Municipal de Ilhota - SC;4207106;SC;DCA-Anexo I-C;Padrão;Receitas Brutas Realizadas;RO7.2.1.8.00.0.0;"7.2.1.8.00.0.0 Contribuições Sociais Específicas de Estados, DF e 
 Municípios";251496,76;14005
2019;Prefeitura Municipal de Ilhota - SC;4207106;SC;DCA-Anexo I-C;Padrão;Receitas Brutas Realizadas;RO7.2.1.8.01.0.0;7.2.1.8.01.0.0 - Contribuição do Servidor Civil para o Plano de Seguridade Social - CPSSS - Específico de EST/DF/MUN;20035,84;14005
2019;Prefeitura Municipal de Ilhota - SC;4207106;SC;DCA-Anexo I-C;Padrão;Receitas Brutas Realizadas;RO7.2.1.8.02.0.0;7.2.1.8.02.0.0 - CPSSS - Parcelamentos - Específico de EST/DF/MUN;226392,50;14005
2019;Prefeitura Municipal de Ilhota - SC;4207106;SC;DCA-Anexo I-C;Padrão;Receitas Brutas Realizadas;RO7.2.1.8.04.0.0;7.2.1.8.04.0.0 - CPSSS Patronal - Parcelamentos - Específico de EST/DF/MUN;5068,42;14005
2019;Prefeitura Municipal de Ilhota - SC;4207106;SC;DCA-Anexo I-C;Padrão;Receitas Brutas Realizadas;RO7.2.1.8.04.1.0;7.2.1.8.04.1.0 - CPSSS Patronal - Parcelamentos - Servidor Civil Ativo;5068,42;14005
2019;Prefeitura Municipal de Ilhota - SC;4207106;SC;DCA-Anexo I-C;Padrão;Receitas Brutas Realizadas;RO7.9.0.0.00.0.0;7.9.0.0.00.0.0 - Outras Receitas Correntes;500627,38;14005
2019;Prefeitura Municipal de Ilhota - SC;4207106;SC;DCA-Anexo I-C;Padrão;Receitas Brutas Realizadas;RO7.9.9.0.00.0.0;7.9.9.0.00.0.0 - Demais Receitas Correntes;500627,38;14005
2019;Prefeitura Municipal de Ilhota - SC;4207106;SC;DCA-Anexo I-C;Padrão;Receitas Brutas Realizadas;RO7.9.9.0.01.0.0;7.9.9.0.01.0.0 - Aportes Periódicos para Amortização de Déficit Atuarial do RPPS;500627,38;14005
2019;Prefeitura Municipal de Ilhota - SC;4207106;SC;DCA-Anexo I-C;Padrão;Receitas Brutas Realizadas;TotalReceitas;TOTAL DAS RECEITAS (III) = (I + II);67992237,11;14005
2019;Prefeitura Municipal de Ilhota - SC;4207106;SC;DCA-Anexo I-C;Padrão;Deduções - FUNDEB;TotalReceitas;TOTAL DAS RECEITAS (III) = (I + II);5165394,57;14005
2019;Prefeitura Municipal de Ilhota - SC;4207106;SC;DCA-Anexo I-C;Padrão;Outras Deduções da Receita;TotalReceitas;TOTAL DAS RECEITAS (III) = (I + II);139508,59;14005
2020;Prefeitura Municipal de Ilhota - SC;4207106;SC;DCA-Anexo I-C;Padrão;Receitas Brutas Realizadas;ReceitasExcetoIntraOrcamentarias;RECEITAS (EXCETO INTRA-ORÇAMENTÁRIAS) (I);73792554,28;14184
2020;Prefeitura Municipal de Ilhota - SC;4207106;SC;DCA-Anexo I-C;Padrão;Deduções - FUNDEB;ReceitasExcetoIntraOrcamentarias;RECEITAS (EXCETO INTRA-ORÇAMENTÁRIAS) (I);5218493,77;14184
2020;Prefeitura Municipal de Ilhota - SC;4207106;SC;DCA-Anexo I-C;Padrão;Outras Deduções da Receita;ReceitasExcetoIntraOrcamentarias;RECEITAS (EXCETO INTRA-ORÇAMENTÁRIAS) (I);761838,78;14184
2020;Prefeitura Municipal de Ilhota - SC;4207106;SC;DCA-Anexo I-C;Padrão;Receitas Brutas Realizadas;RO1.0.0.0.00.0.0;1.0.0.0.00.0.0 - Receitas Correntes;65699271,17;14184
2020;Prefeitura Municipal de Ilhota - SC;4207106;SC;DCA-Anexo I-C;Padrão;Deduções - FUNDEB;RO1.0.0.0.00.0.0;1.0.0.0.00.0.0 - Receitas Correntes;5218493,77;14184
2020;Prefeitura Municipal de Ilhota - SC;4207106;SC;DCA-Anexo I-C;Padrão;Outras Deduções da Receita;RO1.0.0.0.00.0.0;1.0.0.0.00.0.0 - Receitas Correntes;514854,67;14184
2020;Prefeitura Municipal de Ilhota - SC;4207106;SC;DCA-Anexo I-C;Padrão;Receitas Brutas Realizadas;RO1.1.0.0.00.0.0;1.1.0.0.00.0.0 - Impostos, Taxas e Contribuições de Melhoria;9981690,87;14184
2020;Prefeitura Municipal de Ilhota - SC;4207106;SC;DCA-Anexo I-C;Padrão;Outras Deduções da Receita;RO1.1.0.0.00.0.0;1.1.0.0.00.0.0 - Impostos, Taxas e Contribuições de Melhoria;59908,14;14184
2020;Prefeitura Municipal de Ilhota - SC;4207106;SC;DCA-Anexo I-C;Padrão;Receitas Brutas Realizadas;RO1.1.1.0.00.0.0;1.1.1.0.00.0.0 - Impostos;7912222,97;14184
2020;Prefeitura Municipal de Ilhota - SC;4207106;SC;DCA-Anexo I-C;Padrão;Outras Deduções da Receita;RO1.1.1.0.00.0.0;1.1.1.0.00.0.0 - Impostos;59634,71;14184
2020;Prefeitura Municipal de Ilhota - SC;4207106;SC;DCA-Anexo I-C;Padrão;Receitas Brutas Realizadas;RO1.1.1.3.00.0.0;1.1.1.3.00.0.0 - Impostos sobre a Renda e Proventos de Qualquer Natureza;1689561,66;14184
2020;Prefeitura Municipal de Ilhota - SC;4207106;SC;DCA-Anexo I-C;Padrão;Receitas Brutas Realizadas;RO1.1.1.3.03.0.0;1.1.1.3.03.0.0 - Imposto sobre a Renda - Retido na Fonte;1689561,66;14184
2020;Prefeitura Municipal de Ilhota - SC;4207106;SC;DCA-Anexo I-C;Padrão;Receitas Brutas Realizadas;RO1.1.1.3.03.1.0;1.1.1.3.03.1.0 - Imposto sobre a Renda - Retido na Fonte - Trabalho;1689561,66;14184
2020;Prefeitura Municipal de Ilhota - SC;4207106;SC;DCA-Anexo I-C;Padrão;Receitas Brutas Realizadas;RO1.1.1.8.00.0.0;1.1.1.8.00.0.0 Impostos Específicos de Estados, DF e Municípios;6222661,31;14184
2020;Prefeitura Municipal de Ilhota - SC;4207106;SC;DCA-Anexo I-C;Padrão;Outras Deduções da Receita;RO1.1.1.8.00.0.0;1.1.1.8.00.0.0 Impostos Específicos de Estados, DF e Municípios;59634,71;14184
2020;Prefeitura Municipal de Ilhota - SC;4207106;SC;DCA-Anexo I-C;Padrão;Receitas Brutas Realizadas;RO1.1.1.8.01.0.0;1.1.1.8.01.0.0 Impostos sobre o Patrimônio para Estados/DF/Municípios;2432131,56;14184
2020;Prefeitura Municipal de Ilhota - SC;4207106;SC;DCA-Anexo I-C;Padrão;Outras Deduções da Receita;RO1.1.1.8.01.0.0;1.1.1.8.01.0.0 Impostos sobre o Patrimônio para Estados/DF/Municípios;59203,66;14184
2020;Prefeitura Municipal de Ilhota - SC;4207106;SC;DCA-Anexo I-C;Padrão;Receitas Brutas Realizadas;RO1.1.1.8.01.1.0;1.1.1.8.01.1.0 Imposto sobre a Propriedade Predial e Territorial Urbana;1502184,67;14184
2020;Prefeitura Municipal de Ilhota - SC;4207106;SC;DCA-Anexo I-C;Padrão;Outras Deduções da Receita;RO1.1.1.8.01.1.0;1.1.1.8.01.1.0 Imposto sobre a Propriedade Predial e Territorial Urbana;58894,95;14184
2020;Prefeitura Municipal de Ilhota - SC;4207106;SC;DCA-Anexo I-C;Padrão;Receitas Brutas Realizadas;RO1.1.1.8.01.4.0;1.1.1.8.01.4.0 Imposto sobre Transmissão ¿Inter Vivos¿ de Bens Imóveis e de Direitos Reais sobre Imóveis;929946,89;14184
2020;Prefeitura Municipal de Ilhota - SC;4207106;SC;DCA-Anexo I-C;Padrão;Outras Deduções da Receita;RO1.1.1.8.01.4.0;1.1.1.8.01.4.0 Imposto sobre Transmissão ¿Inter Vivos¿ de Bens Imóveis e de Direitos Reais sobre Imóveis;308,71;14184
2020;Prefeitura Municipal de Ilhota - SC;4207106;SC;DCA-Anexo I-C;Padrão;Receitas Brutas Realizadas;RO1.1.1.8.02.0.0;1.1.1.8.02.0.0 Impostos sobre a Produção, Circulação de Mercadorias e Serviços;3790529,75;14184
2020;Prefeitura Municipal de Ilhota - SC;4207106;SC;DCA-Anexo I-C;Padrão;Outras Deduções da Receita;RO1.1.1.8.02.0.0;1.1.1.8.02.0.0 Impostos sobre a Produção, Circulação de Mercadorias e Serviços;431,05;14184
2020;Prefeitura Municipal de Ilhota - SC;4207106;SC;DCA-Anexo I-C;Padrão;Receitas Brutas Realizadas;RO1.1.1.8.02.3.0;1.1.1.8.02.3.0 Imposto sobre Serviços de Qualquer Natureza;3790529,75;14184
2020;Prefeitura Municipal de Ilhota - SC;4207106;SC;DCA-Anexo I-C;Padrão;Outras Deduções da Receita;RO1.1.1.8.02.3.0;1.1.1.8.02.3.0 Imposto sobre Serviços de Qualquer Natureza;431,05;14184
2020;Prefeitura Municipal de Ilhota - SC;4207106;SC;DCA-Anexo I-C;Padrão;Receitas Brutas Realizadas;RO1.1.2.0.00.0.0;1.1.2.0.00.0.0 - Taxas;2069467,90;14184
2020;Prefeitura Municipal de Ilhota - SC;4207106;SC;DCA-Anexo I-C;Padrão;Outras Deduções da Receita;RO1.1.2.0.00.0.0;1.1.2.0.00.0.0 - Taxas;273,43;14184
2020;Prefeitura Municipal de Ilhota - SC;4207106;SC;DCA-Anexo I-C;Padrão;Receitas Brutas Realizadas;RO1.1.2.8.00.0.0;1.1.2.8.00.0.0 - Taxas - Específicas de Estados, DF e Municípios;2069467,90;14184
2020;Prefeitura Municipal de Ilhota - SC;4207106;SC;DCA-Anexo I-C;Padrão;Outras Deduções da Receita;RO1.1.2.8.00.0.0;1.1.2.8.00.0.0 - Taxas - Específicas de Estados, DF e Municípios;273,43;14184
2020;Prefeitura Municipal de Ilhota - SC;4207106;SC;DCA-Anexo I-C;Padrão;Receitas Brutas Realizadas;RO1.1.2.8.01.0.0;1.1.2.8.01.0.0 - Taxas de Inspeção, Controle e Fiscalização;676139,34;14184
2020;Prefeitura Municipal de Ilhota - SC;4207106;SC;DCA-Anexo I-C;Padrão;Outras Deduções da Receita;RO1.1.2.8.01.0.0;1.1.2.8.01.0.0 - Taxas de Inspeção, Controle e Fiscalização;226,13;14184
2020;Prefeitura Municipal de Ilhota - SC;4207106;SC;DCA-Anexo I-C;Padrão;Receitas Brutas Realizadas;RO1.1.2.8.01.1.0;1.1.2.8.01.1.0 - Taxa de Fiscalização de Vigilância Sanitária;74898,50;14184
2020;Prefeitura Municipal de Ilhota - SC;4207106;SC;DCA-Anexo I-C;Padrão;Outras Deduções da Receita;RO1.1.2.8.01.1.0;1.1.2.8.01.1.0 - Taxa de Fiscalização de Vigilância Sanitária;19,23;14184
2020;Prefeitura Municipal de Ilhota - SC;4207106;SC;DCA-Anexo I-C;Padrão;Receitas Brutas Realizadas;RO1.1.2.8.01.9.0;1.1.2.8.01.9.0 - Taxas de Inspeção, Controle e Fiscalização - Outras;601240,84;14184
2020;Prefeitura Municipal de Ilhota - SC;4207106;SC;DCA-Anexo I-C;Padrão;Outras Deduções da Receita;RO1.1.2.8.01.9.0;1.1.2.8.01.9.0 - Taxas de Inspeção, Controle e Fiscalização - Outras;206,90;14184
2020;Prefeitura Municipal de Ilhota - SC;4207106;SC;DCA-Anexo I-C;Padrão;Receitas Brutas Realizadas;RO1.1.2.8.02.0.0;1.1.2.8.02.0.0 - Taxas pela Prestação de Serviços;1393328,56;14184
2020;Prefeitura Municipal de Ilhota - SC;4207106;SC;DCA-Anexo I-C;Padrão;Outras Deduções da Receita;RO1.1.2.8.02.0.0;1.1.2.8.02.0.0 - Taxas pela Prestação de Serviços;47,30;14184
2020;Prefeitura Municipal de Ilhota - SC;4207106;SC;DCA-Anexo I-C;Padrão;Receitas Brutas Realizadas;RO1.1.2.8.02.9.0;1.1.2.8.02.9.0 - Taxas pela Prestação de Serviços - Outras;1393328,56;14184
2020;Prefeitura Municipal de Ilhota - SC;4207106;SC;DCA-Anexo I-C;Padrão;Outras Deduções da Receita;RO1.1.2.8.02.9.0;1.1.2.8.02.9.0 - Taxas pela Prestação de Serviços - Outras;47,30;14184
2020;Prefeitura Municipal de Ilhota - SC;4207106;SC;DCA-Anexo I-C;Padrão;Receitas Brutas Realizadas;RO1.2.0.0.00.0.0;1.2.0.0.00.0.0 - Contribuições;2276961,83;14184
2020;Prefeitura Municipal de Ilhota - SC;4207106;SC;DCA-Anexo I-C;Padrão;Receitas Brutas Realizadas;RO1.2.1.0.00.0.0;1.2.1.0.00.0.0 - Contribuições Sociais;1114924,36;14184
2020;Prefeitura Municipal de Ilhota - SC;4207106;SC;DCA-Anexo I-C;Padrão;Receitas Brutas Realizadas;RO1.2.1.8.00.0.0;1.2.1.8.00.0.0 Contribuições Sociais Específicas de Estados, DF e Municípios;1114924,36;14184
2020;Prefeitura Municipal de Ilhota - SC;4207106;SC;DCA-Anexo I-C;Padrão;Receitas Brutas Realizadas;RO1.2.1.8.01.0.0;1.2.1.8.01.0.0 - Contribuição do Servidor Civil para o Plano de Seguridade Social - CPSSS - Específico de EST/DF/MUN;1114924,36;14184
2020;Prefeitura Municipal de Ilhota - SC;4207106;SC;DCA-Anexo I-C;Padrão;Receitas Brutas Realizadas;RO1.2.1.8.01.1.0;1.2.1.8.01.1.0 - CPSSS do Servidor Civil Ativo;1114924,36;14184
2020;Prefeitura Municipal de Ilhota - SC;4207106;SC;DCA-Anexo I-C;Padrão;Receitas Brutas Realizadas;RO1.2.4.0.00.0.0;1.2.4.0.00.0.0 - Contribuição para o Custeio do Serviço de Iluminação Pública;1162037,47;14184
2020;Prefeitura Municipal de Ilhota - SC;4207106;SC;DCA-Anexo I-C;Padrão;Receitas Brutas Realizadas;RO1.3.0.0.00.0.0;1.3.0.0.00.0.0 - Receita Patrimonial;1230435,89;14184
2020;Prefeitura Municipal de Ilhota - SC;4207106;SC;DCA-Anexo I-C;Padrão;Outras Deduções da Receita;RO1.3.0.0.00.0.0;1.3.0.0.00.0.0 - Receita Patrimonial;454946,53;14184
2020;Prefeitura Municipal de Ilhota - SC;4207106;SC;DCA-Anexo I-C;Padrão;Receitas Brutas Realizadas;RO1.3.2.0.00.0.0;1.3.2.0.00.0.0 - Valores Mobiliários;1230435,89;14184
2020;Prefeitura Municipal de Ilhota - SC;4207106;SC;DCA-Anexo I-C;Padrão;Outras Deduções da Receita;RO1.3.2.0.00.0.0;1.3.2.0.00.0.0 - Valores Mobiliários;454946,53;14184
2020;Prefeitura Municipal de Ilhota - SC;4207106;SC;DCA-Anexo I-C;Padrão;Receitas Brutas Realizadas;RO1.3.2.1.00.0.0;1.3.2.1.00.0.0 - Juros e Correções Monetárias;1230435,89;14184
2020;Prefeitura Municipal de Ilhota - SC;4207106;SC;DCA-Anexo I-C;Padrão;Outras Deduções da Receita;RO1.3.2.1.00.0.0;1.3.2.1.00.0.0 - Juros e Correções Monetárias;454946,53;14184
2020;Prefeitura Municipal de Ilhota - SC;4207106;SC;DCA-Anexo I-C;Padrão;Receitas Brutas Realizadas;RO1.3.2.1.00.1.0;1.3.2.1.00.1.0 - Remuneração de Depósitos Bancários;76418,54;14184
2020;Prefeitura Municipal de Ilhota - SC;4207106;SC;DCA-Anexo I-C;Padrão;Outras Deduções da Receita;RO1.3.2.1.00.1.0;1.3.2.1.00.1.0 - Remuneração de Depósitos Bancários;4313,60;14184
2020;Prefeitura Municipal de Ilhota - SC;4207106;SC;DCA-Anexo I-C;Padrão;Receitas Brutas Realizadas;RO1.3.2.1.00.4.0;1.3.2.1.00.4.0 - Remuneração dos Recursos do Regime Próprio de Previdência Social - RPPS;1154017,35;14184
2020;Prefeitura Municipal de Ilhota - SC;4207106;SC;DCA-Anexo I-C;Padrão;Outras Deduções da Receita;RO1.3.2.1.00.4.0;1.3.2.1.00.4.0 - Remuneração dos Recursos do Regime Próprio de Previdência Social - RPPS;450632,93;14184
2020;Prefeitura Municipal de Ilhota - SC;4207106;SC;DCA-Anexo I-C;Padrão;Receitas Brutas Realizadas;RO1.6.0.0.00.0.0;1.6.0.0.00.0.0 - Receita de Serviços;3040022,98;14184
2020;Prefeitura Municipal de Ilhota - SC;4207106;SC;DCA-Anexo I-C;Padrão;Receitas Brutas Realizadas;RO1.6.1.0.00.0.0;1.6.1.0.00.0.0 - Serviços Administrativos e Comerciais Gerais;3040022,98;14184
2020;Prefeitura Municipal de Ilhota - SC;4207106;SC;DCA-Anexo I-C;Padrão;Receitas Brutas Realizadas;RO1.6.1.0.01.0.0;1.6.1.0.01.0.0 - Serviços Administrativos e Comerciais Gerais;3040022,98;14184
2020;Prefeitura Municipal de Ilhota - SC;4207106;SC;DCA-Anexo I-C;Padrão;Receitas Brutas Realizadas;RO1.7.0.0.00.0.0;1.7.0.0.00.0.0 - Transferências Correntes;49050482,40;14184
2020;Prefeitura Municipal de Ilhota - SC;4207106;SC;DCA-Anexo I-C;Padrão;Deduções - FUNDEB;RO1.7.0.0.00.0.0;1.7.0.0.00.0.0 - Transferências Correntes;5218493,77;14184
2020;Prefeitura Municipal de Ilhota - SC;4207106;SC;DCA-Anexo I-C;Padrão;Receitas Brutas Realizadas;RO1.7.1.0.00.0.0;1.7.1.0.00.0.0 - Transferências da União e de suas Entidades;21971736,85;14184
2020;Prefeitura Municipal de Ilhota - SC;4207106;SC;DCA-Anexo I-C;Padrão;Deduções - FUNDEB;RO1.7.1.0.00.0.0;1.7.1.0.00.0.0 - Transferências da União e de suas Entidades;2363760,07;14184
2020;Prefeitura Municipal de Ilhota - SC;4207106;SC;DCA-Anexo I-C;Padrão;Receitas Brutas Realizadas;RO1.7.1.8.00.0.0;1.7.1.8.00.0.0 Transferências da União - Específicas de Estados, DF e Municípios;21971736,85;14184
2020;Prefeitura Municipal de Ilhota - SC;4207106;SC;DCA-Anexo I-C;Padrão;Deduções - FUNDEB;RO1.7.1.8.00.0.0;1.7.1.8.00.0.0 Transferências da União - Específicas de Estados, DF e Municípios;2363760,07;14184
2020;Prefeitura Municipal de Ilhota - SC;4207106;SC;DCA-Anexo I-C;Padrão;Receitas Brutas Realizadas;RO1.7.1.8.01.0.0;1.7.1.8.01.0.0 Participação na Receita da União;12876885,12;14184
2020;Prefeitura Municipal de Ilhota - SC;4207106;SC;DCA-Anexo I-C;Padrão;Deduções - FUNDEB;RO1.7.1.8.01.0.0;1.7.1.8.01.0.0 Participação na Receita da União;2363760,07;14184
2020;Prefeitura Municipal de Ilhota - SC;4207106;SC;DCA-Anexo I-C;Padrão;Receitas Brutas Realizadas;RO1.7.1.8.01.2.0;1.7.1.8.01.2.0 Cota-Parte do Fundo de Participação dos Municípios - Cota Mensal;11743862,61;14184
2020;Prefeitura Municipal de Ilhota - SC;4207106;SC;DCA-Anexo I-C;Padrão;Deduções - FUNDEB;RO1.7.1.8.01.2.0;1.7.1.8.01.2.0 Cota-Parte do Fundo de Participação dos Municípios - Cota Mensal;2348772,27;14184
2020;Prefeitura Municipal de Ilhota - SC;4207106;SC;DCA-Anexo I-C;Padrão;Receitas Brutas Realizadas;RO1.7.1.8.01.3.0;1.7.1.8.01.3.0 Cota-Parte do Fundo de Participação do Municípios ¿ 1% Cota entregue no mês de dezembro;528478,15;14184
2020;Prefeitura Municipal de Ilhota - SC;4207106;SC;DCA-Anexo I-C;Padrão;Receitas Brutas Realizadas;RO1.7.1.8.01.4.0;1.7.1.8.01.4.0 Cota-Parte do Fundo de Participação dos Municípios - 1% Cota entregue no mês de julho;529604,87;14184
2020;Prefeitura Municipal de Ilhota - SC;4207106;SC;DCA-Anexo I-C;Padrão;Receitas Brutas Realizadas;RO1.7.1.8.01.5.0;1.7.1.8.01.5.0 Cota-Parte do Imposto Sobre a Propriedade Territorial Rural;74939,49;14184
2020;Prefeitura Municipal de Ilhota - SC;4207106;SC;DCA-Anexo I-C;Padrão;Deduções - FUNDEB;RO1.7.1.8.01.5.0;1.7.1.8.01.5.0 Cota-Parte do Imposto Sobre a Propriedade Territorial Rural;14987,80;14184
2020;Prefeitura Municipal de Ilhota - SC;4207106;SC;DCA-Anexo I-C;Padrão;Receitas Brutas Realizadas;RO1.7.1.8.02.0.0;1.7.1.8.02.0.0 Transferência da Compensação Financeira pela Exploração de Recursos Naturais;211593,60;14184
2020;Prefeitura Municipal de Ilhota - SC;4207106;SC;DCA-Anexo I-C;Padrão;Receitas Brutas Realizadas;RO1.7.1.8.02.2.0;1.7.1.8.02.2.0 Cota-parte da Compensação Financeira de Recursos Minerais - CFEM;22647,71;14184
2020;Prefeitura Municipal de Ilhota - SC;4207106;SC;DCA-Anexo I-C;Padrão;Receitas Brutas Realizadas;RO1.7.1.8.02.6.0;1.7.1.8.02.6.0 Cota-Parte do Fundo Especial do Petróleo ¿ FEP;188945,89;14184
2020;Prefeitura Municipal de Ilhota - SC;4207106;SC;DCA-Anexo I-C;Padrão;Receitas Brutas Realizadas;RO1.7.1.8.03.0.0;"1.7.1.8.03.0.0 Transferência de Recursos do Sistema Único de Saúde ¿ 
 SUS ¿ Bloco Custeio das Ações e Serviços Públicos de Saúde";4313841,85;14184
2020;Prefeitura Municipal de Ilhota - SC;4207106;SC;DCA-Anexo I-C;Padrão;Receitas Brutas Realizadas;RO1.7.1.8.03.1.0;1.7.1.8.03.1.0 - Transferência de Recursos do SUS ¿ Atenção Básica;2854229,34;14184
2020;Prefeitura Municipal de Ilhota - SC;4207106;SC;DCA-Anexo I-C;Padrão;Receitas Brutas Realizadas;RO1.7.1.8.03.3.0;1.7.1.8.03.3.0 - Transferência de Recursos do SUS ¿ Vigilância em Saúde;11200,00;14184
2020;Prefeitura Municipal de Ilhota - SC;4207106;SC;DCA-Anexo I-C;Padrão;Receitas Brutas Realizadas;RO1.7.1.8.03.9.0;1.7.1.8.03.9.0 - Transferência de Recursos do SUS ¿ Outros Programas Financiados por Transferências Fundo a Fundo;1448412,51;14184
2020;Prefeitura Municipal de Ilhota - SC;4207106;SC;DCA-Anexo I-C;Padrão;Receitas Brutas Realizadas;RO1.7.1.8.05.0.0;1.7.1.8.05.0.0 Transferências de Recursos do Fundo Nacional do Desenvolvimento da Educação ¿ FNDE;1427335,95;14184
2020;Prefeitura Municipal de Ilhota - SC;4207106;SC;DCA-Anexo I-C;Padrão;Receitas Brutas Realizadas;RO1.7.1.8.05.1.0;1.7.1.8.05.1.0 Transferências do Salário-Educação;1004252,09;14184
2020;Prefeitura Municipal de Ilhota - SC;4207106;SC;DCA-Anexo I-C;Padrão;Receitas Brutas Realizadas;RO1.7.1.8.05.3.0;1.7.1.8.05.3.0 Transferências Diretas do FNDE referentes ao Programa Nacional de Alimentação Escolar ¿ PNAE;295754,80;14184
2020;Prefeitura Municipal de Ilhota - SC;4207106;SC;DCA-Anexo I-C;Padrão;Receitas Brutas Realizadas;RO1.7.1.8.05.4.0;1.7.1.8.05.4.0 Transferências Diretas do FNDE referentes ao Programa Nacional de Apoio ao Transporte do Escolar ¿ PNATE;125331,87;14184
2020;Prefeitura Municipal de Ilhota - SC;4207106;SC;DCA-Anexo I-C;Padrão;Receitas Brutas Realizadas;RO1.7.1.8.05.9.0;1.7.1.8.05.9.0 Outras Transferências Diretas do Fundo Nacional do Desenvolvimento da Educação ¿ FNDE;1997,19;14184
2020;Prefeitura Municipal de Ilhota - SC;4207106;SC;DCA-Anexo I-C;Padrão;Receitas Brutas Realizadas;RO1.7.1.8.10.0.0;1.7.1.8.10.0.0 Transferências de Convênios da União e de Suas Entidades;83088,34;14184
2020;Prefeitura Municipal de Ilhota - SC;4207106;SC;DCA-Anexo I-C;Padrão;Receitas Brutas Realizadas;RO1.7.1.8.10.9.0;1.7.1.8.10.9.0 Outras Transferências de Convênios da União;83088,34;14184
2020;Prefeitura Municipal de Ilhota - SC;4207106;SC;DCA-Anexo I-C;Padrão;Receitas Brutas Realizadas;RO1.7.1.8.12.0.0;1.7.1.8.12.0.0 - Transferências de Recursos do Fundo Nacional de Assistência Social ¿ FNAS;229174,88;14184
2020;Prefeitura Municipal de Ilhota - SC;4207106;SC;DCA-Anexo I-C;Padrão;Receitas Brutas Realizadas;RO1.7.1.8.99.0.0;1.7.1.8.99.0.0 Outras Transferências da União;2829817,11;14184
2020;Prefeitura Municipal de Ilhota - SC;4207106;SC;DCA-Anexo I-C;Padrão;Receitas Brutas Realizadas;RO1.7.2.0.00.0.0;1.7.2.0.00.0.0 - Transferências dos Estados e do Distrito Federal e de suas Entidades;15811655,08;14184
2020;Prefeitura Municipal de Ilhota - SC;4207106;SC;DCA-Anexo I-C;Padrão;Deduções - FUNDEB;RO1.7.2.0.00.0.0;1.7.2.0.00.0.0 - Transferências dos Estados e do Distrito Federal e de suas Entidades;2854733,70;14184
2020;Prefeitura Municipal de Ilhota - SC;4207106;SC;DCA-Anexo I-C;Padrão;Receitas Brutas Realizadas;RO1.7.2.8.00.0.0;1.7.2.8.00.0.0 Transferências dos Estados - Específicas de Estados, DF e Municípios;15811655,08;14184
2020;Prefeitura Municipal de Ilhota - SC;4207106;SC;DCA-Anexo I-C;Padrão;Deduções - FUNDEB;RO1.7.2.8.00.0.0;1.7.2.8.00.0.0 Transferências dos Estados - Específicas de Estados, DF e Municípios;2854733,70;14184
2020;Prefeitura Municipal de Ilhota - SC;4207106;SC;DCA-Anexo I-C;Padrão;Receitas Brutas Realizadas;RO1.7.2.8.01.0.0;1.7.2.8.01.0.0 Participação na Receita dos Estados;14327185,23;14184
2020;Prefeitura Municipal de Ilhota - SC;4207106;SC;DCA-Anexo I-C;Padrão;Deduções - FUNDEB;RO1.7.2.8.01.0.0;1.7.2.8.01.0.0 Participação na Receita dos Estados;2854733,70;14184
2020;Prefeitura Municipal de Ilhota - SC;4207106;SC;DCA-Anexo I-C;Padrão;Receitas Brutas Realizadas;RO1.7.2.8.01.1.0;1.7.2.8.01.1.0 Cota-Parte do ICMS;12533846,19;14184
2020;Prefeitura Municipal de Ilhota - SC;4207106;SC;DCA-Anexo I-C;Padrão;Deduções - FUNDEB;RO1.7.2.8.01.1.0;1.7.2.8.01.1.0 Cota-Parte do ICMS;2506768,18;14184
2020;Prefeitura Municipal de Ilhota - SC;4207106;SC;DCA-Anexo I-C;Padrão;Receitas Brutas Realizadas;RO1.7.2.8.01.2.0;1.7.2.8.01.2.0 Cota-Parte do IPVA;1566603,75;14184
2020;Prefeitura Municipal de Ilhota - SC;4207106;SC;DCA-Anexo I-C;Padrão;Deduções - FUNDEB;RO1.7.2.8.01.2.0;1.7.2.8.01.2.0 Cota-Parte do IPVA;313319,73;14184
2020;Prefeitura Municipal de Ilhota - SC;4207106;SC;DCA-Anexo I-C;Padrão;Receitas Brutas Realizadas;RO1.7.2.8.01.3.0;1.7.2.8.01.3.0 Cota-Parte do IPI - Municípios;173228,84;14184
2020;Prefeitura Municipal de Ilhota - SC;4207106;SC;DCA-Anexo I-C;Padrão;Deduções - FUNDEB;RO1.7.2.8.01.3.0;1.7.2.8.01.3.0 Cota-Parte do IPI - Municípios;34645,79;14184
2020;Prefeitura Municipal de Ilhota - SC;4207106;SC;DCA-Anexo I-C;Padrão;Receitas Brutas Realizadas;RO1.7.2.8.01.4.0;1.7.2.8.01.4.0 Cota-Parte da Contribuição de Intervenção no Domínio Econômico;15679,41;14184
2020;Prefeitura Municipal de Ilhota - SC;4207106;SC;DCA-Anexo I-C;Padrão;Receitas Brutas Realizadas;RO1.7.2.8.01.5.0;1.7.2.8.01.5.0 Outras Participações na Receita dos Estados;37827,04;14184
2020;Prefeitura Municipal de Ilhota - SC;4207106;SC;DCA-Anexo I-C;Padrão;Receitas Brutas Realizadas;RO1.7.2.8.03.0.0;1.7.2.8.03.0.0 Transferência de Recursos do Estado para Programas de Saúde ¿ Repasse Fundo a Fundo;536104,41;14184
2020;Prefeitura Municipal de Ilhota - SC;4207106;SC;DCA-Anexo I-C;Padrão;Receitas Brutas Realizadas;RO1.7.2.8.07.0.0;1.7.2.8.07.0.0 Transferências de Estados destinadas à Assistência Social;98757,15;14184
2020;Prefeitura Municipal de Ilhota - SC;4207106;SC;DCA-Anexo I-C;Padrão;Receitas Brutas Realizadas;RO1.7.2.8.10.0.0;1.7.2.8.10.0.0 Transferência de Convênios dos Estados e do Distrito Federal e de Suas Entidades;439608,29;14184
2020;Prefeitura Municipal de Ilhota - SC;4207106;SC;DCA-Anexo I-C;Padrão;Receitas Brutas Realizadas;RO1.7.2.8.10.2.0;1.7.2.8.10.2.0 Transferências de Convênio dos Estados Destinadas a Programas de Educação;91108,22;14184
2020;Prefeitura Municipal de Ilhota - SC;4207106;SC;DCA-Anexo I-C;Padrão;Receitas Brutas Realizadas;RO1.7.2.8.10.9.0;1.7.2.8.10.9.0 Outras Transferências de Convênio dos Estados;348500,07;14184
2020;Prefeitura Municipal de Ilhota - SC;4207106;SC;DCA-Anexo I-C;Padrão;Receitas Brutas Realizadas;RO1.7.2.8.99.0.0;1.7.2.8.99.0.0 Outras Transferências dos Estados;410000,00;14184
2020;Prefeitura Municipal de Ilhota - SC;4207106;SC;DCA-Anexo I-C;Padrão;Receitas Brutas Realizadas;RO1.7.5.0.00.0.0;1.7.5.0.00.0.0 - Transferências de Outras Instituições Públicas;11267090,47;14184
2020;Prefeitura Municipal de Ilhota - SC;4207106;SC;DCA-Anexo I-C;Padrão;Receitas Brutas Realizadas;RO1.7.5.8.00.0.0;1.7.5.8.00.0.0 Transferências de Outras Instituições Públicas - Específicas de Estados, DF e Municípios;11267090,47;14184
2020;Prefeitura Municipal de Ilhota - SC;4207106;SC;DCA-Anexo I-C;Padrão;Receitas Brutas Realizadas;RO1.7.5.8.01.0.0;1.7.5.8.01.0.0 Transferências de Recursos do Fundo de Manutenção e Desenvolvimento da Educação Básica e de Valorização dos Profissionais da Educação ¿ FUNDEB;11267090,47;14184
2020;Prefeitura Municipal de Ilhota - SC;4207106;SC;DCA-Anexo I-C;Padrão;Receitas Brutas Realizadas;RO1.9.0.0.00.0.0;1.9.0.0.00.0.0 - Outras Receitas Correntes;119677,20;14184
2020;Prefeitura Municipal de Ilhota - SC;4207106;SC;DCA-Anexo I-C;Padrão;Receitas Brutas Realizadas;RO1.9.1.0.00.0.0;1.9.1.0.00.0.0 - Multas Administrativas, Contratuais e Judiciais;98240,09;14184
2020;Prefeitura Municipal de Ilhota - SC;4207106;SC;DCA-Anexo I-C;Padrão;Receitas Brutas Realizadas;RO1.9.1.0.01.0.0;1.9.1.0.01.0.0 - Multas Previstas em Legislação Específica;98240,09;14184
2020;Prefeitura Municipal de Ilhota - SC;4207106;SC;DCA-Anexo I-C;Padrão;Receitas Brutas Realizadas;RO1.9.2.0.00.0.0;1.9.2.0.00.0.0 - Indenizações, Restituições e Ressarcimentos;1432,23;14184
2020;Prefeitura Municipal de Ilhota - SC;4207106;SC;DCA-Anexo I-C;Padrão;Receitas Brutas Realizadas;RO1.9.2.2.00.0.0;1.9.2.2.00.0.0 - Restituições;20,15;14184
2020;Prefeitura Municipal de Ilhota - SC;4207106;SC;DCA-Anexo I-C;Padrão;Receitas Brutas Realizadas;RO1.9.2.2.01.0.0;1.9.2.2.01.0.0 - Restituição de Convênios;20,15;14184
2020;Prefeitura Municipal de Ilhota - SC;4207106;SC;DCA-Anexo I-C;Padrão;Receitas Brutas Realizadas;RO1.9.2.8.00.0.0;1.9.2.8.00.0.0 - Indenizações, Restituições e Ressarcimentos - Específicas para Estados/DF/Municípios;1412,08;14184
2020;Prefeitura Municipal de Ilhota - SC;4207106;SC;DCA-Anexo I-C;Padrão;Receitas Brutas Realizadas;RO1.9.2.8.02.0.0;1.9.2.8.02.0.0 - Restituições - Específicas para Estados/DF/Municípios;1412,08;14184
2020;Prefeitura Municipal de Ilhota - SC;4207106;SC;DCA-Anexo I-C;Padrão;Receitas Brutas Realizadas;RO1.9.2.8.02.9.0;1.9.2.8.02.9.0 - Outras Restituições - Específicas para Estados/DF/Municípios - Não Especificadas Anteriormente;1412,08;14184
2020;Prefeitura Municipal de Ilhota - SC;4207106;SC;DCA-Anexo I-C;Padrão;Receitas Brutas Realizadas;RO1.9.9.0.00.0.0;1.9.9.0.00.0.0 - Demais Receitas Correntes;20004,88;14184
2020;Prefeitura Municipal de Ilhota - SC;4207106;SC;DCA-Anexo I-C;Padrão;Receitas Brutas Realizadas;RO1.9.9.0.12.0.0;1.9.9.0.12.0.0 - Encargos Legais pela Inscrição em Dívida Ativa e Receitas de Ônus de Sucumbência;19216,40;14184
2020;Prefeitura Municipal de Ilhota - SC;4207106;SC;DCA-Anexo I-C;Padrão;Receitas Brutas Realizadas;RO1.9.9.0.12.2.0;1.9.9.0.12.2.0 - Ônus de Sucumbência;19216,40;14184
2020;Prefeitura Municipal de Ilhota - SC;4207106;SC;DCA-Anexo I-C;Padrão;Receitas Brutas Realizadas;RO1.9.9.0.99.0.0;1.9.9.0.99.0.0 - Outras Receitas;788,48;14184
2020;Prefeitura Municipal de Ilhota - SC;4207106;SC;DCA-Anexo I-C;Padrão;Receitas Brutas Realizadas;RO1.9.9.0.99.1.0;1.9.9.0.99.1.0 - Outras Receitas - Primárias;788,48;14184
2020;Prefeitura Municipal de Ilhota - SC;4207106;SC;DCA-Anexo I-C;Padrão;Receitas Brutas Realizadas;RO2.0.0.0.00.0.0;2.0.0.0.00.0.0 - Receitas de Capital;8093283,11;14184
2020;Prefeitura Municipal de Ilhota - SC;4207106;SC;DCA-Anexo I-C;Padrão;Outras Deduções da Receita;RO2.0.0.0.00.0.0;2.0.0.0.00.0.0 - Receitas de Capital;246984,11;14184
2020;Prefeitura Municipal de Ilhota - SC;4207106;SC;DCA-Anexo I-C;Padrão;Receitas Brutas Realizadas;RO2.1.0.0.00.0.0;2.1.0.0.00.0.0 - Operações de Crédito;3055161,45;14184
2020;Prefeitura Municipal de Ilhota - SC;4207106;SC;DCA-Anexo I-C;Padrão;Receitas Brutas Realizadas;RO2.1.1.0.00.0.0;2.1.1.0.00.0.0 - Operações de Crédito - Mercado Interno;3055161,45;14184
2020;Prefeitura Municipal de Ilhota - SC;4207106;SC;DCA-Anexo I-C;Padrão;Receitas Brutas Realizadas;RO2.1.1.2.00.0.0;2.1.1.2.00.0.0 Operações de Crédito Contratuais - Mercado Interno;3055161,45;14184
2020;Prefeitura Municipal de Ilhota - SC;4207106;SC;DCA-Anexo I-C;Padrão;Receitas Brutas Realizadas;RO2.2.0.0.00.0.0;2.2.0.0.00.0.0 - Alienação de Bens;1277673,90;14184
2020;Prefeitura Municipal de Ilhota - SC;4207106;SC;DCA-Anexo I-C;Padrão;Receitas Brutas Realizadas;RO2.2.2.0.00.0.0;2.2.2.0.00.0.0 - Alienação de Bens Imóveis;1277673,90;14184
2020;Prefeitura Municipal de Ilhota - SC;4207106;SC;DCA-Anexo I-C;Padrão;Receitas Brutas Realizadas;RO2.4.0.0.00.0.0;2.4.0.0.00.0.0 - Transferências de Capital;3760447,76;14184
2020;Prefeitura Municipal de Ilhota - SC;4207106;SC;DCA-Anexo I-C;Padrão;Outras Deduções da Receita;RO2.4.0.0.00.0.0;2.4.0.0.00.0.0 - Transferências de Capital;246984,11;14184
2020;Prefeitura Municipal de Ilhota - SC;4207106;SC;DCA-Anexo I-C;Padrão;Receitas Brutas Realizadas;RO2.4.1.0.00.0.0;2.4.1.0.00.0.0 - Transferências da União e de suas Entidades;1978314,63;14184
2020;Prefeitura Municipal de Ilhota - SC;4207106;SC;DCA-Anexo I-C;Padrão;Outras Deduções da Receita;RO2.4.1.0.00.0.0;2.4.1.0.00.0.0 - Transferências da União e de suas Entidades;245927,47;14184
2020;Prefeitura Municipal de Ilhota - SC;4207106;SC;DCA-Anexo I-C;Padrão;Receitas Brutas Realizadas;RO2.4.1.8.00.0.0;2.4.1.8.00.0.0 Transferências da União - Específicas de Estados, DF e Municípios;1978314,63;14184
2020;Prefeitura Municipal de Ilhota - SC;4207106;SC;DCA-Anexo I-C;Padrão;Outras Deduções da Receita;RO2.4.1.8.00.0.0;2.4.1.8.00.0.0 Transferências da União - Específicas de Estados, DF e Municípios;245927,47;14184
2020;Prefeitura Municipal de Ilhota - SC;4207106;SC;DCA-Anexo I-C;Padrão;Receitas Brutas Realizadas;RO2.4.1.8.03.0.0;2.4.1.8.03.0.0 Transferências de Recursos do Sistema Único de Saúde ¿ SUS;35083,13;14184
2020;Prefeitura Municipal de Ilhota - SC;4207106;SC;DCA-Anexo I-C;Padrão;Receitas Brutas Realizadas;RO2.4.1.8.03.4.0;2.4.1.8.03.4.0 - Transferência de Recursos do SUS ¿ Assistência Farmacêutica;35083,13;14184
2020;Prefeitura Municipal de Ilhota - SC;4207106;SC;DCA-Anexo I-C;Padrão;Receitas Brutas Realizadas;RO2.4.1.8.04.0.0;2.4.1.8.04.0.0 - Transferências de Recursos do Sistema Único de Saúde ¿ SUS - Bloco Investimentos na Rede de Serviços Públicos de Saúde;25398,86;14184
2020;Prefeitura Municipal de Ilhota - SC;4207106;SC;DCA-Anexo I-C;Padrão;Receitas Brutas Realizadas;RO2.4.1.8.04.3.0;2.4.1.8.04.3.0 - Transferências de Recursos do Sistema Único de Saúde ¿ SUS destinados à Vigilância em Saúde;25398,86;14184
2020;Prefeitura Municipal de Ilhota - SC;4207106;SC;DCA-Anexo I-C;Padrão;Receitas Brutas Realizadas;RO2.4.1.8.10.0.0;2.4.1.8.10.0.0 Transferência de Convênios da União e de suas Entidades;1817832,64;14184
2020;Prefeitura Municipal de Ilhota - SC;4207106;SC;DCA-Anexo I-C;Padrão;Outras Deduções da Receita;RO2.4.1.8.10.0.0;2.4.1.8.10.0.0 Transferência de Convênios da União e de suas Entidades;245927,47;14184
2020;Prefeitura Municipal de Ilhota - SC;4207106;SC;DCA-Anexo I-C;Padrão;Receitas Brutas Realizadas;RO2.4.1.8.10.7.0;2.4.1.8.10.7.0 - Transferências de Convênios da União destinadas a Programas de Infraestrutura em Transporte;449000,96;14184
2020;Prefeitura Municipal de Ilhota - SC;4207106;SC;DCA-Anexo I-C;Padrão;Outras Deduções da Receita;RO2.4.1.8.10.7.0;2.4.1.8.10.7.0 - Transferências de Convênios da União destinadas a Programas de Infraestrutura em Transporte;245927,47;14184
2020;Prefeitura Municipal de Ilhota - SC;4207106;SC;DCA-Anexo I-C;Padrão;Receitas Brutas Realizadas;RO2.4.1.8.10.9.0;2.4.1.8.10.9.0 - Outras Transferências de Convênios da União;1368831,68;14184
2020;Prefeitura Municipal de Ilhota - SC;4207106;SC;DCA-Anexo I-C;Padrão;Receitas Brutas Realizadas;RO2.4.1.8.12.0.0;2.4.1.8.12.0.0 - Transferências de Recursos do Fundo Nacional de Assistência Social ¿ FNAS;100000,00;14184
2020;Prefeitura Municipal de Ilhota - SC;4207106;SC;DCA-Anexo I-C;Padrão;Receitas Brutas Realizadas;RO2.4.2.0.00.0.0;2.4.2.0.00.0.0 - Transferências dos Estados e do Distrito Federal e de suas Entidades;1782133,13;14184
2020;Prefeitura Municipal de Ilhota - SC;4207106;SC;DCA-Anexo I-C;Padrão;Outras Deduções da Receita;RO2.4.2.0.00.0.0;2.4.2.0.00.0.0 - Transferências dos Estados e do Distrito Federal e de suas Entidades;1056,64;14184
2020;Prefeitura Municipal de Ilhota - SC;4207106;SC;DCA-Anexo I-C;Padrão;Receitas Brutas Realizadas;RO2.4.2.8.00.0.0;2.4.2.8.00.0.0 Transferências dos Estados, Distrito Federal, e de suas Entidades;1782133,13;14184
2020;Prefeitura Municipal de Ilhota - SC;4207106;SC;DCA-Anexo I-C;Padrão;Outras Deduções da Receita;RO2.4.2.8.00.0.0;2.4.2.8.00.0.0 Transferências dos Estados, Distrito Federal, e de suas Entidades;1056,64;14184
2020;Prefeitura Municipal de Ilhota - SC;4207106;SC;DCA-Anexo I-C;Padrão;Receitas Brutas Realizadas;RO2.4.2.8.10.0.0;2.4.2.8.10.0.0 Transferências de Convênios dos Estados e do Distrito Federal e de suas Entidades;684133,13;14184
2020;Prefeitura Municipal de Ilhota - SC;4207106;SC;DCA-Anexo I-C;Padrão;Outras Deduções da Receita;RO2.4.2.8.10.0.0;2.4.2.8.10.0.0 Transferências de Convênios dos Estados e do Distrito Federal e de suas Entidades;1056,64;14184
2020;Prefeitura Municipal de Ilhota - SC;4207106;SC;DCA-Anexo I-C;Padrão;Receitas Brutas Realizadas;RO2.4.2.8.10.1.0;2.4.2.8.10.1.0 - Transferências de Convênios dos Estados para o Sistema Único de Saúde ¿ SUS;240892,83;14184
2020;Prefeitura Municipal de Ilhota - SC;4207106;SC;DCA-Anexo I-C;Padrão;Receitas Brutas Realizadas;RO2.4.2.8.10.7.0;2.4.2.8.10.7.0 - Transferências de Convênios dos Estados destinadas a Programas de Infraestrutura em Transporte;443240,30;14184
2020;Prefeitura Municipal de Ilhota - SC;4207106;SC;DCA-Anexo I-C;Padrão;Outras Deduções da Receita;RO2.4.2.8.10.7.0;2.4.2.8.10.7.0 - Transferências de Convênios dos Estados destinadas a Programas de Infraestrutura em Transporte;1056,64;14184
2020;Prefeitura Municipal de Ilhota - SC;4207106;SC;DCA-Anexo I-C;Padrão;Receitas Brutas Realizadas;RO2.4.2.8.99.0.0;2.4.2.8.99.0.0 Outras Transferências dos Estados;1098000,00;14184
2020;Prefeitura Municipal de Ilhota - SC;4207106;SC;DCA-Anexo I-C;Padrão;Receitas Brutas Realizadas;ReceitasIntraOrcamentarias;RECEITAS (INTRA-ORÇAMENTÁRIAS) (II);1729326,44;14184
2020;Prefeitura Municipal de Ilhota - SC;4207106;SC;DCA-Anexo I-C;Padrão;Receitas Brutas Realizadas;RI7.0.0.0.00.0.0;7.0.0.0.00.0.0 - Receitas Correntes;1729326,44;14184
2020;Prefeitura Municipal de Ilhota - SC;4207106;SC;DCA-Anexo I-C;Padrão;Receitas Brutas Realizadas;RI7.2.0.0.00.0.0;7.2.0.0.00.0.0 - Contribuições;1473362,81;14184
2020;Prefeitura Municipal de Ilhota - SC;4207106;SC;DCA-Anexo I-C;Padrão;Receitas Brutas Realizadas;RI7.2.1.0.00.0.0;7.2.1.0.00.0.0 - Contribuições Sociais;1473362,81;14184
2020;Prefeitura Municipal de Ilhota - SC;4207106;SC;DCA-Anexo I-C;Padrão;Receitas Brutas Realizadas;RI7.2.1.8.00.0.0;"7.2.1.8.00.0.0 Contribuições Sociais Específicas de Estados, DF e 
 Municípios";1473362,81;14184
2020;Prefeitura Municipal de Ilhota - SC;4207106;SC;DCA-Anexo I-C;Padrão;Receitas Brutas Realizadas;RI7.2.1.8.03.0.0;7.2.1.8.03.0.0 - CPSSS Patronal - Servidor Civil - Específico de EST/DF/MUN;1328860,35;14184
2020;Prefeitura Municipal de Ilhota - SC;4207106;SC;DCA-Anexo I-C;Padrão;Receitas Brutas Realizadas;RI7.2.1.8.03.1.0;7.2.1.8.03.1.0 - CPSSS Patronal - Servidor Civil Ativo;1328860,35;14184
2020;Prefeitura Municipal de Ilhota - SC;4207106;SC;DCA-Anexo I-C;Padrão;Receitas Brutas Realizadas;RI7.2.1.8.04.0.0;7.2.1.8.04.0.0 - CPSSS Patronal - Parcelamentos - Específico de EST/DF/MUN;144502,46;14184
2020;Prefeitura Municipal de Ilhota - SC;4207106;SC;DCA-Anexo I-C;Padrão;Receitas Brutas Realizadas;RI7.2.1.8.04.1.0;7.2.1.8.04.1.0 - CPSSS Patronal - Parcelamentos - Servidor Civil Ativo;144502,46;14184
2020;Prefeitura Municipal de Ilhota - SC;4207106;SC;DCA-Anexo I-C;Padrão;Receitas Brutas Realizadas;RI7.6.0.0.00.0.0;7.6.0.0.00.0.0 - Receita de Serviços;50168,57;14184
2020;Prefeitura Municipal de Ilhota - SC;4207106;SC;DCA-Anexo I-C;Padrão;Receitas Brutas Realizadas;RI7.6.1.0.00.0.0;7.6.1.0.00.0.0 - Serviços Administrativos e Comerciais Gerais;50168,57;14184
2020;Prefeitura Municipal de Ilhota - SC;4207106;SC;DCA-Anexo I-C;Padrão;Receitas Brutas Realizadas;RI7.6.1.0.01.0.0;7.6.1.0.01.0.0 - Serviços Administrativos e Comerciais Gerais;50168,57;14184
2020;Prefeitura Municipal de Ilhota - SC;4207106;SC;DCA-Anexo I-C;Padrão;Receitas Brutas Realizadas;RI7.9.0.0.00.0.0;7.9.0.0.00.0.0 - Outras Receitas Correntes;205795,06;14184
2020;Prefeitura Municipal de Ilhota - SC;4207106;SC;DCA-Anexo I-C;Padrão;Receitas Brutas Realizadas;RI7.9.9.0.00.0.0;7.9.9.0.00.0.0 - Demais Receitas Correntes;205795,06;14184
2020;Prefeitura Municipal de Ilhota - SC;4207106;SC;DCA-Anexo I-C;Padrão;Receitas Brutas Realizadas;RI7.9.9.0.01.0.0;7.9.9.0.01.0.0 - Aportes Periódicos para Amortização de Déficit Atuarial do RPPS;205795,06;14184
2020;Prefeitura Municipal de Ilhota - SC;4207106;SC;DCA-Anexo I-C;Padrão;Receitas Brutas Realizadas;TotalReceitas;TOTAL DAS RECEITAS (III) = (I + II);75521880,72;14184
2020;Prefeitura Municipal de Ilhota - SC;4207106;SC;DCA-Anexo I-C;Padrão;Deduções - FUNDEB;TotalReceitas;TOTAL DAS RECEITAS (III) = (I + II);5218493,77;14184
2020;Prefeitura Municipal de Ilhota - SC;4207106;SC;DCA-Anexo I-C;Padrão;Outras Deduções da Receita;TotalReceitas;TOTAL DAS RECEITAS (III) = (I + II);761838,78;14184
2021;Prefeitura Municipal de Ilhota - SC;4207106;SC;DCA-Anexo I-C;Padrão;Receitas Brutas Realizadas;ReceitasExcetoIntraOrcamentarias;RECEITAS (EXCETO INTRA-ORÇAMENTÁRIAS) (I);87389842,62;14359
2021;Prefeitura Municipal de Ilhota - SC;4207106;SC;DCA-Anexo I-C;Padrão;Deduções - FUNDEB;ReceitasExcetoIntraOrcamentarias;RECEITAS (EXCETO INTRA-ORÇAMENTÁRIAS) (I);6644377,68;14359
2021;Prefeitura Municipal de Ilhota - SC;4207106;SC;DCA-Anexo I-C;Padrão;Outras Deduções da Receita;ReceitasExcetoIntraOrcamentarias;RECEITAS (EXCETO INTRA-ORÇAMENTÁRIAS) (I);678420,13;14359
2021;Prefeitura Municipal de Ilhota - SC;4207106;SC;DCA-Anexo I-C;Padrão;Receitas Brutas Realizadas;RO1.0.0.0.00.0.0;1.0.0.0.00.0.0 - Receitas Correntes;73951830,96;14359
2021;Prefeitura Municipal de Ilhota - SC;4207106;SC;DCA-Anexo I-C;Padrão;Deduções - FUNDEB;RO1.0.0.0.00.0.0;1.0.0.0.00.0.0 - Receitas Correntes;6644377,68;14359
2021;Prefeitura Municipal de Ilhota - SC;4207106;SC;DCA-Anexo I-C;Padrão;Outras Deduções da Receita;RO1.0.0.0.00.0.0;1.0.0.0.00.0.0 - Receitas Correntes;641036,97;14359
2021;Prefeitura Municipal de Ilhota - SC;4207106;SC;DCA-Anexo I-C;Padrão;Receitas Brutas Realizadas;RO1.1.0.0.00.0.0;1.1.0.0.00.0.0 - Impostos, Taxas e Contribuições de Melhoria;10435815,85;14359
2021;Prefeitura Municipal de Ilhota - SC;4207106;SC;DCA-Anexo I-C;Padrão;Outras Deduções da Receita;RO1.1.0.0.00.0.0;1.1.0.0.00.0.0 - Impostos, Taxas e Contribuições de Melhoria;78667,20;14359
2021;Prefeitura Municipal de Ilhota - SC;4207106;SC;DCA-Anexo I-C;Padrão;Receitas Brutas Realizadas;RO1.1.1.0.00.0.0;1.1.1.0.00.0.0 - Impostos;7705811,85;14359
2021;Prefeitura Municipal de Ilhota - SC;4207106;SC;DCA-Anexo I-C;Padrão;Outras Deduções da Receita;RO1.1.1.0.00.0.0;1.1.1.0.00.0.0 - Impostos;75070,18;14359
2021;Prefeitura Municipal de Ilhota - SC;4207106;SC;DCA-Anexo I-C;Padrão;Receitas Brutas Realizadas;RO1.1.1.3.00.0.0;1.1.1.3.00.0.0 - Impostos sobre a Renda e Proventos de Qualquer Natureza;987638,72;14359
2021;Prefeitura Municipal de Ilhota - SC;4207106;SC;DCA-Anexo I-C;Padrão;Receitas Brutas Realizadas;RO1.1.1.3.03.0.0;1.1.1.3.03.0.0 - Imposto sobre a Renda - Retido na Fonte;987638,72;14359
2021;Prefeitura Municipal de Ilhota - SC;4207106;SC;DCA-Anexo I-C;Padrão;Receitas Brutas Realizadas;RO1.1.1.3.03.1.0;1.1.1.3.03.1.0 - Imposto sobre a Renda - Retido na Fonte - Trabalho;987638,72;14359
2021;Prefeitura Municipal de Ilhota - SC;4207106;SC;DCA-Anexo I-C;Padrão;Receitas Brutas Realizadas;RO1.1.1.8.00.0.0;1.1.1.8.00.0.0 - Impostos Específicos de Estados, DF e Municípios;6718173,13;14359
2021;Prefeitura Municipal de Ilhota - SC;4207106;SC;DCA-Anexo I-C;Padrão;Outras Deduções da Receita;RO1.1.1.8.00.0.0;1.1.1.8.00.0.0 - Impostos Específicos de Estados, DF e Municípios;75070,18;14359
2021;Prefeitura Municipal de Ilhota - SC;4207106;SC;DCA-Anexo I-C;Padrão;Receitas Brutas Realizadas;RO1.1.1.8.01.0.0;1.1.1.8.01.0.0 - Impostos sobre o Patrimônio para Estados/DF/Municípios;2504520,43;14359
2021;Prefeitura Municipal de Ilhota - SC;4207106;SC;DCA-Anexo I-C;Padrão;Outras Deduções da Receita;RO1.1.1.8.01.0.0;1.1.1.8.01.0.0 - Impostos sobre o Patrimônio para Estados/DF/Municípios;74054,42;14359
2021;Prefeitura Municipal de Ilhota - SC;4207106;SC;DCA-Anexo I-C;Padrão;Receitas Brutas Realizadas;RO1.1.1.8.01.1.0;1.1.1.8.01.1.0 - Imposto sobre a Propriedade Predial e Territorial Urbana;1668879,01;14359
2021;Prefeitura Municipal de Ilhota - SC;4207106;SC;DCA-Anexo I-C;Padrão;Outras Deduções da Receita;RO1.1.1.8.01.1.0;1.1.1.8.01.1.0 - Imposto sobre a Propriedade Predial e Territorial Urbana;74054,42;14359
2021;Prefeitura Municipal de Ilhota - SC;4207106;SC;DCA-Anexo I-C;Padrão;Receitas Brutas Realizadas;RO1.1.1.8.01.4.0;1.1.1.8.01.4.0 - Imposto sobre Transmissão ¿Inter Vivos¿ de Bens Imóveis e de Direitos Reais sobre Imóveis;835641,42;14359
2021;Prefeitura Municipal de Ilhota - SC;4207106;SC;DCA-Anexo I-C;Padrão;Receitas Brutas Realizadas;RO1.1.1.8.02.0.0;1.1.1.8.02.0.0 - Impostos sobre a Produção, Circulação de Mercadorias e Serviços;4213652,70;14359
2021;Prefeitura Municipal de Ilhota - SC;4207106;SC;DCA-Anexo I-C;Padrão;Outras Deduções da Receita;RO1.1.1.8.02.0.0;1.1.1.8.02.0.0 - Impostos sobre a Produção, Circulação de Mercadorias e Serviços;1015,76;14359
2021;Prefeitura Municipal de Ilhota - SC;4207106;SC;DCA-Anexo I-C;Padrão;Receitas Brutas Realizadas;RO1.1.1.8.02.3.0;1.1.1.8.02.3.0 - Imposto sobre Serviços de Qualquer Natureza;4213652,70;14359
2021;Prefeitura Municipal de Ilhota - SC;4207106;SC;DCA-Anexo I-C;Padrão;Outras Deduções da Receita;RO1.1.1.8.02.3.0;1.1.1.8.02.3.0 - Imposto sobre Serviços de Qualquer Natureza;1015,76;14359
2021;Prefeitura Municipal de Ilhota - SC;4207106;SC;DCA-Anexo I-C;Padrão;Receitas Brutas Realizadas;RO1.1.2.0.00.0.0;1.1.2.0.00.0.0 - Taxas;2730004,00;14359
2021;Prefeitura Municipal de Ilhota - SC;4207106;SC;DCA-Anexo I-C;Padrão;Outras Deduções da Receita;RO1.1.2.0.00.0.0;1.1.2.0.00.0.0 - Taxas;3597,02;14359
2021;Prefeitura Municipal de Ilhota - SC;4207106;SC;DCA-Anexo I-C;Padrão;Receitas Brutas Realizadas;RO1.1.2.8.00.0.0;1.1.2.8.00.0.0 - Taxas - Específicas de Estados, DF e Municípios;2730004,00;14359
2021;Prefeitura Municipal de Ilhota - SC;4207106;SC;DCA-Anexo I-C;Padrão;Outras Deduções da Receita;RO1.1.2.8.00.0.0;1.1.2.8.00.0.0 - Taxas - Específicas de Estados, DF e Municípios;3597,02;14359
2021;Prefeitura Municipal de Ilhota - SC;4207106;SC;DCA-Anexo I-C;Padrão;Receitas Brutas Realizadas;RO1.1.2.8.01.0.0;1.1.2.8.01.0.0 - Taxas de Inspeção, Controle e Fiscalização;985099,27;14359
2021;Prefeitura Municipal de Ilhota - SC;4207106;SC;DCA-Anexo I-C;Padrão;Outras Deduções da Receita;RO1.1.2.8.01.0.0;1.1.2.8.01.0.0 - Taxas de Inspeção, Controle e Fiscalização;315,90;14359
2021;Prefeitura Municipal de Ilhota - SC;4207106;SC;DCA-Anexo I-C;Padrão;Receitas Brutas Realizadas;RO1.1.2.8.01.1.0;1.1.2.8.01.1.0 - Taxa de Fiscalização de Vigilância Sanitária;85068,72;14359
2021;Prefeitura Municipal de Ilhota - SC;4207106;SC;DCA-Anexo I-C;Padrão;Outras Deduções da Receita;RO1.1.2.8.01.1.0;1.1.2.8.01.1.0 - Taxa de Fiscalização de Vigilância Sanitária;11,88;14359
2021;Prefeitura Municipal de Ilhota - SC;4207106;SC;DCA-Anexo I-C;Padrão;Receitas Brutas Realizadas;RO1.1.2.8.01.9.0;1.1.2.8.01.9.0 - Taxas de Inspeção, Controle e Fiscalização - Outras;900030,55;14359
2021;Prefeitura Municipal de Ilhota - SC;4207106;SC;DCA-Anexo I-C;Padrão;Outras Deduções da Receita;RO1.1.2.8.01.9.0;1.1.2.8.01.9.0 - Taxas de Inspeção, Controle e Fiscalização - Outras;304,02;14359
2021;Prefeitura Municipal de Ilhota - SC;4207106;SC;DCA-Anexo I-C;Padrão;Receitas Brutas Realizadas;RO1.1.2.8.02.0.0;1.1.2.8.02.0.0 - Taxas pela Prestação de Serviços;1744904,73;14359
2021;Prefeitura Municipal de Ilhota - SC;4207106;SC;DCA-Anexo I-C;Padrão;Outras Deduções da Receita;RO1.1.2.8.02.0.0;1.1.2.8.02.0.0 - Taxas pela Prestação de Serviços;3281,12;14359
2021;Prefeitura Municipal de Ilhota - SC;4207106;SC;DCA-Anexo I-C;Padrão;Receitas Brutas Realizadas;RO1.1.2.8.02.9.0;1.1.2.8.02.9.0 - Taxas pela Prestação de Serviços - Outras;1744904,73;14359
2021;Prefeitura Municipal de Ilhota - SC;4207106;SC;DCA-Anexo I-C;Padrão;Outras Deduções da Receita;RO1.1.2.8.02.9.0;1.1.2.8.02.9.0 - Taxas pela Prestação de Serviços - Outras;3281,12;14359
2021;Prefeitura Municipal de Ilhota - SC;4207106;SC;DCA-Anexo I-C;Padrão;Receitas Brutas Realizadas;RO1.2.0.0.00.0.0;1.2.0.0.00.0.0 - Contribuições;2569288,04;14359
2021;Prefeitura Municipal de Ilhota - SC;4207106;SC;DCA-Anexo I-C;Padrão;Receitas Brutas Realizadas;RO1.2.1.0.00.0.0;1.2.1.0.00.0.0 - Contribuições Sociais;1212275,42;14359
2021;Prefeitura Municipal de Ilhota - SC;4207106;SC;DCA-Anexo I-C;Padrão;Receitas Brutas Realizadas;RO1.2.1.8.00.0.0;1.2.1.8.00.0.0 - Contribuições Sociais Específicas de Estados, DF e Municípios;1212275,42;14359
2021;Prefeitura Municipal de Ilhota - SC;4207106;SC;DCA-Anexo I-C;Padrão;Receitas Brutas Realizadas;RO1.2.1.8.01.0.0;1.2.1.8.01.0.0 - Contribuição do Servidor Civil para o Plano de Seguridade Social - CPSSS - Específico de EST/DF/MUN;1212275,42;14359
2021;Prefeitura Municipal de Ilhota - SC;4207106;SC;DCA-Anexo I-C;Padrão;Receitas Brutas Realizadas;RO1.2.1.8.01.1.0;1.2.1.8.01.1.0 - CPSSS do Servidor Civil Ativo;1212275,42;14359
2021;Prefeitura Municipal de Ilhota - SC;4207106;SC;DCA-Anexo I-C;Padrão;Receitas Brutas Realizadas;RO1.2.4.0.00.0.0;1.2.4.0.00.0.0 - Contribuição para o Custeio do Serviço de Iluminação Pública;1357012,62;14359
2021;Prefeitura Municipal de Ilhota - SC;4207106;SC;DCA-Anexo I-C;Padrão;Receitas Brutas Realizadas;RO1.3.0.0.00.0.0;1.3.0.0.00.0.0 - Receita Patrimonial;1592932,59;14359
2021;Prefeitura Municipal de Ilhota - SC;4207106;SC;DCA-Anexo I-C;Padrão;Outras Deduções da Receita;RO1.3.0.0.00.0.0;1.3.0.0.00.0.0 - Receita Patrimonial;562369,77;14359
2021;Prefeitura Municipal de Ilhota - SC;4207106;SC;DCA-Anexo I-C;Padrão;Receitas Brutas Realizadas;RO1.3.2.0.00.0.0;1.3.2.0.00.0.0 - Valores Mobiliários;1592932,59;14359
2021;Prefeitura Municipal de Ilhota - SC;4207106;SC;DCA-Anexo I-C;Padrão;Outras Deduções da Receita;RO1.3.2.0.00.0.0;1.3.2.0.00.0.0 - Valores Mobiliários;562369,77;14359
2021;Prefeitura Municipal de Ilhota - SC;4207106;SC;DCA-Anexo I-C;Padrão;Receitas Brutas Realizadas;RO1.3.2.1.00.0.0;1.3.2.1.00.0.0 - Juros e Correções Monetárias;1592932,59;14359
2021;Prefeitura Municipal de Ilhota - SC;4207106;SC;DCA-Anexo I-C;Padrão;Outras Deduções da Receita;RO1.3.2.1.00.0.0;1.3.2.1.00.0.0 - Juros e Correções Monetárias;562369,77;14359
2021;Prefeitura Municipal de Ilhota - SC;4207106;SC;DCA-Anexo I-C;Padrão;Receitas Brutas Realizadas;RO1.3.2.1.00.1.0;1.3.2.1.00.1.0 - Remuneração de Depósitos Bancários;626833,04;14359
2021;Prefeitura Municipal de Ilhota - SC;4207106;SC;DCA-Anexo I-C;Padrão;Outras Deduções da Receita;RO1.3.2.1.00.1.0;1.3.2.1.00.1.0 - Remuneração de Depósitos Bancários;51221,53;14359
2021;Prefeitura Municipal de Ilhota - SC;4207106;SC;DCA-Anexo I-C;Padrão;Receitas Brutas Realizadas;RO1.3.2.1.00.4.0;1.3.2.1.00.4.0 - Remuneração dos Recursos do Regime Próprio de Previdência Social - RPPS;966099,55;14359
2021;Prefeitura Municipal de Ilhota - SC;4207106;SC;DCA-Anexo I-C;Padrão;Outras Deduções da Receita;RO1.3.2.1.00.4.0;1.3.2.1.00.4.0 - Remuneração dos Recursos do Regime Próprio de Previdência Social - RPPS;511148,24;14359
2021;Prefeitura Municipal de Ilhota - SC;4207106;SC;DCA-Anexo I-C;Padrão;Receitas Brutas Realizadas;RO1.6.0.0.00.0.0;1.6.0.0.00.0.0 - Receita de Serviços;3470468,59;14359
2021;Prefeitura Municipal de Ilhota - SC;4207106;SC;DCA-Anexo I-C;Padrão;Receitas Brutas Realizadas;RO1.6.1.0.00.0.0;1.6.1.0.00.0.0 - Serviços Administrativos e Comerciais Gerais;3470468,59;14359
2021;Prefeitura Municipal de Ilhota - SC;4207106;SC;DCA-Anexo I-C;Padrão;Receitas Brutas Realizadas;RO1.6.1.0.01.0.0;1.6.1.0.01.0.0 - Serviços Administrativos e Comerciais Gerais;3447732,69;14359
2021;Prefeitura Municipal de Ilhota - SC;4207106;SC;DCA-Anexo I-C;Padrão;Receitas Brutas Realizadas;RO1.6.1.0.02.0.0;1.6.1.0.02.0.0 - Inscrição em Concursos e Processos Seletivos;22735,90;14359
2021;Prefeitura Municipal de Ilhota - SC;4207106;SC;DCA-Anexo I-C;Padrão;Receitas Brutas Realizadas;RO1.7.0.0.00.0.0;1.7.0.0.00.0.0 - Transferências Correntes;55737243,82;14359
2021;Prefeitura Municipal de Ilhota - SC;4207106;SC;DCA-Anexo I-C;Padrão;Deduções - FUNDEB;RO1.7.0.0.00.0.0;1.7.0.0.00.0.0 - Transferências Correntes;6644377,68;14359
2021;Prefeitura Municipal de Ilhota - SC;4207106;SC;DCA-Anexo I-C;Padrão;Receitas Brutas Realizadas;RO1.7.1.0.00.0.0;1.7.1.0.00.0.0 - Transferências da União e de suas Entidades;23510444,06;14359
2021;Prefeitura Municipal de Ilhota - SC;4207106;SC;DCA-Anexo I-C;Padrão;Deduções - FUNDEB;RO1.7.1.0.00.0.0;1.7.1.0.00.0.0 - Transferências da União e de suas Entidades;3166634,26;14359
2021;Prefeitura Municipal de Ilhota - SC;4207106;SC;DCA-Anexo I-C;Padrão;Receitas Brutas Realizadas;RO1.7.1.8.00.0.0;1.7.1.8.00.0.0 - Transferências da União - Específicas de Estados, DF e Municípios;23510444,06;14359
2021;Prefeitura Municipal de Ilhota - SC;4207106;SC;DCA-Anexo I-C;Padrão;Deduções - FUNDEB;RO1.7.1.8.00.0.0;1.7.1.8.00.0.0 - Transferências da União - Específicas de Estados, DF e Municípios;3166634,26;14359
2021;Prefeitura Municipal de Ilhota - SC;4207106;SC;DCA-Anexo I-C;Padrão;Receitas Brutas Realizadas;RO1.7.1.8.01.0.0;1.7.1.8.01.0.0 - Participação na Receita da União;17135273,92;14359
2021;Prefeitura Municipal de Ilhota - SC;4207106;SC;DCA-Anexo I-C;Padrão;Deduções - FUNDEB;RO1.7.1.8.01.0.0;1.7.1.8.01.0.0 - Participação na Receita da União;3166634,26;14359
2021;Prefeitura Municipal de Ilhota - SC;4207106;SC;DCA-Anexo I-C;Padrão;Receitas Brutas Realizadas;RO1.7.1.8.01.2.0;1.7.1.8.01.2.0 - Cota-Parte do Fundo de Participação dos Municípios - Cota Mensal;15773587,75;14359
2021;Prefeitura Municipal de Ilhota - SC;4207106;SC;DCA-Anexo I-C;Padrão;Deduções - FUNDEB;RO1.7.1.8.01.2.0;1.7.1.8.01.2.0 - Cota-Parte do Fundo de Participação dos Municípios - Cota Mensal;3154717,24;14359
2021;Prefeitura Municipal de Ilhota - SC;4207106;SC;DCA-Anexo I-C;Padrão;Receitas Brutas Realizadas;RO1.7.1.8.01.3.0;1.7.1.8.01.3.0 - Cota-Parte do Fundo de Participação do Municípios ¿ 1% Cota entregue no mês de dezembro;691375,61;14359
2021;Prefeitura Municipal de Ilhota - SC;4207106;SC;DCA-Anexo I-C;Padrão;Receitas Brutas Realizadas;RO1.7.1.8.01.4.0;1.7.1.8.01.4.0 - Cota-Parte do Fundo de Participação dos Municípios - 1% Cota entregue no mês de julho;610724,95;14359
2021;Prefeitura Municipal de Ilhota - SC;4207106;SC;DCA-Anexo I-C;Padrão;Receitas Brutas Realizadas;RO1.7.1.8.01.5.0;1.7.1.8.01.5.0 - Cota-Parte do Imposto Sobre a Propriedade Territorial Rural;59585,61;14359
2021;Prefeitura Municipal de Ilhota - SC;4207106;SC;DCA-Anexo I-C;Padrão;Deduções - FUNDEB;RO1.7.1.8.01.5.0;1.7.1.8.01.5.0 - Cota-Parte do Imposto Sobre a Propriedade Territorial Rural;11917,02;14359
2021;Prefeitura Municipal de Ilhota - SC;4207106;SC;DCA-Anexo I-C;Padrão;Receitas Brutas Realizadas;RO1.7.1.8.02.0.0;1.7.1.8.02.0.0 - Transferência da Compensação Financeira pela Exploração de Recursos Naturais;326812,98;14359
2021;Prefeitura Municipal de Ilhota - SC;4207106;SC;DCA-Anexo I-C;Padrão;Receitas Brutas Realizadas;RO1.7.1.8.02.2.0;1.7.1.8.02.2.0 - Cota-parte da Compensação Financeira de Recursos Minerais - CFEM;21901,25;14359
2021;Prefeitura Municipal de Ilhota - SC;4207106;SC;DCA-Anexo I-C;Padrão;Receitas Brutas Realizadas;RO1.7.1.8.02.6.0;1.7.1.8.02.6.0 - Cota-Parte do Fundo Especial do Petróleo ¿ FEP;304911,73;14359
2021;Prefeitura Municipal de Ilhota - SC;4207106;SC;DCA-Anexo I-C;Padrão;Receitas Brutas Realizadas;RO1.7.1.8.03.0.0;1.7.1.8.03.0.0 - Transferência de Recursos do Sistema Único de Saúde ¿ SUS ¿ Repasses Fundo a Fundo - Bloco de Manutenção das Ações e Serviços Públicos de Saúde;4038390,44;14359
2021;Prefeitura Municipal de Ilhota - SC;4207106;SC;DCA-Anexo I-C;Padrão;Receitas Brutas Realizadas;RO1.7.1.8.03.1.0;1.7.1.8.03.1.0 - Transferência de Recursos do SUS ¿ Atenção Primária;3497466,02;14359
2021;Prefeitura Municipal de Ilhota - SC;4207106;SC;DCA-Anexo I-C;Padrão;Receitas Brutas Realizadas;RO1.7.1.8.03.2.0;1.7.1.8.03.2.0 - Transferência de Recursos do SUS ¿ Atenção Especializada;141192,70;14359
2021;Prefeitura Municipal de Ilhota - SC;4207106;SC;DCA-Anexo I-C;Padrão;Receitas Brutas Realizadas;RO1.7.1.8.03.3.0;1.7.1.8.03.3.0 - Transferência de Recursos do SUS ¿ Vigilância em Saúde;12000,00;14359
2021;Prefeitura Municipal de Ilhota - SC;4207106;SC;DCA-Anexo I-C;Padrão;Receitas Brutas Realizadas;RO1.7.1.8.03.4.0;1.7.1.8.03.4.0 - Transferência de Recursos do SUS ¿ Assistência Farmacêutica;83685,60;14359
2021;Prefeitura Municipal de Ilhota - SC;4207106;SC;DCA-Anexo I-C;Padrão;Receitas Brutas Realizadas;RO1.7.1.8.03.5.0;1.7.1.8.03.5.0 - Transferência de Recursos do SUS ¿ Gestão do SUS;27061,20;14359
2021;Prefeitura Municipal de Ilhota - SC;4207106;SC;DCA-Anexo I-C;Padrão;Receitas Brutas Realizadas;RO1.7.1.8.03.9.0;1.7.1.8.03.9.0 - Transferência de Recursos do SUS ¿ Outros Programas Financiados por Transferências Fundo a Fundo;276984,92;14359
2021;Prefeitura Municipal de Ilhota - SC;4207106;SC;DCA-Anexo I-C;Padrão;Receitas Brutas Realizadas;RO1.7.1.8.05.0.0;1.7.1.8.05.0.0 - Transferências de Recursos do Fundo Nacional do Desenvolvimento da Educação ¿ FNDE;1644835,49;14359
2021;Prefeitura Municipal de Ilhota - SC;4207106;SC;DCA-Anexo I-C;Padrão;Receitas Brutas Realizadas;RO1.7.1.8.05.1.0;1.7.1.8.05.1.0 - Transferências do Salário-Educação;1231573,15;14359
2021;Prefeitura Municipal de Ilhota - SC;4207106;SC;DCA-Anexo I-C;Padrão;Receitas Brutas Realizadas;RO1.7.1.8.05.3.0;1.7.1.8.05.3.0 - Transferências Diretas do FNDE referentes ao Programa Nacional de Alimentação Escolar ¿ PNAE;305505,20;14359
2021;Prefeitura Municipal de Ilhota - SC;4207106;SC;DCA-Anexo I-C;Padrão;Receitas Brutas Realizadas;RO1.7.1.8.05.4.0;1.7.1.8.05.4.0 - Transferências Diretas do FNDE referentes ao Programa Nacional de Apoio ao Transporte do Escolar ¿ PNATE;107757,14;14359
2021;Prefeitura Municipal de Ilhota - SC;4207106;SC;DCA-Anexo I-C;Padrão;Receitas Brutas Realizadas;RO1.7.1.8.12.0.0;1.7.1.8.12.0.0 - Transferências de Recursos do Fundo Nacional de Assistência Social ¿ FNAS;81390,57;14359
2021;Prefeitura Municipal de Ilhota - SC;4207106;SC;DCA-Anexo I-C;Padrão;Receitas Brutas Realizadas;RO1.7.1.8.99.0.0;1.7.1.8.99.0.0 - Outras Transferências da União;283740,66;14359
2021;Prefeitura Municipal de Ilhota - SC;4207106;SC;DCA-Anexo I-C;Padrão;Receitas Brutas Realizadas;RO1.7.2.0.00.0.0;1.7.2.0.00.0.0 - Transferências dos Estados e do Distrito Federal e de suas Entidades;18251607,66;14359
2021;Prefeitura Municipal de Ilhota - SC;4207106;SC;DCA-Anexo I-C;Padrão;Deduções - FUNDEB;RO1.7.2.0.00.0.0;1.7.2.0.00.0.0 - Transferências dos Estados e do Distrito Federal e de suas Entidades;3477743,42;14359
2021;Prefeitura Municipal de Ilhota - SC;4207106;SC;DCA-Anexo I-C;Padrão;Receitas Brutas Realizadas;RO1.7.2.8.00.0.0;1.7.2.8.00.0.0 - Transferências dos Estados - Específicas de Estados, DF e Municípios;18251607,66;14359
2021;Prefeitura Municipal de Ilhota - SC;4207106;SC;DCA-Anexo I-C;Padrão;Deduções - FUNDEB;RO1.7.2.8.00.0.0;1.7.2.8.00.0.0 - Transferências dos Estados - Específicas de Estados, DF e Municípios;3477743,42;14359
2021;Prefeitura Municipal de Ilhota - SC;4207106;SC;DCA-Anexo I-C;Padrão;Receitas Brutas Realizadas;RO1.7.2.8.01.0.0;1.7.2.8.01.0.0 - Participação na Receita dos Estados;17398740,82;14359
2021;Prefeitura Municipal de Ilhota - SC;4207106;SC;DCA-Anexo I-C;Padrão;Deduções - FUNDEB;RO1.7.2.8.01.0.0;1.7.2.8.01.0.0 - Participação na Receita dos Estados;3477743,42;14359
2021;Prefeitura Municipal de Ilhota - SC;4207106;SC;DCA-Anexo I-C;Padrão;Receitas Brutas Realizadas;RO1.7.2.8.01.1.0;1.7.2.8.01.1.0 - Cota-Parte do ICMS;15450349,03;14359
2021;Prefeitura Municipal de Ilhota - SC;4207106;SC;DCA-Anexo I-C;Padrão;Deduções - FUNDEB;RO1.7.2.8.01.1.0;1.7.2.8.01.1.0 - Cota-Parte do ICMS;3090068,77;14359
2021;Prefeitura Municipal de Ilhota - SC;4207106;SC;DCA-Anexo I-C;Padrão;Receitas Brutas Realizadas;RO1.7.2.8.01.2.0;1.7.2.8.01.2.0 - Cota-Parte do IPVA;1720185,07;14359
2021;Prefeitura Municipal de Ilhota - SC;4207106;SC;DCA-Anexo I-C;Padrão;Deduções - FUNDEB;RO1.7.2.8.01.2.0;1.7.2.8.01.2.0 - Cota-Parte do IPVA;344036,02;14359
2021;Prefeitura Municipal de Ilhota - SC;4207106;SC;DCA-Anexo I-C;Padrão;Receitas Brutas Realizadas;RO1.7.2.8.01.3.0;1.7.2.8.01.3.0 - Cota-Parte do IPI - Municípios;218193,00;14359
2021;Prefeitura Municipal de Ilhota - SC;4207106;SC;DCA-Anexo I-C;Padrão;Deduções - FUNDEB;RO1.7.2.8.01.3.0;1.7.2.8.01.3.0 - Cota-Parte do IPI - Municípios;43638,63;14359
2021;Prefeitura Municipal de Ilhota - SC;4207106;SC;DCA-Anexo I-C;Padrão;Receitas Brutas Realizadas;RO1.7.2.8.01.4.0;1.7.2.8.01.4.0 - Cota-Parte da Contribuição de Intervenção no Domínio Econômico;10013,72;14359
2021;Prefeitura Municipal de Ilhota - SC;4207106;SC;DCA-Anexo I-C;Padrão;Receitas Brutas Realizadas;RO1.7.2.8.03.0.0;1.7.2.8.03.0.0 - Transferência de Recursos do Estado para Programas de Saúde ¿ Repasse Fundo a Fundo;419037,22;14359
2021;Prefeitura Municipal de Ilhota - SC;4207106;SC;DCA-Anexo I-C;Padrão;Receitas Brutas Realizadas;RO1.7.2.8.07.0.0;1.7.2.8.07.0.0 - Transferências de Estados destinadas à Assistência Social;93775,50;14359
2021;Prefeitura Municipal de Ilhota - SC;4207106;SC;DCA-Anexo I-C;Padrão;Receitas Brutas Realizadas;RO1.7.2.8.10.0.0;1.7.2.8.10.0.0 - Transferência de Convênios dos Estados e do Distrito Federal e de Suas Entidades;339659,01;14359
2021;Prefeitura Municipal de Ilhota - SC;4207106;SC;DCA-Anexo I-C;Padrão;Receitas Brutas Realizadas;RO1.7.2.8.10.2.0;1.7.2.8.10.2.0 - Transferências de Convênio dos Estados Destinadas a Programas de Educação;339659,01;14359
2021;Prefeitura Municipal de Ilhota - SC;4207106;SC;DCA-Anexo I-C;Padrão;Receitas Brutas Realizadas;RO1.7.2.8.99.0.0;1.7.2.8.99.0.0 - Outras Transferências dos Estados;395,11;14359
2021;Prefeitura Municipal de Ilhota - SC;4207106;SC;DCA-Anexo I-C;Padrão;Receitas Brutas Realizadas;RO1.7.5.0.00.0.0;1.7.5.0.00.0.0 - Transferências de Outras Instituições Públicas;13975192,10;14359
2021;Prefeitura Municipal de Ilhota - SC;4207106;SC;DCA-Anexo I-C;Padrão;Receitas Brutas Realizadas;RO1.7.5.8.00.0.0;1.7.5.8.00.0.0 - Transferências de Outras Instituições Públicas - Específicas de Estados, DF e Municípios;13975192,10;14359
2021;Prefeitura Municipal de Ilhota - SC;4207106;SC;DCA-Anexo I-C;Padrão;Receitas Brutas Realizadas;RO1.7.5.8.01.0.0;1.7.5.8.01.0.0 - Transferências de Recursos do Fundo de Manutenção e Desenvolvimento da Educação Básica e de Valorização dos Profissionais da Educação ¿ FUNDEB;13975192,10;14359
2021;Prefeitura Municipal de Ilhota - SC;4207106;SC;DCA-Anexo I-C;Padrão;Receitas Brutas Realizadas;RO1.9.0.0.00.0.0;1.9.0.0.00.0.0 - Outras Receitas Correntes;146082,07;14359
2021;Prefeitura Municipal de Ilhota - SC;4207106;SC;DCA-Anexo I-C;Padrão;Receitas Brutas Realizadas;RO1.9.1.0.00.0.0;1.9.1.0.00.0.0 - Multas Administrativas, Contratuais e Judiciais;128097,76;14359
2021;Prefeitura Municipal de Ilhota - SC;4207106;SC;DCA-Anexo I-C;Padrão;Receitas Brutas Realizadas;RO1.9.1.0.01.0.0;1.9.1.0.01.0.0 - Multas Previstas em Legislação Específica;128097,76;14359
2021;Prefeitura Municipal de Ilhota - SC;4207106;SC;DCA-Anexo I-C;Padrão;Receitas Brutas Realizadas;RO1.9.2.0.00.0.0;1.9.2.0.00.0.0 - Indenizações, Restituições e Ressarcimentos;414,04;14359
2021;Prefeitura Municipal de Ilhota - SC;4207106;SC;DCA-Anexo I-C;Padrão;Receitas Brutas Realizadas;RO1.9.2.2.00.0.0;1.9.2.2.00.0.0 - Restituições;372,89;14359
2021;Prefeitura Municipal de Ilhota - SC;4207106;SC;DCA-Anexo I-C;Padrão;Receitas Brutas Realizadas;RO1.9.2.2.99.0.0;1.9.2.2.99.0.0 - Outras Restituições;372,89;14359
2021;Prefeitura Municipal de Ilhota - SC;4207106;SC;DCA-Anexo I-C;Padrão;Receitas Brutas Realizadas;RO1.9.2.8.00.0.0;1.9.2.8.00.0.0 - Indenizações, Restituições e Ressarcimentos - Específicas para Estados/DF/Municípios;41,15;14359
2021;Prefeitura Municipal de Ilhota - SC;4207106;SC;DCA-Anexo I-C;Padrão;Receitas Brutas Realizadas;RO1.9.2.8.02.0.0;1.9.2.8.02.0.0 - Restituições - Específicas para Estados/DF/Municípios;41,15;14359
2021;Prefeitura Municipal de Ilhota - SC;4207106;SC;DCA-Anexo I-C;Padrão;Receitas Brutas Realizadas;RO1.9.2.8.02.9.0;1.9.2.8.02.9.0 - Outras Restituições - Específicas para Estados/DF/Municípios - Não Especificadas Anteriormente;41,15;14359
2021;Prefeitura Municipal de Ilhota - SC;4207106;SC;DCA-Anexo I-C;Padrão;Receitas Brutas Realizadas;RO1.9.9.0.00.0.0;1.9.9.0.00.0.0 - Demais Receitas Correntes;17570,27;14359
2021;Prefeitura Municipal de Ilhota - SC;4207106;SC;DCA-Anexo I-C;Padrão;Receitas Brutas Realizadas;RO1.9.9.0.12.0.0;1.9.9.0.12.0.0 - Encargos Legais pela Inscrição em Dívida Ativa e Receitas de Ônus de Sucumbência;17089,08;14359
2021;Prefeitura Municipal de Ilhota - SC;4207106;SC;DCA-Anexo I-C;Padrão;Receitas Brutas Realizadas;RO1.9.9.0.12.2.0;1.9.9.0.12.2.0 - Ônus de Sucumbência;17089,08;14359
2021;Prefeitura Municipal de Ilhota - SC;4207106;SC;DCA-Anexo I-C;Padrão;Receitas Brutas Realizadas;RO1.9.9.0.99.0.0;1.9.9.0.99.0.0 - Outras Receitas;481,19;14359
2021;Prefeitura Municipal de Ilhota - SC;4207106;SC;DCA-Anexo I-C;Padrão;Receitas Brutas Realizadas;RO1.9.9.0.99.1.0;1.9.9.0.99.1.0 - Outras Receitas - Primárias;481,19;14359
2021;Prefeitura Municipal de Ilhota - SC;4207106;SC;DCA-Anexo I-C;Padrão;Receitas Brutas Realizadas;RO2.0.0.0.00.0.0;2.0.0.0.00.0.0 - Receitas de Capital;13438011,66;14359
2021;Prefeitura Municipal de Ilhota - SC;4207106;SC;DCA-Anexo I-C;Padrão;Outras Deduções da Receita;RO2.0.0.0.00.0.0;2.0.0.0.00.0.0 - Receitas de Capital;37383,16;14359
2021;Prefeitura Municipal de Ilhota - SC;4207106;SC;DCA-Anexo I-C;Padrão;Receitas Brutas Realizadas;RO2.1.0.0.00.0.0;2.1.0.0.00.0.0 - Operações de Crédito;3407379,61;14359
2021;Prefeitura Municipal de Ilhota - SC;4207106;SC;DCA-Anexo I-C;Padrão;Receitas Brutas Realizadas;RO2.1.1.0.00.0.0;2.1.1.0.00.0.0 - Operações de Crédito - Mercado Interno;3407379,61;14359
2021;Prefeitura Municipal de Ilhota - SC;4207106;SC;DCA-Anexo I-C;Padrão;Receitas Brutas Realizadas;RO2.1.1.2.00.0.0;2.1.1.2.00.0.0 - Operações de Crédito Contratuais - Mercado Interno;3407379,61;14359
2021;Prefeitura Municipal de Ilhota - SC;4207106;SC;DCA-Anexo I-C;Padrão;Receitas Brutas Realizadas;RO2.4.0.0.00.0.0;2.4.0.0.00.0.0 - Transferências de Capital;10030632,05;14359
2021;Prefeitura Municipal de Ilhota - SC;4207106;SC;DCA-Anexo I-C;Padrão;Outras Deduções da Receita;RO2.4.0.0.00.0.0;2.4.0.0.00.0.0 - Transferências de Capital;37383,16;14359
2021;Prefeitura Municipal de Ilhota - SC;4207106;SC;DCA-Anexo I-C;Padrão;Receitas Brutas Realizadas;RO2.4.1.0.00.0.0;2.4.1.0.00.0.0 - Transferências da União e de suas Entidades;3345778,23;14359
2021;Prefeitura Municipal de Ilhota - SC;4207106;SC;DCA-Anexo I-C;Padrão;Outras Deduções da Receita;RO2.4.1.0.00.0.0;2.4.1.0.00.0.0 - Transferências da União e de suas Entidades;26065,83;14359
2021;Prefeitura Municipal de Ilhota - SC;4207106;SC;DCA-Anexo I-C;Padrão;Receitas Brutas Realizadas;RO2.4.1.8.00.0.0;2.4.1.8.00.0.0 - Transferências da União - Específicas de Estados, DF e Municípios;3345778,23;14359
2021;Prefeitura Municipal de Ilhota - SC;4207106;SC;DCA-Anexo I-C;Padrão;Outras Deduções da Receita;RO2.4.1.8.00.0.0;2.4.1.8.00.0.0 - Transferências da União - Específicas de Estados, DF e Municípios;26065,83;14359
2021;Prefeitura Municipal de Ilhota - SC;4207106;SC;DCA-Anexo I-C;Padrão;Receitas Brutas Realizadas;RO2.4.1.8.04.0.0;2.4.1.8.04.0.0 - Transferências de Recursos do Sistema Único de Saúde ¿ SUS - Fundo a Fundo - Bloco de Estruturação da Rede de Serviços Públicos de Saúde;30566,54;14359
2021;Prefeitura Municipal de Ilhota - SC;4207106;SC;DCA-Anexo I-C;Padrão;Receitas Brutas Realizadas;RO2.4.1.8.04.3.0;2.4.1.8.04.3.0 - Transferências de Recursos do Sistema Único de Saúde ¿ SUS destinados à Vigilância em Saúde;30566,54;14359
2021;Prefeitura Municipal de Ilhota - SC;4207106;SC;DCA-Anexo I-C;Padrão;Receitas Brutas Realizadas;RO2.4.1.8.10.0.0;2.4.1.8.10.0.0 - Transferência de Convênios da União e de suas Entidades;940354,69;14359
2021;Prefeitura Municipal de Ilhota - SC;4207106;SC;DCA-Anexo I-C;Padrão;Outras Deduções da Receita;RO2.4.1.8.10.0.0;2.4.1.8.10.0.0 - Transferência de Convênios da União e de suas Entidades;26065,83;14359
2021;Prefeitura Municipal de Ilhota - SC;4207106;SC;DCA-Anexo I-C;Padrão;Receitas Brutas Realizadas;RO2.4.1.8.10.7.0;2.4.1.8.10.7.0 - Transferências de Convênios da União destinadas a Programas de Infraestrutura em Transporte;178285,71;14359
2021;Prefeitura Municipal de Ilhota - SC;4207106;SC;DCA-Anexo I-C;Padrão;Outras Deduções da Receita;RO2.4.1.8.10.7.0;2.4.1.8.10.7.0 - Transferências de Convênios da União destinadas a Programas de Infraestrutura em Transporte;26065,83;14359
2021;Prefeitura Municipal de Ilhota - SC;4207106;SC;DCA-Anexo I-C;Padrão;Receitas Brutas Realizadas;RO2.4.1.8.10.9.0;2.4.1.8.10.9.0 - Outras Transferências de Convênios da União;762068,98;14359
2021;Prefeitura Municipal de Ilhota - SC;4207106;SC;DCA-Anexo I-C;Padrão;Receitas Brutas Realizadas;RO2.4.1.8.12.0.0;2.4.1.8.12.0.0 - Transferências de Recursos do Fundo Nacional de Assistência Social ¿ FNAS;60957,00;14359
2021;Prefeitura Municipal de Ilhota - SC;4207106;SC;DCA-Anexo I-C;Padrão;Receitas Brutas Realizadas;RO2.4.1.8.99.0.0;2.4.1.8.99.0.0 - Outras Transferências da União;2313900,00;14359
2021;Prefeitura Municipal de Ilhota - SC;4207106;SC;DCA-Anexo I-C;Padrão;Receitas Brutas Realizadas;RO2.4.2.0.00.0.0;2.4.2.0.00.0.0 - Transferências dos Estados e do Distrito Federal e de suas Entidades;6684853,82;14359
2021;Prefeitura Municipal de Ilhota - SC;4207106;SC;DCA-Anexo I-C;Padrão;Outras Deduções da Receita;RO2.4.2.0.00.0.0;2.4.2.0.00.0.0 - Transferências dos Estados e do Distrito Federal e de suas Entidades;11317,33;14359
2021;Prefeitura Municipal de Ilhota - SC;4207106;SC;DCA-Anexo I-C;Padrão;Receitas Brutas Realizadas;RO2.4.2.8.00.0.0;2.4.2.8.00.0.0 - Transferências dos Estados, Distrito Federal, e de suas Entidades;6684853,82;14359
2021;Prefeitura Municipal de Ilhota - SC;4207106;SC;DCA-Anexo I-C;Padrão;Outras Deduções da Receita;RO2.4.2.8.00.0.0;2.4.2.8.00.0.0 - Transferências dos Estados, Distrito Federal, e de suas Entidades;11317,33;14359
2021;Prefeitura Municipal de Ilhota - SC;4207106;SC;DCA-Anexo I-C;Padrão;Receitas Brutas Realizadas;RO2.4.2.8.10.0.0;2.4.2.8.10.0.0 - Transferências de Convênios dos Estados e do Distrito Federal e de suas Entidades;2477278,32;14359
2021;Prefeitura Municipal de Ilhota - SC;4207106;SC;DCA-Anexo I-C;Padrão;Outras Deduções da Receita;RO2.4.2.8.10.0.0;2.4.2.8.10.0.0 - Transferências de Convênios dos Estados e do Distrito Federal e de suas Entidades;11317,33;14359
2021;Prefeitura Municipal de Ilhota - SC;4207106;SC;DCA-Anexo I-C;Padrão;Receitas Brutas Realizadas;RO2.4.2.8.10.9.0;2.4.2.8.10.9.0 - Outras Transferências de Convênio dos Estados;2477278,32;14359
2021;Prefeitura Municipal de Ilhota - SC;4207106;SC;DCA-Anexo I-C;Padrão;Outras Deduções da Receita;RO2.4.2.8.10.9.0;2.4.2.8.10.9.0 - Outras Transferências de Convênio dos Estados;11317,33;14359
2021;Prefeitura Municipal de Ilhota - SC;4207106;SC;DCA-Anexo I-C;Padrão;Receitas Brutas Realizadas;RO2.4.2.8.99.0.0;2.4.2.8.99.0.0 - Outras Transferências dos Estados;4207575,50;14359
2021;Prefeitura Municipal de Ilhota - SC;4207106;SC;DCA-Anexo I-C;Padrão;Receitas Brutas Realizadas;ReceitasIntraOrcamentarias;RECEITAS (INTRA-ORÇAMENTÁRIAS) (II);2903511,80;14359
2021;Prefeitura Municipal de Ilhota - SC;4207106;SC;DCA-Anexo I-C;Padrão;Receitas Brutas Realizadas;RI7.0.0.0.00.0.0;7.0.0.0.00.0.0 - Receitas Correntes;2903511,80;14359
2021;Prefeitura Municipal de Ilhota - SC;4207106;SC;DCA-Anexo I-C;Padrão;Receitas Brutas Realizadas;RI7.2.0.0.00.0.0;7.2.0.0.00.0.0 - Contribuições;2002396,33;14359
2021;Prefeitura Municipal de Ilhota - SC;4207106;SC;DCA-Anexo I-C;Padrão;Receitas Brutas Realizadas;RI7.2.1.0.00.0.0;7.2.1.0.00.0.0 - Contribuições Sociais;2002396,33;14359
2021;Prefeitura Municipal de Ilhota - SC;4207106;SC;DCA-Anexo I-C;Padrão;Receitas Brutas Realizadas;RI7.2.1.8.00.0.0;7.2.1.8.00.0.0 - Contribuições Sociais Específicas de Estados, DF e   Municípios;2002396,33;14359
2021;Prefeitura Municipal de Ilhota - SC;4207106;SC;DCA-Anexo I-C;Padrão;Receitas Brutas Realizadas;RI7.2.1.8.03.0.0;7.2.1.8.03.0.0 - CPSSS Patronal - Servidor Civil - Específico de EST/DF/MUN;1617524,35;14359
2021;Prefeitura Municipal de Ilhota - SC;4207106;SC;DCA-Anexo I-C;Padrão;Receitas Brutas Realizadas;RI7.2.1.8.03.1.0;7.2.1.8.03.1.0 - CPSSS Patronal - Servidor Civil Ativo;1617524,35;14359
2021;Prefeitura Municipal de Ilhota - SC;4207106;SC;DCA-Anexo I-C;Padrão;Receitas Brutas Realizadas;RI7.2.1.8.04.0.0;7.2.1.8.04.0.0 - CPSSS Patronal - Parcelamentos - Específico de EST/DF/MUN;384871,98;14359
2021;Prefeitura Municipal de Ilhota - SC;4207106;SC;DCA-Anexo I-C;Padrão;Receitas Brutas Realizadas;RI7.2.1.8.04.1.0;7.2.1.8.04.1.0 - CPSSS Patronal - Parcelamentos - Servidor Civil Ativo;384871,98;14359
2021;Prefeitura Municipal de Ilhota - SC;4207106;SC;DCA-Anexo I-C;Padrão;Receitas Brutas Realizadas;RI7.6.0.0.00.0.0;7.6.0.0.00.0.0 - Receita de Serviços;103432,75;14359
2021;Prefeitura Municipal de Ilhota - SC;4207106;SC;DCA-Anexo I-C;Padrão;Receitas Brutas Realizadas;RI7.6.1.0.00.0.0;7.6.1.0.00.0.0 - Serviços Administrativos e Comerciais Gerais;103432,75;14359
2021;Prefeitura Municipal de Ilhota - SC;4207106;SC;DCA-Anexo I-C;Padrão;Receitas Brutas Realizadas;RI7.6.1.0.01.0.0;7.6.1.0.01.0.0 - Serviços Administrativos e Comerciais Gerais;103432,75;14359
2021;Prefeitura Municipal de Ilhota - SC;4207106;SC;DCA-Anexo I-C;Padrão;Receitas Brutas Realizadas;RI7.9.0.0.00.0.0;7.9.0.0.00.0.0 - Outras Receitas Correntes;797682,72;14359
2021;Prefeitura Municipal de Ilhota - SC;4207106;SC;DCA-Anexo I-C;Padrão;Receitas Brutas Realizadas;RI7.9.9.0.00.0.0;7.9.9.0.00.0.0 - Demais Receitas Correntes;797682,72;14359
2021;Prefeitura Municipal de Ilhota - SC;4207106;SC;DCA-Anexo I-C;Padrão;Receitas Brutas Realizadas;RI7.9.9.0.01.0.0;7.9.9.0.01.0.0 - Aportes Periódicos para Amortização de Déficit Atuarial do RPPS;797682,72;14359
2021;Prefeitura Municipal de Ilhota - SC;4207106;SC;DCA-Anexo I-C;Padrão;Receitas Brutas Realizadas;TotalReceitas;TOTAL DAS RECEITAS (III) = (I + II);90293354,42;14359
2021;Prefeitura Municipal de Ilhota - SC;4207106;SC;DCA-Anexo I-C;Padrão;Deduções - FUNDEB;TotalReceitas;TOTAL DAS RECEITAS (III) = (I + II);6644377,68;14359
2021;Prefeitura Municipal de Ilhota - SC;4207106;SC;DCA-Anexo I-C;Padrão;Outras Deduções da Receita;TotalReceitas;TOTAL DAS RECEITAS (III) = (I + II);678420,13;14359
2022;Prefeitura Municipal de Ilhota - SC;4207106;SC;DCA-Anexo I-C;Padrão;Receitas Brutas Realizadas;ReceitasExcetoIntraOrcamentarias;RECEITAS (EXCETO INTRA-ORÇAMENTÁRIAS) (I);119139930,39;14531
2022;Prefeitura Municipal de Ilhota - SC;4207106;SC;DCA-Anexo I-C;Padrão;Deduções - FUNDEB;ReceitasExcetoIntraOrcamentarias;RECEITAS (EXCETO INTRA-ORÇAMENTÁRIAS) (I);9773751,61;14531
2022;Prefeitura Municipal de Ilhota - SC;4207106;SC;DCA-Anexo I-C;Padrão;Outras Deduções da Receita;ReceitasExcetoIntraOrcamentarias;RECEITAS (EXCETO INTRA-ORÇAMENTÁRIAS) (I);134734,56;14531
2022;Prefeitura Municipal de Ilhota - SC;4207106;SC;DCA-Anexo I-C;Padrão;Receitas Brutas Realizadas;RO1.0.0.0.00.0.0;1.0.0.0.00.0.0 - Receitas Correntes;101944980,81;14531
2022;Prefeitura Municipal de Ilhota - SC;4207106;SC;DCA-Anexo I-C;Padrão;Deduções - FUNDEB;RO1.0.0.0.00.0.0;1.0.0.0.00.0.0 - Receitas Correntes;9773751,61;14531
2022;Prefeitura Municipal de Ilhota - SC;4207106;SC;DCA-Anexo I-C;Padrão;Outras Deduções da Receita;RO1.0.0.0.00.0.0;1.0.0.0.00.0.0 - Receitas Correntes;134734,56;14531
2022;Prefeitura Municipal de Ilhota - SC;4207106;SC;DCA-Anexo I-C;Padrão;Receitas Brutas Realizadas;RO1.1.0.0.00.0.0;1.1.0.0.00.0.0 - Impostos, Taxas e Contribuições de Melhoria;13841253,45;14531
2022;Prefeitura Municipal de Ilhota - SC;4207106;SC;DCA-Anexo I-C;Padrão;Receitas Brutas Realizadas;RO1.1.1.0.00.0.0;1.1.1.0.00.0.0 - Impostos;13841253,45;14531
2022;Prefeitura Municipal de Ilhota - SC;4207106;SC;DCA-Anexo I-C;Padrão;Receitas Brutas Realizadas;RO1.1.1.2.00.0.0;1.1.1.2.00.0.0 - Impostos sobre o Patrimônio;11634453,79;14531
2022;Prefeitura Municipal de Ilhota - SC;4207106;SC;DCA-Anexo I-C;Padrão;Receitas Brutas Realizadas;RO1.1.1.2.50.0.0;1.1.1.2.50.0.0 - Imposto sobre a Propriedade Predial e Territorial Urbana;11634453,79;14531
2022;Prefeitura Municipal de Ilhota - SC;4207106;SC;DCA-Anexo I-C;Padrão;Receitas Brutas Realizadas;RO1.1.1.3.00.0.0;1.1.1.3.00.0.0 - Impostos sobre a Renda e Proventos de Qualquer Natureza;2206799,66;14531
2022;Prefeitura Municipal de Ilhota - SC;4207106;SC;DCA-Anexo I-C;Padrão;Receitas Brutas Realizadas;RO1.1.1.3.03.0.0;1.1.1.3.03.0.0 - Imposto sobre a Renda - Retido na Fonte;2206799,66;14531
2022;Prefeitura Municipal de Ilhota - SC;4207106;SC;DCA-Anexo I-C;Padrão;Receitas Brutas Realizadas;RO1.1.1.3.03.1.0;1.1.1.3.03.1.0 - Imposto sobre a Renda - Retido na Fonte - Trabalho;2206799,66;14531
2022;Prefeitura Municipal de Ilhota - SC;4207106;SC;DCA-Anexo I-C;Padrão;Receitas Brutas Realizadas;RO1.2.0.0.00.0.0;1.2.0.0.00.0.0 - Contribuições;2777346,03;14531
2022;Prefeitura Municipal de Ilhota - SC;4207106;SC;DCA-Anexo I-C;Padrão;Receitas Brutas Realizadas;RO1.2.1.0.00.0.0;1.2.1.0.00.0.0 - Contribuições Sociais;1476046,15;14531
2022;Prefeitura Municipal de Ilhota - SC;4207106;SC;DCA-Anexo I-C;Padrão;Receitas Brutas Realizadas;RO1.2.1.5.00.0.0;1.2.1.5.00.0.0 - Contribuições para Regimes Próprios de Previdência e Sistema de Proteção Social;1476046,15;14531
2022;Prefeitura Municipal de Ilhota - SC;4207106;SC;DCA-Anexo I-C;Padrão;Receitas Brutas Realizadas;RO1.2.1.5.01.0.0;1.2.1.5.01.0.0 - Contribuição do Servidor Civil;1476046,15;14531
2022;Prefeitura Municipal de Ilhota - SC;4207106;SC;DCA-Anexo I-C;Padrão;Receitas Brutas Realizadas;RO1.2.1.5.01.1.0;1.2.1.5.01.1.0 - Contribuição do Servidor Civil Ativo;1476046,15;14531
2022;Prefeitura Municipal de Ilhota - SC;4207106;SC;DCA-Anexo I-C;Padrão;Receitas Brutas Realizadas;RO1.2.4.0.00.0.0;1.2.4.0.00.0.0 - Contribuição para o Custeio do Serviço de Iluminação Pública;1301299,88;14531
2022;Prefeitura Municipal de Ilhota - SC;4207106;SC;DCA-Anexo I-C;Padrão;Receitas Brutas Realizadas;RO1.3.0.0.00.0.0;1.3.0.0.00.0.0 - Receita Patrimonial;5339405,98;14531
2022;Prefeitura Municipal de Ilhota - SC;4207106;SC;DCA-Anexo I-C;Padrão;Outras Deduções da Receita;RO1.3.0.0.00.0.0;1.3.0.0.00.0.0 - Receita Patrimonial;134734,56;14531
2022;Prefeitura Municipal de Ilhota - SC;4207106;SC;DCA-Anexo I-C;Padrão;Receitas Brutas Realizadas;RO1.3.2.0.00.0.0;1.3.2.0.00.0.0 - Valores Mobiliários;5288505,98;14531
2022;Prefeitura Municipal de Ilhota - SC;4207106;SC;DCA-Anexo I-C;Padrão;Outras Deduções da Receita;RO1.3.2.0.00.0.0;1.3.2.0.00.0.0 - Valores Mobiliários;134734,56;14531
2022;Prefeitura Municipal de Ilhota - SC;4207106;SC;DCA-Anexo I-C;Padrão;Receitas Brutas Realizadas;RO1.3.2.1.00.0.0;1.3.2.1.00.0.0 - Juros e Correções Monetárias;5288505,98;14531
2022;Prefeitura Municipal de Ilhota - SC;4207106;SC;DCA-Anexo I-C;Padrão;Outras Deduções da Receita;RO1.3.2.1.00.0.0;1.3.2.1.00.0.0 - Juros e Correções Monetárias;134734,56;14531
2022;Prefeitura Municipal de Ilhota - SC;4207106;SC;DCA-Anexo I-C;Padrão;Receitas Brutas Realizadas;RO1.3.2.1.01.0.0;1.3.2.1.01.0.0 - Remuneração de Depósitos Bancários;2702410,01;14531
2022;Prefeitura Municipal de Ilhota - SC;4207106;SC;DCA-Anexo I-C;Padrão;Outras Deduções da Receita;RO1.3.2.1.01.0.0;1.3.2.1.01.0.0 - Remuneração de Depósitos Bancários;93,22;14531
2022;Prefeitura Municipal de Ilhota - SC;4207106;SC;DCA-Anexo I-C;Padrão;Receitas Brutas Realizadas;RO1.3.2.1.04.0.0;1.3.2.1.04.0.0 - Remuneração dos Recursos do Regime Próprio de Previdência Social - RPPS;2586095,97;14531
2022;Prefeitura Municipal de Ilhota - SC;4207106;SC;DCA-Anexo I-C;Padrão;Outras Deduções da Receita;RO1.3.2.1.04.0.0;1.3.2.1.04.0.0 - Remuneração dos Recursos do Regime Próprio de Previdência Social - RPPS;134641,34;14531
2022;Prefeitura Municipal de Ilhota - SC;4207106;SC;DCA-Anexo I-C;Padrão;Receitas Brutas Realizadas;RO1.3.3.0.00.0.0;1.3.3.0.00.0.0 - Delegação de Serviços Públicos Mediante Concessão, Permissão, Autorização ou Licença;50900,00;14531
2022;Prefeitura Municipal de Ilhota - SC;4207106;SC;DCA-Anexo I-C;Padrão;Receitas Brutas Realizadas;RO1.3.3.9.00.0.0;1.3.3.9.00.0.0 - Demais Delegações de Serviços Públicos;50900,00;14531
2022;Prefeitura Municipal de Ilhota - SC;4207106;SC;DCA-Anexo I-C;Padrão;Receitas Brutas Realizadas;RO1.6.0.0.00.0.0;1.6.0.0.00.0.0 - Receita de Serviços;3746778,23;14531
2022;Prefeitura Municipal de Ilhota - SC;4207106;SC;DCA-Anexo I-C;Padrão;Receitas Brutas Realizadas;RO1.6.1.0.00.0.0;1.6.1.0.00.0.0 - Serviços Administrativos e Comerciais Gerais;3746778,23;14531
2022;Prefeitura Municipal de Ilhota - SC;4207106;SC;DCA-Anexo I-C;Padrão;Receitas Brutas Realizadas;RO1.6.1.1.00.0.0;1.6.1.1.00.0.0 - Serviços Administrativos e Comerciais Gerais;3746778,23;14531
2022;Prefeitura Municipal de Ilhota - SC;4207106;SC;DCA-Anexo I-C;Padrão;Receitas Brutas Realizadas;RO1.6.1.1.01.0.0;1.6.1.1.01.0.0 - Serviços Administrativos e Comerciais Gerais;3737707,83;14531
2022;Prefeitura Municipal de Ilhota - SC;4207106;SC;DCA-Anexo I-C;Padrão;Receitas Brutas Realizadas;RO1.6.1.1.02.0.0;1.6.1.1.02.0.0 - Inscrição em Concursos e Processos Seletivos;9070,40;14531
2022;Prefeitura Municipal de Ilhota - SC;4207106;SC;DCA-Anexo I-C;Padrão;Receitas Brutas Realizadas;RO1.7.0.0.00.0.0;1.7.0.0.00.0.0 - Transferências Correntes;76014925,41;14531
2022;Prefeitura Municipal de Ilhota - SC;4207106;SC;DCA-Anexo I-C;Padrão;Deduções - FUNDEB;RO1.7.0.0.00.0.0;1.7.0.0.00.0.0 - Transferências Correntes;9773751,61;14531
2022;Prefeitura Municipal de Ilhota - SC;4207106;SC;DCA-Anexo I-C;Padrão;Receitas Brutas Realizadas;RO1.7.1.0.00.0.0;1.7.1.0.00.0.0 - Transferências da União e de suas Entidades;28123595,31;14531
2022;Prefeitura Municipal de Ilhota - SC;4207106;SC;DCA-Anexo I-C;Padrão;Deduções - FUNDEB;RO1.7.1.0.00.0.0;1.7.1.0.00.0.0 - Transferências da União e de suas Entidades;3929040,13;14531
2022;Prefeitura Municipal de Ilhota - SC;4207106;SC;DCA-Anexo I-C;Padrão;Receitas Brutas Realizadas;RO1.7.1.1.00.0.0;1.7.1.1.00.0.0 - Transferências Decorrentes de Participação na Receita da União;28123595,31;14531
2022;Prefeitura Municipal de Ilhota - SC;4207106;SC;DCA-Anexo I-C;Padrão;Deduções - FUNDEB;RO1.7.1.1.00.0.0;1.7.1.1.00.0.0 - Transferências Decorrentes de Participação na Receita da União;3929040,13;14531
2022;Prefeitura Municipal de Ilhota - SC;4207106;SC;DCA-Anexo I-C;Padrão;Receitas Brutas Realizadas;RO1.7.1.1.51.0.0;1.7.1.1.51.0.0 -Cota-Parte do Fundo de Participação dos Municípios - FPM;28123595,31;14531
2022;Prefeitura Municipal de Ilhota - SC;4207106;SC;DCA-Anexo I-C;Padrão;Deduções - FUNDEB;RO1.7.1.1.51.0.0;1.7.1.1.51.0.0 -Cota-Parte do Fundo de Participação dos Municípios - FPM;3929040,13;14531
2022;Prefeitura Municipal de Ilhota - SC;4207106;SC;DCA-Anexo I-C;Padrão;Receitas Brutas Realizadas;RO1.7.1.1.51.1.0;1.7.1.1.51.1.0 - Cota-Parte do Fundo de Participação dos Municípios - Cota Mensal;28123595,31;14531
2022;Prefeitura Municipal de Ilhota - SC;4207106;SC;DCA-Anexo I-C;Padrão;Deduções - FUNDEB;RO1.7.1.1.51.1.0;1.7.1.1.51.1.0 - Cota-Parte do Fundo de Participação dos Municípios - Cota Mensal;3929040,13;14531
2022;Prefeitura Municipal de Ilhota - SC;4207106;SC;DCA-Anexo I-C;Padrão;Receitas Brutas Realizadas;RO1.7.2.0.00.0.0;1.7.2.0.00.0.0 - Transferências dos Estados e do Distrito Federal e de suas Entidades;31373895,18;14531
2022;Prefeitura Municipal de Ilhota - SC;4207106;SC;DCA-Anexo I-C;Padrão;Deduções - FUNDEB;RO1.7.2.0.00.0.0;1.7.2.0.00.0.0 - Transferências dos Estados e do Distrito Federal e de suas Entidades;5844711,48;14531
2022;Prefeitura Municipal de Ilhota - SC;4207106;SC;DCA-Anexo I-C;Padrão;Receitas Brutas Realizadas;RO1.7.2.1.00.0.0;1.7.2.1.00.0.0 - Participação na Receita dos Estados e Distrito Federal;31373895,18;14531
2022;Prefeitura Municipal de Ilhota - SC;4207106;SC;DCA-Anexo I-C;Padrão;Deduções - FUNDEB;RO1.7.2.1.00.0.0;1.7.2.1.00.0.0 - Participação na Receita dos Estados e Distrito Federal;5844711,48;14531
2022;Prefeitura Municipal de Ilhota - SC;4207106;SC;DCA-Anexo I-C;Padrão;Receitas Brutas Realizadas;RO1.7.2.1.50.0.0;1.7.2.1.50.0.0 - Cota-Parte do ICMS;31373895,18;14531
2022;Prefeitura Municipal de Ilhota - SC;4207106;SC;DCA-Anexo I-C;Padrão;Deduções - FUNDEB;RO1.7.2.1.50.0.0;1.7.2.1.50.0.0 - Cota-Parte do ICMS;5844711,48;14531
2022;Prefeitura Municipal de Ilhota - SC;4207106;SC;DCA-Anexo I-C;Padrão;Receitas Brutas Realizadas;RO1.7.5.0.00.0.0;1.7.5.0.00.0.0 - Transferências de Outras Instituições Públicas;16517434,92;14531
2022;Prefeitura Municipal de Ilhota - SC;4207106;SC;DCA-Anexo I-C;Padrão;Receitas Brutas Realizadas;RO1.7.5.1.00.0.0;1.7.5.1.00.0.0 - Transferências de Recursos do Fundo de Manutenção e Desenvolvimento da Educação Básica e de Valorização dos Profissionais da Educação - FUNDEB;16517434,92;14531
2022;Prefeitura Municipal de Ilhota - SC;4207106;SC;DCA-Anexo I-C;Padrão;Receitas Brutas Realizadas;RO1.9.0.0.00.0.0;1.9.0.0.00.0.0 - Outras Receitas Correntes;225271,71;14531
2022;Prefeitura Municipal de Ilhota - SC;4207106;SC;DCA-Anexo I-C;Padrão;Receitas Brutas Realizadas;RO1.9.1.0.00.0.0;1.9.1.0.00.0.0 - Multas Administrativas, Contratuais e Judiciais;67458,96;14531
2022;Prefeitura Municipal de Ilhota - SC;4207106;SC;DCA-Anexo I-C;Padrão;Receitas Brutas Realizadas;RO1.9.1.1.00.0.0;1.9.1.1.00.0.0 - Multas Administrativas, Contratuais e Judiciais;67458,96;14531
2022;Prefeitura Municipal de Ilhota - SC;4207106;SC;DCA-Anexo I-C;Padrão;Receitas Brutas Realizadas;RO1.9.1.1.01.0.0;1.9.1.1.01.0.0 - Multas Previstas em Legislação Específica;64997,08;14531
2022;Prefeitura Municipal de Ilhota - SC;4207106;SC;DCA-Anexo I-C;Padrão;Receitas Brutas Realizadas;RO1.9.1.1.08.0.0;1.9.1.1.08.0.0 - Multas Decorrentes de Sentenças Judiciais;1926,54;14531
2022;Prefeitura Municipal de Ilhota - SC;4207106;SC;DCA-Anexo I-C;Padrão;Receitas Brutas Realizadas;RO1.9.1.1.09.0.0;1.9.1.1.09.0.0 - Multas e Juros Previstos em Contratos;535,34;14531
2022;Prefeitura Municipal de Ilhota - SC;4207106;SC;DCA-Anexo I-C;Padrão;Receitas Brutas Realizadas;RO1.9.2.0.00.0.0;1.9.2.0.00.0.0 - Indenizações, Restituições e Ressarcimentos;130530,92;14531
2022;Prefeitura Municipal de Ilhota - SC;4207106;SC;DCA-Anexo I-C;Padrão;Receitas Brutas Realizadas;RO1.9.2.1.00.0.0;1.9.2.1.00.0.0 - Indenizações;3557,49;14531
2022;Prefeitura Municipal de Ilhota - SC;4207106;SC;DCA-Anexo I-C;Padrão;Receitas Brutas Realizadas;RO1.9.2.1.01.0.0;1.9.2.1.01.0.0 - Indenizações por Danos Causados ao Patrimônio Público;1868,72;14531
2022;Prefeitura Municipal de Ilhota - SC;4207106;SC;DCA-Anexo I-C;Padrão;Receitas Brutas Realizadas;RO1.9.2.1.99.0.0;1.9.2.1.99.0.0 - Outras Indenizações;1688,77;14531
2022;Prefeitura Municipal de Ilhota - SC;4207106;SC;DCA-Anexo I-C;Padrão;Receitas Brutas Realizadas;RO1.9.2.3.00.0.0;1.9.2.3.00.0.0 - Ressarcimentos;126973,43;14531
2022;Prefeitura Municipal de Ilhota - SC;4207106;SC;DCA-Anexo I-C;Padrão;Receitas Brutas Realizadas;RO1.9.2.3.99.0.0;1.9.2.3.99.0.0 - Outros Ressarcimentos;126973,43;14531
2022;Prefeitura Municipal de Ilhota - SC;4207106;SC;DCA-Anexo I-C;Padrão;Receitas Brutas Realizadas;RO1.9.9.0.00.0.0;1.9.9.0.00.0.0 - Demais Receitas Correntes;27281,83;14531
2022;Prefeitura Municipal de Ilhota - SC;4207106;SC;DCA-Anexo I-C;Padrão;Receitas Brutas Realizadas;RO1.9.9.9.00.0.0;1.9.9.9.00.0.0 - Outras Receitas Correntes;27281,83;14531
2022;Prefeitura Municipal de Ilhota - SC;4207106;SC;DCA-Anexo I-C;Padrão;Receitas Brutas Realizadas;RO1.9.9.9.03.0.0;1.9.9.9.03.0.0 - Compensações Financeiras entre o Regime Geral e os Regimes Próprios de Previdência e Sistema de Proteção Social;14395,75;14531
2022;Prefeitura Municipal de Ilhota - SC;4207106;SC;DCA-Anexo I-C;Padrão;Receitas Brutas Realizadas;RO1.9.9.9.12.0.0;1.9.9.9.12.0.0 - Encargos Legais pela Inscrição em Dívida Ativa e Receitas de Ônus de Sucumbência;5978,74;14531
2022;Prefeitura Municipal de Ilhota - SC;4207106;SC;DCA-Anexo I-C;Padrão;Receitas Brutas Realizadas;RO1.9.9.9.12.1.0;1.9.9.9.12.1.0 - Encargos Legais pela Inscrição em Dívida Ativa;5978,74;14531
2022;Prefeitura Municipal de Ilhota - SC;4207106;SC;DCA-Anexo I-C;Padrão;Receitas Brutas Realizadas;RO1.9.9.9.99.0.0;1.9.9.9.99.0.0 - Outras Receitas;6907,34;14531
2022;Prefeitura Municipal de Ilhota - SC;4207106;SC;DCA-Anexo I-C;Padrão;Receitas Brutas Realizadas;RO1.9.9.9.99.1.0;1.9.9.9.99.1.0 - Outras Receitas Administradas pela RFB;6907,34;14531
2022;Prefeitura Municipal de Ilhota - SC;4207106;SC;DCA-Anexo I-C;Padrão;Receitas Brutas Realizadas;RO2.0.0.0.00.0.0;2.0.0.0.00.0.0 - Receitas de Capital;17194949,58;14531
2022;Prefeitura Municipal de Ilhota - SC;4207106;SC;DCA-Anexo I-C;Padrão;Receitas Brutas Realizadas;RO2.1.0.0.00.0.0;2.1.0.0.00.0.0 - Operações de Crédito;3471817,28;14531
2022;Prefeitura Municipal de Ilhota - SC;4207106;SC;DCA-Anexo I-C;Padrão;Receitas Brutas Realizadas;RO2.1.1.0.00.0.0;2.1.1.0.00.0.0 - Operações de Crédito - Mercado Interno;3471817,28;14531
2022;Prefeitura Municipal de Ilhota - SC;4207106;SC;DCA-Anexo I-C;Padrão;Receitas Brutas Realizadas;RO2.1.1.9.00.0.0;2.1.1.9.00.0.0 - Outras Operações de Crédito - Mercado Interno;3471817,28;14531
2022;Prefeitura Municipal de Ilhota - SC;4207106;SC;DCA-Anexo I-C;Padrão;Receitas Brutas Realizadas;RO2.2.0.0.00.0.0;2.2.0.0.00.0.0 - Alienação de Bens;117350,01;14531
2022;Prefeitura Municipal de Ilhota - SC;4207106;SC;DCA-Anexo I-C;Padrão;Receitas Brutas Realizadas;RO2.2.1.0.00.0.0;2.2.1.0.00.0.0 - Alienação de Bens Móveis;117350,01;14531
2022;Prefeitura Municipal de Ilhota - SC;4207106;SC;DCA-Anexo I-C;Padrão;Receitas Brutas Realizadas;RO2.2.1.3.00.0.0;2.2.1.3.00.0.0 - Alienação de Bens Móveis e Semoventes;117350,01;14531
2022;Prefeitura Municipal de Ilhota - SC;4207106;SC;DCA-Anexo I-C;Padrão;Receitas Brutas Realizadas;RO2.4.0.0.00.0.0;2.4.0.0.00.0.0 - Transferências de Capital;13605782,29;14531
2022;Prefeitura Municipal de Ilhota - SC;4207106;SC;DCA-Anexo I-C;Padrão;Receitas Brutas Realizadas;RO2.4.1.0.00.0.0;2.4.1.0.00.0.0 - Transferências da União e de suas Entidades;243334,29;14531
2022;Prefeitura Municipal de Ilhota - SC;4207106;SC;DCA-Anexo I-C;Padrão;Receitas Brutas Realizadas;RO2.4.1.9.00.0.0;2.4.1.9.00.0.0 - Outras Transferências de Recursos da União e de suas Entidades;243334,29;14531
2022;Prefeitura Municipal de Ilhota - SC;4207106;SC;DCA-Anexo I-C;Padrão;Receitas Brutas Realizadas;RO2.4.1.9.99.0.0;2.4.1.9.99.0.0 - Outras Transferências De Recursos da União e de suas Entidades;243334,29;14531
2022;Prefeitura Municipal de Ilhota - SC;4207106;SC;DCA-Anexo I-C;Padrão;Receitas Brutas Realizadas;RO2.4.2.0.00.0.0;2.4.2.0.00.0.0 - Transferências dos Estados e do Distrito Federal e de suas Entidades;13362448,00;14531
2022;Prefeitura Municipal de Ilhota - SC;4207106;SC;DCA-Anexo I-C;Padrão;Receitas Brutas Realizadas;RO2.4.2.1.00.0.0;2.4.2.1.00.0.0 - Transferências de Recursos do Sistema Único de Saúde ¿ SUS dos Estados e DF;100000,00;14531
2022;Prefeitura Municipal de Ilhota - SC;4207106;SC;DCA-Anexo I-C;Padrão;Receitas Brutas Realizadas;RO2.4.2.1.50.0.0;2.4.2.1.50.0.0 - Transferências de Recursos do Sistema Único de Saúde ¿ SUS;100000,00;14531
2022;Prefeitura Municipal de Ilhota - SC;4207106;SC;DCA-Anexo I-C;Padrão;Receitas Brutas Realizadas;RO2.4.2.2.00.0.0;2.4.2.2.00.0.0 - Transferências de Convênios dos Estados e DF e de Suas Entidades ;3989117,29;14531
2022;Prefeitura Municipal de Ilhota - SC;4207106;SC;DCA-Anexo I-C;Padrão;Receitas Brutas Realizadas;RO2.4.2.2.01.0.0;2.4.2.2.01.0.0 - Transferências de Convênios dos Estados e DF e de Suas Entidades para Órgãos e Entidades da União;3389117,29;14531
2022;Prefeitura Municipal de Ilhota - SC;4207106;SC;DCA-Anexo I-C;Padrão;Receitas Brutas Realizadas;RO2.4.2.2.50.0.0;2.4.2.2.50.0.0 - Transferências de Convênios dos Estados para o Sistema Único de Saúde ¿ SUS;600000,00;14531
2022;Prefeitura Municipal de Ilhota - SC;4207106;SC;DCA-Anexo I-C;Padrão;Receitas Brutas Realizadas;RO2.4.2.9.00.0.0;2.4.2.9.00.0.0 - Outras Transferências de Recursos dos Estados;9273330,71;14531
2022;Prefeitura Municipal de Ilhota - SC;4207106;SC;DCA-Anexo I-C;Padrão;Receitas Brutas Realizadas;RO2.4.2.9.99.0.0;2.4.2.9.99.0.0 - Outras Transferências de Recursos dos Estados;9273330,71;14531
2022;Prefeitura Municipal de Ilhota - SC;4207106;SC;DCA-Anexo I-C;Padrão;Receitas Brutas Realizadas;ReceitasIntraOrcamentarias;RECEITAS (INTRA-ORÇAMENTÁRIAS) (II);2984111,60;14531
2022;Prefeitura Municipal de Ilhota - SC;4207106;SC;DCA-Anexo I-C;Padrão;Outras Deduções da Receita;ReceitasIntraOrcamentarias;RECEITAS (INTRA-ORÇAMENTÁRIAS) (II);146,30;14531
2022;Prefeitura Municipal de Ilhota - SC;4207106;SC;DCA-Anexo I-C;Padrão;Receitas Brutas Realizadas;RI7.0.0.0.00.0.0;7.0.0.0.00.0.0 - Receitas Correntes;2984111,60;14531
2022;Prefeitura Municipal de Ilhota - SC;4207106;SC;DCA-Anexo I-C;Padrão;Outras Deduções da Receita;RI7.0.0.0.00.0.0;7.0.0.0.00.0.0 - Receitas Correntes;146,30;14531
2022;Prefeitura Municipal de Ilhota - SC;4207106;SC;DCA-Anexo I-C;Padrão;Receitas Brutas Realizadas;RI7.2.0.0.00.0.0;7.2.0.0.00.0.0 - Contribuições;2162112,99;14531
2022;Prefeitura Municipal de Ilhota - SC;4207106;SC;DCA-Anexo I-C;Padrão;Outras Deduções da Receita;RI7.2.0.0.00.0.0;7.2.0.0.00.0.0 - Contribuições;146,30;14531
2022;Prefeitura Municipal de Ilhota - SC;4207106;SC;DCA-Anexo I-C;Padrão;Receitas Brutas Realizadas;RI7.2.1.0.00.0.0;7.2.1.0.00.0.0 - Contribuições Sociais;2162112,99;14531
2022;Prefeitura Municipal de Ilhota - SC;4207106;SC;DCA-Anexo I-C;Padrão;Outras Deduções da Receita;RI7.2.1.0.00.0.0;7.2.1.0.00.0.0 - Contribuições Sociais;146,30;14531
2022;Prefeitura Municipal de Ilhota - SC;4207106;SC;DCA-Anexo I-C;Padrão;Receitas Brutas Realizadas;RI7.2.1.9.00.0.0;7.2.1.9.00.0.0 - Outras Contribuições Sociais;2162112,99;14531
2022;Prefeitura Municipal de Ilhota - SC;4207106;SC;DCA-Anexo I-C;Padrão;Outras Deduções da Receita;RI7.2.1.9.00.0.0;7.2.1.9.00.0.0 - Outras Contribuições Sociais;146,30;14531
2022;Prefeitura Municipal de Ilhota - SC;4207106;SC;DCA-Anexo I-C;Padrão;Receitas Brutas Realizadas;RI7.6.0.0.00.0.0;7.6.0.0.00.0.0 - Receita de Serviços;74609,70;14531
2022;Prefeitura Municipal de Ilhota - SC;4207106;SC;DCA-Anexo I-C;Padrão;Receitas Brutas Realizadas;RI7.6.1.0.00.0.0;7.6.1.0.00.0.0 - Serviços Administrativos e Comerciais Gerais;74609,70;14531
2022;Prefeitura Municipal de Ilhota - SC;4207106;SC;DCA-Anexo I-C;Padrão;Receitas Brutas Realizadas;RI7.6.1.1.00.0.0;7.6.1.1.00.0.0 - Serviços Administrativos e Comerciais Gerais;74609,70;14531
2022;Prefeitura Municipal de Ilhota - SC;4207106;SC;DCA-Anexo I-C;Padrão;Receitas Brutas Realizadas;RI7.6.1.1.01.0.0;7.6.1.1.01.0.0 - Serviços Administrativos e Comerciais Gerais;74609,70;14531
2022;Prefeitura Municipal de Ilhota - SC;4207106;SC;DCA-Anexo I-C;Padrão;Receitas Brutas Realizadas;RI7.9.0.0.00.0.0;7.9.0.0.00.0.0 - Outras Receitas Correntes;747388,91;14531
2022;Prefeitura Municipal de Ilhota - SC;4207106;SC;DCA-Anexo I-C;Padrão;Receitas Brutas Realizadas;RI7.9.9.0.00.0.0;7.9.9.0.00.0.0 - Demais Receitas Correntes;747388,91;14531
2022;Prefeitura Municipal de Ilhota - SC;4207106;SC;DCA-Anexo I-C;Padrão;Receitas Brutas Realizadas;RI7.9.9.9.00.0.0;7.9.9.9.00.0.0 - Outras Receitas Correntes;747388,91;14531
2022;Prefeitura Municipal de Ilhota - SC;4207106;SC;DCA-Anexo I-C;Padrão;Receitas Brutas Realizadas;RI7.9.9.9.01.0.0;7.9.9.9.01.0.0 - Aportes Periódicos para Amortização de Déficit Atuarial do Regimes Próprios de Previdência e Sistema de Proteção Social;747388,91;14531
2022;Prefeitura Municipal de Ilhota - SC;4207106;SC;DCA-Anexo I-C;Padrão;Receitas Brutas Realizadas;TotalReceitas;TOTAL DAS RECEITAS (III) = (I + II);122124041,99;14531
2022;Prefeitura Municipal de Ilhota - SC;4207106;SC;DCA-Anexo I-C;Padrão;Deduções - FUNDEB;TotalReceitas;TOTAL DAS RECEITAS (III) = (I + II);9773751,61;14531
2022;Prefeitura Municipal de Ilhota - SC;4207106;SC;DCA-Anexo I-C;Padrão;Outras Deduções da Receita;TotalReceitas;TOTAL DAS RECEITAS (III) = (I + II);134880,86;14531
2023;Prefeitura Municipal de Ilhota - SC;4207106;SC;DCA-Anexo I-C;Padrão;Receitas Brutas Realizadas;ReceitasExcetoIntraOrcamentarias;RECEITAS (EXCETO INTRA-ORÇAMENTÁRIAS) (I);126315473,84;14531
2023;Prefeitura Municipal de Ilhota - SC;4207106;SC;DCA-Anexo I-C;Padrão;Deduções - FUNDEB;ReceitasExcetoIntraOrcamentarias;RECEITAS (EXCETO INTRA-ORÇAMENTÁRIAS) (I);11287654,80;14531
2023;Prefeitura Municipal de Ilhota - SC;4207106;SC;DCA-Anexo I-C;Padrão;Outras Deduções da Receita;ReceitasExcetoIntraOrcamentarias;RECEITAS (EXCETO INTRA-ORÇAMENTÁRIAS) (I);324171,21;14531
2023;Prefeitura Municipal de Ilhota - SC;4207106;SC;DCA-Anexo I-C;Padrão;Receitas Brutas Realizadas;RO1.0.0.0.00.0.0;1.0.0.0.00.0.0 - Receitas Correntes;117651841,71;14531
2023;Prefeitura Municipal de Ilhota - SC;4207106;SC;DCA-Anexo I-C;Padrão;Deduções - FUNDEB;RO1.0.0.0.00.0.0;1.0.0.0.00.0.0 - Receitas Correntes;11287654,80;14531
2023;Prefeitura Municipal de Ilhota - SC;4207106;SC;DCA-Anexo I-C;Padrão;Outras Deduções da Receita;RO1.0.0.0.00.0.0;1.0.0.0.00.0.0 - Receitas Correntes;324171,21;14531
2023;Prefeitura Municipal de Ilhota - SC;4207106;SC;DCA-Anexo I-C;Padrão;Receitas Brutas Realizadas;RO1.1.0.0.00.0.0;1.1.0.0.00.0.0 - Impostos, Taxas e Contribuições de Melhoria;14047396,15;14531
2023;Prefeitura Municipal de Ilhota - SC;4207106;SC;DCA-Anexo I-C;Padrão;Outras Deduções da Receita;RO1.1.0.0.00.0.0;1.1.0.0.00.0.0 - Impostos, Taxas e Contribuições de Melhoria;256411,32;14531
2023;Prefeitura Municipal de Ilhota - SC;4207106;SC;DCA-Anexo I-C;Padrão;Receitas Brutas Realizadas;RO1.1.1.0.00.0.0;1.1.1.0.00.0.0 - Impostos;11158436,22;14531
2023;Prefeitura Municipal de Ilhota - SC;4207106;SC;DCA-Anexo I-C;Padrão;Outras Deduções da Receita;RO1.1.1.0.00.0.0;1.1.1.0.00.0.0 - Impostos;255655,88;14531
2023;Prefeitura Municipal de Ilhota - SC;4207106;SC;DCA-Anexo I-C;Padrão;Receitas Brutas Realizadas;RO1.1.1.2.00.0.0;1.1.1.2.00.0.0 - Impostos sobre o Patrimônio;3606485,57;14531
2023;Prefeitura Municipal de Ilhota - SC;4207106;SC;DCA-Anexo I-C;Padrão;Outras Deduções da Receita;RO1.1.1.2.00.0.0;1.1.1.2.00.0.0 - Impostos sobre o Patrimônio;96849,26;14531
2023;Prefeitura Municipal de Ilhota - SC;4207106;SC;DCA-Anexo I-C;Padrão;Receitas Brutas Realizadas;RO1.1.1.2.50.0.0;1.1.1.2.50.0.0 - Imposto sobre a Propriedade Predial e Territorial Urbana;2182321,28;14531
2023;Prefeitura Municipal de Ilhota - SC;4207106;SC;DCA-Anexo I-C;Padrão;Outras Deduções da Receita;RO1.1.1.2.50.0.0;1.1.1.2.50.0.0 - Imposto sobre a Propriedade Predial e Territorial Urbana;94609,26;14531
2023;Prefeitura Municipal de Ilhota - SC;4207106;SC;DCA-Anexo I-C;Padrão;Receitas Brutas Realizadas;RO1.1.1.2.53.0.0;"1.1.1.2.53.0.0 - Impostos sobre Transmissão ""Inter Vivos"" de Bens Imóveis e de Direitos Reais sobre Imóveis";1424164,29;14531
2023;Prefeitura Municipal de Ilhota - SC;4207106;SC;DCA-Anexo I-C;Padrão;Outras Deduções da Receita;RO1.1.1.2.53.0.0;"1.1.1.2.53.0.0 - Impostos sobre Transmissão ""Inter Vivos"" de Bens Imóveis e de Direitos Reais sobre Imóveis";2240,00;14531
2023;Prefeitura Municipal de Ilhota - SC;4207106;SC;DCA-Anexo I-C;Padrão;Receitas Brutas Realizadas;RO1.1.1.3.00.0.0;1.1.1.3.00.0.0 - Impostos sobre a Renda e Proventos de Qualquer Natureza;3040936,83;14531
2023;Prefeitura Municipal de Ilhota - SC;4207106;SC;DCA-Anexo I-C;Padrão;Receitas Brutas Realizadas;RO1.1.1.3.03.0.0;1.1.1.3.03.0.0 - Imposto sobre a Renda - Retido na Fonte;3040936,83;14531
2023;Prefeitura Municipal de Ilhota - SC;4207106;SC;DCA-Anexo I-C;Padrão;Receitas Brutas Realizadas;RO1.1.1.3.03.1.0;1.1.1.3.03.1.0 - Imposto sobre a Renda - Retido na Fonte - Trabalho;2555979,69;14531
2023;Prefeitura Municipal de Ilhota - SC;4207106;SC;DCA-Anexo I-C;Padrão;Receitas Brutas Realizadas;RO1.1.1.3.03.4.0;1.1.1.3.03.4.0 - Imposto sobre a Renda - Retido na Fonte - Outros Rendimentos;484957,14;14531
2023;Prefeitura Municipal de Ilhota - SC;4207106;SC;DCA-Anexo I-C;Padrão;Receitas Brutas Realizadas;RO1.1.1.4.00.0.0;1.1.1.4.00.0.0 - Impostos sobre a Produção e Circulação de Mercadorias e Serviços;4511013,82;14531
2023;Prefeitura Municipal de Ilhota - SC;4207106;SC;DCA-Anexo I-C;Padrão;Outras Deduções da Receita;RO1.1.1.4.00.0.0;1.1.1.4.00.0.0 - Impostos sobre a Produção e Circulação de Mercadorias e Serviços;158806,62;14531
2023;Prefeitura Municipal de Ilhota - SC;4207106;SC;DCA-Anexo I-C;Padrão;Receitas Brutas Realizadas;RO1.1.1.4.51.0.0;1.1.1.4.51.0.0 - Impostos sobre Serviços;4511013,82;14531
2023;Prefeitura Municipal de Ilhota - SC;4207106;SC;DCA-Anexo I-C;Padrão;Outras Deduções da Receita;RO1.1.1.4.51.0.0;1.1.1.4.51.0.0 - Impostos sobre Serviços;158806,62;14531
2023;Prefeitura Municipal de Ilhota - SC;4207106;SC;DCA-Anexo I-C;Padrão;Receitas Brutas Realizadas;RO1.1.1.4.51.1.0;1.1.1.4.51.1.0 - Imposto sobre Serviços de Qualquer Natureza - ISSQN;4511013,82;14531
2023;Prefeitura Municipal de Ilhota - SC;4207106;SC;DCA-Anexo I-C;Padrão;Outras Deduções da Receita;RO1.1.1.4.51.1.0;1.1.1.4.51.1.0 - Imposto sobre Serviços de Qualquer Natureza - ISSQN;158806,62;14531
2023;Prefeitura Municipal de Ilhota - SC;4207106;SC;DCA-Anexo I-C;Padrão;Receitas Brutas Realizadas;RO1.1.2.0.00.0.0;1.1.2.0.00.0.0 - Taxas;2888959,93;14531
2023;Prefeitura Municipal de Ilhota - SC;4207106;SC;DCA-Anexo I-C;Padrão;Outras Deduções da Receita;RO1.1.2.0.00.0.0;1.1.2.0.00.0.0 - Taxas;755,44;14531
2023;Prefeitura Municipal de Ilhota - SC;4207106;SC;DCA-Anexo I-C;Padrão;Receitas Brutas Realizadas;RO1.1.2.1.00.0.0;1.1.2.1.00.0.0 - Taxas pelo Exercício do Poder de Polícia;1564651,45;14531
2023;Prefeitura Municipal de Ilhota - SC;4207106;SC;DCA-Anexo I-C;Padrão;Outras Deduções da Receita;RO1.1.2.1.00.0.0;1.1.2.1.00.0.0 - Taxas pelo Exercício do Poder de Polícia;593,23;14531
2023;Prefeitura Municipal de Ilhota - SC;4207106;SC;DCA-Anexo I-C;Padrão;Receitas Brutas Realizadas;RO1.1.2.1.01.0.0;1.1.2.1.01.0.0 - Taxas de Inspeção, Controle e Fiscalização;1188523,93;14531
2023;Prefeitura Municipal de Ilhota - SC;4207106;SC;DCA-Anexo I-C;Padrão;Outras Deduções da Receita;RO1.1.2.1.01.0.0;1.1.2.1.01.0.0 - Taxas de Inspeção, Controle e Fiscalização;471,94;14531
2023;Prefeitura Municipal de Ilhota - SC;4207106;SC;DCA-Anexo I-C;Padrão;Receitas Brutas Realizadas;RO1.1.2.1.04.0.0;1.1.2.1.04.0.0 - Taxa de Controle e Fiscalização Ambiental;306652,04;14531
2023;Prefeitura Municipal de Ilhota - SC;4207106;SC;DCA-Anexo I-C;Padrão;Outras Deduções da Receita;RO1.1.2.1.04.0.0;1.1.2.1.04.0.0 - Taxa de Controle e Fiscalização Ambiental;115,77;14531
2023;Prefeitura Municipal de Ilhota - SC;4207106;SC;DCA-Anexo I-C;Padrão;Receitas Brutas Realizadas;RO1.1.2.1.50.0.0;1.1.2.1.50.0.0 - Taxa de Fiscalização de Vigilância Sanitária;69475,48;14531
2023;Prefeitura Municipal de Ilhota - SC;4207106;SC;DCA-Anexo I-C;Padrão;Outras Deduções da Receita;RO1.1.2.1.50.0.0;1.1.2.1.50.0.0 - Taxa de Fiscalização de Vigilância Sanitária;5,52;14531
2023;Prefeitura Municipal de Ilhota - SC;4207106;SC;DCA-Anexo I-C;Padrão;Receitas Brutas Realizadas;RO1.1.2.2.00.0.0;1.1.2.2.00.0.0 - Taxas pela Prestação de Serviços;1324308,48;14531
2023;Prefeitura Municipal de Ilhota - SC;4207106;SC;DCA-Anexo I-C;Padrão;Outras Deduções da Receita;RO1.1.2.2.00.0.0;1.1.2.2.00.0.0 - Taxas pela Prestação de Serviços;162,21;14531
2023;Prefeitura Municipal de Ilhota - SC;4207106;SC;DCA-Anexo I-C;Padrão;Receitas Brutas Realizadas;RO1.1.2.2.01.0.0;1.1.2.2.01.0.0 - Taxas pela Prestação de Serviços em Geral;1324308,48;14531
2023;Prefeitura Municipal de Ilhota - SC;4207106;SC;DCA-Anexo I-C;Padrão;Outras Deduções da Receita;RO1.1.2.2.01.0.0;1.1.2.2.01.0.0 - Taxas pela Prestação de Serviços em Geral;162,21;14531
2023;Prefeitura Municipal de Ilhota - SC;4207106;SC;DCA-Anexo I-C;Padrão;Receitas Brutas Realizadas;RO1.2.0.0.00.0.0;1.2.0.0.00.0.0 - Contribuições;3081768,40;14531
2023;Prefeitura Municipal de Ilhota - SC;4207106;SC;DCA-Anexo I-C;Padrão;Receitas Brutas Realizadas;RO1.2.1.0.00.0.0;1.2.1.0.00.0.0 - Contribuições Sociais;1479063,40;14531
2023;Prefeitura Municipal de Ilhota - SC;4207106;SC;DCA-Anexo I-C;Padrão;Receitas Brutas Realizadas;RO1.2.1.5.00.0.0;1.2.1.5.00.0.0 - Contribuições para Regimes Próprios de Previdência e Sistema de Proteção Social;1479063,40;14531
2023;Prefeitura Municipal de Ilhota - SC;4207106;SC;DCA-Anexo I-C;Padrão;Receitas Brutas Realizadas;RO1.2.1.5.01.0.0;1.2.1.5.01.0.0 - Contribuição do Servidor Civil;1479063,40;14531
2023;Prefeitura Municipal de Ilhota - SC;4207106;SC;DCA-Anexo I-C;Padrão;Receitas Brutas Realizadas;RO1.2.1.5.01.1.0;1.2.1.5.01.1.0 - Contribuição do Servidor Civil Ativo;1462662,53;14531
2023;Prefeitura Municipal de Ilhota - SC;4207106;SC;DCA-Anexo I-C;Padrão;Receitas Brutas Realizadas;RO1.2.1.5.01.2.0;1.2.1.5.01.2.0 - Contribuição do Servidor Civil Inativo;16400,87;14531
2023;Prefeitura Municipal de Ilhota - SC;4207106;SC;DCA-Anexo I-C;Padrão;Receitas Brutas Realizadas;RO1.2.4.0.00.0.0;1.2.4.0.00.0.0 - Contribuição para o Custeio do Serviço de Iluminação Pública;1602705,00;14531
2023;Prefeitura Municipal de Ilhota - SC;4207106;SC;DCA-Anexo I-C;Padrão;Receitas Brutas Realizadas;RO1.3.0.0.00.0.0;1.3.0.0.00.0.0 - Receita Patrimonial;5963403,68;14531
2023;Prefeitura Municipal de Ilhota - SC;4207106;SC;DCA-Anexo I-C;Padrão;Outras Deduções da Receita;RO1.3.0.0.00.0.0;1.3.0.0.00.0.0 - Receita Patrimonial;67759,89;14531
2023;Prefeitura Municipal de Ilhota - SC;4207106;SC;DCA-Anexo I-C;Padrão;Receitas Brutas Realizadas;RO1.3.2.0.00.0.0;1.3.2.0.00.0.0 - Valores Mobiliários;5929403,24;14531
2023;Prefeitura Municipal de Ilhota - SC;4207106;SC;DCA-Anexo I-C;Padrão;Outras Deduções da Receita;RO1.3.2.0.00.0.0;1.3.2.0.00.0.0 - Valores Mobiliários;67759,89;14531
2023;Prefeitura Municipal de Ilhota - SC;4207106;SC;DCA-Anexo I-C;Padrão;Receitas Brutas Realizadas;RO1.3.2.1.00.0.0;1.3.2.1.00.0.0 - Juros e Correções Monetárias;5929403,24;14531
2023;Prefeitura Municipal de Ilhota - SC;4207106;SC;DCA-Anexo I-C;Padrão;Outras Deduções da Receita;RO1.3.2.1.00.0.0;1.3.2.1.00.0.0 - Juros e Correções Monetárias;67759,89;14531
2023;Prefeitura Municipal de Ilhota - SC;4207106;SC;DCA-Anexo I-C;Padrão;Receitas Brutas Realizadas;RO1.3.2.1.01.0.0;1.3.2.1.01.0.0 - Remuneração de Depósitos Bancários;2817095,41;14531
2023;Prefeitura Municipal de Ilhota - SC;4207106;SC;DCA-Anexo I-C;Padrão;Outras Deduções da Receita;RO1.3.2.1.01.0.0;1.3.2.1.01.0.0 - Remuneração de Depósitos Bancários;42406,28;14531
2023;Prefeitura Municipal de Ilhota - SC;4207106;SC;DCA-Anexo I-C;Padrão;Receitas Brutas Realizadas;RO1.3.2.1.04.0.0;1.3.2.1.04.0.0 - Remuneração dos Recursos do Regime Próprio de Previdência Social - RPPS;3112307,83;14531
2023;Prefeitura Municipal de Ilhota - SC;4207106;SC;DCA-Anexo I-C;Padrão;Outras Deduções da Receita;RO1.3.2.1.04.0.0;1.3.2.1.04.0.0 - Remuneração dos Recursos do Regime Próprio de Previdência Social - RPPS;25353,61;14531
2023;Prefeitura Municipal de Ilhota - SC;4207106;SC;DCA-Anexo I-C;Padrão;Receitas Brutas Realizadas;RO1.3.6.0.00.0.0;1.3.6.0.00.0.0 - Cessão de Direitos;34000,44;14531
2023;Prefeitura Municipal de Ilhota - SC;4207106;SC;DCA-Anexo I-C;Padrão;Receitas Brutas Realizadas;RO1.3.6.1.00.0.0;1.3.6.1.00.0.0 - Cessão de Direitos;34000,44;14531
2023;Prefeitura Municipal de Ilhota - SC;4207106;SC;DCA-Anexo I-C;Padrão;Receitas Brutas Realizadas;RO1.3.6.1.01.0.0;1.3.6.1.01.0.0 - Cessão do Direito de Operacionalização de Pagamentos;34000,44;14531
2023;Prefeitura Municipal de Ilhota - SC;4207106;SC;DCA-Anexo I-C;Padrão;Receitas Brutas Realizadas;RO1.3.6.1.01.1.0;1.3.6.1.01.1.0 - Cessão do Direito de Operacionalização de Pagamentos - Poderes Executivo e Legislativo;34000,44;14531
2023;Prefeitura Municipal de Ilhota - SC;4207106;SC;DCA-Anexo I-C;Padrão;Receitas Brutas Realizadas;RO1.6.0.0.00.0.0;1.6.0.0.00.0.0 - Receita de Serviços;4294964,18;14531
2023;Prefeitura Municipal de Ilhota - SC;4207106;SC;DCA-Anexo I-C;Padrão;Receitas Brutas Realizadas;RO1.6.1.0.00.0.0;1.6.1.0.00.0.0 - Serviços Administrativos e Comerciais Gerais;6950,95;14531
2023;Prefeitura Municipal de Ilhota - SC;4207106;SC;DCA-Anexo I-C;Padrão;Receitas Brutas Realizadas;RO1.6.1.1.00.0.0;1.6.1.1.00.0.0 - Serviços Administrativos e Comerciais Gerais;6950,95;14531
2023;Prefeitura Municipal de Ilhota - SC;4207106;SC;DCA-Anexo I-C;Padrão;Receitas Brutas Realizadas;RO1.6.1.1.02.0.0;1.6.1.1.02.0.0 - Inscrição em Concursos e Processos Seletivos;6950,95;14531
2023;Prefeitura Municipal de Ilhota - SC;4207106;SC;DCA-Anexo I-C;Padrão;Receitas Brutas Realizadas;RO1.6.9.0.00.0.0;1.6.9.0.00.0.0 - Outros Serviços;4288013,23;14531
2023;Prefeitura Municipal de Ilhota - SC;4207106;SC;DCA-Anexo I-C;Padrão;Receitas Brutas Realizadas;RO1.7.0.0.00.0.0;1.7.0.0.00.0.0 - Transferências Correntes;90109060,10;14531
2023;Prefeitura Municipal de Ilhota - SC;4207106;SC;DCA-Anexo I-C;Padrão;Deduções - FUNDEB;RO1.7.0.0.00.0.0;1.7.0.0.00.0.0 - Transferências Correntes;11287654,80;14531
2023;Prefeitura Municipal de Ilhota - SC;4207106;SC;DCA-Anexo I-C;Padrão;Receitas Brutas Realizadas;RO1.7.1.0.00.0.0;1.7.1.0.00.0.0 - Transferências da União e de suas Entidades;33970196,02;14531
2023;Prefeitura Municipal de Ilhota - SC;4207106;SC;DCA-Anexo I-C;Padrão;Deduções - FUNDEB;RO1.7.1.0.00.0.0;1.7.1.0.00.0.0 - Transferências da União e de suas Entidades;4380419,43;14531
2023;Prefeitura Municipal de Ilhota - SC;4207106;SC;DCA-Anexo I-C;Padrão;Receitas Brutas Realizadas;RO1.7.1.1.00.0.0;1.7.1.1.00.0.0 - Transferências Decorrentes de Participação na Receita da União;24252833,52;14531
2023;Prefeitura Municipal de Ilhota - SC;4207106;SC;DCA-Anexo I-C;Padrão;Deduções - FUNDEB;RO1.7.1.1.00.0.0;1.7.1.1.00.0.0 - Transferências Decorrentes de Participação na Receita da União;4379972,08;14531
2023;Prefeitura Municipal de Ilhota - SC;4207106;SC;DCA-Anexo I-C;Padrão;Receitas Brutas Realizadas;RO1.7.1.1.51.0.0;1.7.1.1.51.0.0 -Cota-Parte do Fundo de Participação dos Municípios - FPM;24165657,86;14531
2023;Prefeitura Municipal de Ilhota - SC;4207106;SC;DCA-Anexo I-C;Padrão;Deduções - FUNDEB;RO1.7.1.1.51.0.0;1.7.1.1.51.0.0 -Cota-Parte do Fundo de Participação dos Municípios - FPM;4362537,09;14531
2023;Prefeitura Municipal de Ilhota - SC;4207106;SC;DCA-Anexo I-C;Padrão;Receitas Brutas Realizadas;RO1.7.1.1.51.1.0;1.7.1.1.51.1.0 - Cota-Parte do Fundo de Participação dos Municípios - Cota Mensal;21812687,02;14531
2023;Prefeitura Municipal de Ilhota - SC;4207106;SC;DCA-Anexo I-C;Padrão;Deduções - FUNDEB;RO1.7.1.1.51.1.0;1.7.1.1.51.1.0 - Cota-Parte do Fundo de Participação dos Municípios - Cota Mensal;4362537,09;14531
2023;Prefeitura Municipal de Ilhota - SC;4207106;SC;DCA-Anexo I-C;Padrão;Receitas Brutas Realizadas;RO1.7.1.1.51.2.0;1.7.1.1.51.2.0 - Cota-Parte do Fundo de Participação dos Municípios - Cotas Extraordinárias;2352970,84;14531
2023;Prefeitura Municipal de Ilhota - SC;4207106;SC;DCA-Anexo I-C;Padrão;Receitas Brutas Realizadas;RO1.7.1.1.52.0.0;1.7.1.1.52.0.0 - Cota-Parte do Imposto Sobre a Propriedade Territorial Rural;87175,66;14531
2023;Prefeitura Municipal de Ilhota - SC;4207106;SC;DCA-Anexo I-C;Padrão;Deduções - FUNDEB;RO1.7.1.1.52.0.0;1.7.1.1.52.0.0 - Cota-Parte do Imposto Sobre a Propriedade Territorial Rural;17434,99;14531
2023;Prefeitura Municipal de Ilhota - SC;4207106;SC;DCA-Anexo I-C;Padrão;Receitas Brutas Realizadas;RO1.7.1.2.00.0.0;1.7.1.2.00.0.0 -Transferências das Compensações Financeiras pela Exploração de Recursos Naturais;509138,73;14531
2023;Prefeitura Municipal de Ilhota - SC;4207106;SC;DCA-Anexo I-C;Padrão;Receitas Brutas Realizadas;RO1.7.1.2.51.0.0;1.7.1.2.51.0.0 -Cota-parte da Compensação Financeira pela Exploração de Recursos Minerais - CFEM;34427,57;14531
2023;Prefeitura Municipal de Ilhota - SC;4207106;SC;DCA-Anexo I-C;Padrão;Receitas Brutas Realizadas;RO1.7.1.2.52.0.0;1.7.1.2.52.0.0 - Cota-parte da Compensação Financeira pela Produção de Petróleo;474711,16;14531
2023;Prefeitura Municipal de Ilhota - SC;4207106;SC;DCA-Anexo I-C;Padrão;Receitas Brutas Realizadas;RO1.7.1.2.52.4.0;1.7.1.2.52.4.0 - Cota-Parte do Fundo Especial do Petróleo ¿ FEP;474711,16;14531
2023;Prefeitura Municipal de Ilhota - SC;4207106;SC;DCA-Anexo I-C;Padrão;Receitas Brutas Realizadas;RO1.7.1.3.00.0.0;1.7.1.3.00.0.0 -Transferências de Recursos do Sistema Único de Saúde ¿ SUS ;3317944,83;14531
2023;Prefeitura Municipal de Ilhota - SC;4207106;SC;DCA-Anexo I-C;Padrão;Receitas Brutas Realizadas;RO1.7.1.3.50.0.0;1.7.1.3.50.0.0 - Transferências de Recursos do Sistema Único de Saúde ¿ SUS ¿ Repasses Fundo a Fundo - Bloco de Manutenção das Ações e Serviços Públicos de Saúde;3317944,83;14531
2023;Prefeitura Municipal de Ilhota - SC;4207106;SC;DCA-Anexo I-C;Padrão;Receitas Brutas Realizadas;RO1.7.1.3.50.1.0;1.7.1.3.50.1.0 - Transferências de Recursos do Bloco de Manutenção das Ações e Serviços Públicos de Saúde ¿ Atenção Primária;2855947,94;14531
2023;Prefeitura Municipal de Ilhota - SC;4207106;SC;DCA-Anexo I-C;Padrão;Receitas Brutas Realizadas;RO1.7.1.3.50.2.0;1.7.1.3.50.2.0 - Transferências de Recursos do Bloco de Manutenção das Ações e Serviços Públicos de Saúde ¿ Atenção Especializada;225783,42;14531
2023;Prefeitura Municipal de Ilhota - SC;4207106;SC;DCA-Anexo I-C;Padrão;Receitas Brutas Realizadas;RO1.7.1.3.50.3.0;1.7.1.3.50.3.0 - Transferências de Recursos do Bloco de Manutenção das Ações e Serviços Públicos de Saúde ¿ Vigilância em Saúde;98794,43;14531
2023;Prefeitura Municipal de Ilhota - SC;4207106;SC;DCA-Anexo I-C;Padrão;Receitas Brutas Realizadas;RO1.7.1.3.50.4.0;1.7.1.3.50.4.0 -Transferências de Recursos do Bloco de Manutenção das Ações e Serviços Públicos de Saúde ¿ Assistência Farmacêutica;83685,60;14531
2023;Prefeitura Municipal de Ilhota - SC;4207106;SC;DCA-Anexo I-C;Padrão;Receitas Brutas Realizadas;RO1.7.1.3.50.5.0;1.7.1.3.50.5.0 - Transferências de Recursos do Bloco de Manutenção das Ações e Serviços Públicos de Saúde ¿ Gestão do SUS;53733,44;14531
2023;Prefeitura Municipal de Ilhota - SC;4207106;SC;DCA-Anexo I-C;Padrão;Receitas Brutas Realizadas;RO1.7.1.4.00.0.0;1.7.1.4.00.0.0 -Transferências de Recursos do Fundo Nacional do Desenvolvimento da Educação ¿ FNDE¿ ;2568858,14;14531
2023;Prefeitura Municipal de Ilhota - SC;4207106;SC;DCA-Anexo I-C;Padrão;Receitas Brutas Realizadas;RO1.7.1.4.50.0.0;1.7.1.4.50.0.0 - Transferências do Salário-Educação;1810849,30;14531
2023;Prefeitura Municipal de Ilhota - SC;4207106;SC;DCA-Anexo I-C;Padrão;Receitas Brutas Realizadas;RO1.7.1.4.52.0.0;1.7.1.4.52.0.0 - Transferências referentes ao Programa Nacional de Alimentação Escolar ¿ PNAE;392906,20;14531
2023;Prefeitura Municipal de Ilhota - SC;4207106;SC;DCA-Anexo I-C;Padrão;Receitas Brutas Realizadas;RO1.7.1.4.53.0.0;1.7.1.4.53.0.0 - Transferências referentes ao Programa Nacional de Apoio ao Transporte do Escolar ¿ PNATE;161915,94;14531
2023;Prefeitura Municipal de Ilhota - SC;4207106;SC;DCA-Anexo I-C;Padrão;Receitas Brutas Realizadas;RO1.7.1.4.99.0.0;1.7.1.4.99.0.0 - Outras Transferências Diretas do Fundo Nacional do Desenvolvimento da Educação - FNDE;203186,70;14531
2023;Prefeitura Municipal de Ilhota - SC;4207106;SC;DCA-Anexo I-C;Padrão;Receitas Brutas Realizadas;RO1.7.1.5.00.0.0;1.7.1.5.00.0.0 - Transferências de Recursos de Complementação da União ao Fundo de Manutenção e Desenvolvimento da Educação Básica e de Valorização dos Profissionais da Educação ¿ FUNDEB ;2043936,40;14531
2023;Prefeitura Municipal de Ilhota - SC;4207106;SC;DCA-Anexo I-C;Padrão;Receitas Brutas Realizadas;RO1.7.1.6.00.0.0;1.7.1.6.00.0.0 - Transferências de Recursos do Fundo Nacional de Assistência Social ¿ FNAS;168771,61;14531
2023;Prefeitura Municipal de Ilhota - SC;4207106;SC;DCA-Anexo I-C;Padrão;Receitas Brutas Realizadas;RO1.7.1.9.00.0.0;1.7.1.9.00.0.0 - Outras Transferências de Recursos da União e de suas Entidades;1108712,79;14531
2023;Prefeitura Municipal de Ilhota - SC;4207106;SC;DCA-Anexo I-C;Padrão;Deduções - FUNDEB;RO1.7.1.9.00.0.0;1.7.1.9.00.0.0 - Outras Transferências de Recursos da União e de suas Entidades;447,35;14531
2023;Prefeitura Municipal de Ilhota - SC;4207106;SC;DCA-Anexo I-C;Padrão;Receitas Brutas Realizadas;RO1.7.1.9.57.0.0;1.7.1.9.57.0.0 - Transferência Especial da União;300000,00;14531
2023;Prefeitura Municipal de Ilhota - SC;4207106;SC;DCA-Anexo I-C;Padrão;Receitas Brutas Realizadas;RO1.7.1.9.58.0.0;1.7.1.9.58.0.0 - Transferência Obrigatória Decorrente da Lei Complementar nº 176/2020;73619,40;14531
2023;Prefeitura Municipal de Ilhota - SC;4207106;SC;DCA-Anexo I-C;Padrão;Receitas Brutas Realizadas;RO1.7.1.9.61.0.0;1.7.1.9.61.0.0 - Auxílio Financeiro - Outorga Crédito Tributário ICMS - Art. 5º, Inciso V, EC nº 123/2022;2236,76;14531
2023;Prefeitura Municipal de Ilhota - SC;4207106;SC;DCA-Anexo I-C;Padrão;Deduções - FUNDEB;RO1.7.1.9.61.0.0;1.7.1.9.61.0.0 - Auxílio Financeiro - Outorga Crédito Tributário ICMS - Art. 5º, Inciso V, EC nº 123/2022;447,35;14531
2023;Prefeitura Municipal de Ilhota - SC;4207106;SC;DCA-Anexo I-C;Padrão;Receitas Brutas Realizadas;RO1.7.1.9.99.0.0;1.7.1.9.99.0.0 - Outras Transferências de Recursos da União e de suas Entidades;732856,63;14531
2023;Prefeitura Municipal de Ilhota - SC;4207106;SC;DCA-Anexo I-C;Padrão;Receitas Brutas Realizadas;RO1.7.2.0.00.0.0;1.7.2.0.00.0.0 - Transferências dos Estados e do Distrito Federal e de suas Entidades;36471852,71;14531
2023;Prefeitura Municipal de Ilhota - SC;4207106;SC;DCA-Anexo I-C;Padrão;Deduções - FUNDEB;RO1.7.2.0.00.0.0;1.7.2.0.00.0.0 - Transferências dos Estados e do Distrito Federal e de suas Entidades;6907235,37;14531
2023;Prefeitura Municipal de Ilhota - SC;4207106;SC;DCA-Anexo I-C;Padrão;Receitas Brutas Realizadas;RO1.7.2.1.00.0.0;1.7.2.1.00.0.0 - Participação na Receita dos Estados e Distrito Federal;34291898,72;14531
2023;Prefeitura Municipal de Ilhota - SC;4207106;SC;DCA-Anexo I-C;Padrão;Deduções - FUNDEB;RO1.7.2.1.00.0.0;1.7.2.1.00.0.0 - Participação na Receita dos Estados e Distrito Federal;6857739,90;14531
2023;Prefeitura Municipal de Ilhota - SC;4207106;SC;DCA-Anexo I-C;Padrão;Receitas Brutas Realizadas;RO1.7.2.1.50.0.0;1.7.2.1.50.0.0 - Cota-Parte do ICMS;31005433,32;14531
2023;Prefeitura Municipal de Ilhota - SC;4207106;SC;DCA-Anexo I-C;Padrão;Deduções - FUNDEB;RO1.7.2.1.50.0.0;1.7.2.1.50.0.0 - Cota-Parte do ICMS;6201085,51;14531
2023;Prefeitura Municipal de Ilhota - SC;4207106;SC;DCA-Anexo I-C;Padrão;Receitas Brutas Realizadas;RO1.7.2.1.51.0.0;1.7.2.1.51.0.0 - Cota-Parte do IPVA;2998873,52;14531
2023;Prefeitura Municipal de Ilhota - SC;4207106;SC;DCA-Anexo I-C;Padrão;Deduções - FUNDEB;RO1.7.2.1.51.0.0;1.7.2.1.51.0.0 - Cota-Parte do IPVA;599773,73;14531
2023;Prefeitura Municipal de Ilhota - SC;4207106;SC;DCA-Anexo I-C;Padrão;Receitas Brutas Realizadas;RO1.7.2.1.52.0.0;1.7.2.1.52.0.0 - Cota-Parte do IPI - Municípios;284403,40;14531
2023;Prefeitura Municipal de Ilhota - SC;4207106;SC;DCA-Anexo I-C;Padrão;Deduções - FUNDEB;RO1.7.2.1.52.0.0;1.7.2.1.52.0.0 - Cota-Parte do IPI - Municípios;56880,66;14531
2023;Prefeitura Municipal de Ilhota - SC;4207106;SC;DCA-Anexo I-C;Padrão;Receitas Brutas Realizadas;RO1.7.2.1.53.0.0;1.7.2.1.53.0.0 - Cota-Parte da Contribuição de Intervenção no Domínio Econômico;3188,48;14531
2023;Prefeitura Municipal de Ilhota - SC;4207106;SC;DCA-Anexo I-C;Padrão;Receitas Brutas Realizadas;RO1.7.2.3.00.0.0;1.7.2.3.00.0.0 - Transferências de Recursos do Sistema Único de Saúde ¿ SUS;382029,59;14531
2023;Prefeitura Municipal de Ilhota - SC;4207106;SC;DCA-Anexo I-C;Padrão;Receitas Brutas Realizadas;RO1.7.2.9.00.0.0;1.7.2.9.00.0.0 - Outras Transferências dos Estados e Distrito Federal;1797924,40;14531
2023;Prefeitura Municipal de Ilhota - SC;4207106;SC;DCA-Anexo I-C;Padrão;Deduções - FUNDEB;RO1.7.2.9.00.0.0;1.7.2.9.00.0.0 - Outras Transferências dos Estados e Distrito Federal;49495,47;14531
2023;Prefeitura Municipal de Ilhota - SC;4207106;SC;DCA-Anexo I-C;Padrão;Receitas Brutas Realizadas;RO1.7.2.9.51.0.0;1.7.2.9.51.0.0 - Transferências de Estados destinadas à Assistência Social;109029,07;14531
2023;Prefeitura Municipal de Ilhota - SC;4207106;SC;DCA-Anexo I-C;Padrão;Receitas Brutas Realizadas;RO1.7.2.9.52.0.0;1.7.2.9.52.0.0 - Transferências de Recursos Destinados a Programas de Educação;1441297,70;14531
2023;Prefeitura Municipal de Ilhota - SC;4207106;SC;DCA-Anexo I-C;Padrão;Receitas Brutas Realizadas;RO1.7.2.9.53.0.0;1.7.2.9.53.0.0 - Cota-Parte da Transferência da Compensação Financeira das Perdas com Arrecadação de ICMS - LC nº 194/2022;247477,35;14531
2023;Prefeitura Municipal de Ilhota - SC;4207106;SC;DCA-Anexo I-C;Padrão;Deduções - FUNDEB;RO1.7.2.9.53.0.0;1.7.2.9.53.0.0 - Cota-Parte da Transferência da Compensação Financeira das Perdas com Arrecadação de ICMS - LC nº 194/2022;49495,47;14531
2023;Prefeitura Municipal de Ilhota - SC;4207106;SC;DCA-Anexo I-C;Padrão;Receitas Brutas Realizadas;RO1.7.2.9.99.0.0;1.7.2.9.99.0.0 - Outras Transferências dos Estados e DF;120,28;14531
2023;Prefeitura Municipal de Ilhota - SC;4207106;SC;DCA-Anexo I-C;Padrão;Receitas Brutas Realizadas;RO1.7.5.0.00.0.0;1.7.5.0.00.0.0 - Transferências de Outras Instituições Públicas;19664379,35;14531
2023;Prefeitura Municipal de Ilhota - SC;4207106;SC;DCA-Anexo I-C;Padrão;Receitas Brutas Realizadas;RO1.7.5.1.00.0.0;1.7.5.1.00.0.0 - Transferências de Recursos do Fundo de Manutenção e Desenvolvimento da Educação Básica e de Valorização dos Profissionais da Educação - FUNDEB;19664379,35;14531
2023;Prefeitura Municipal de Ilhota - SC;4207106;SC;DCA-Anexo I-C;Padrão;Receitas Brutas Realizadas;RO1.7.9.0.00.0.0;1.7.9.0.00.0.0 - Demais Transferências Correntes;2632,02;14531
2023;Prefeitura Municipal de Ilhota - SC;4207106;SC;DCA-Anexo I-C;Padrão;Receitas Brutas Realizadas;RO1.7.9.1.00.0.0;1.7.9.1.00.0.0 - Transferências de Pessoas Físicas;2632,02;14531
2023;Prefeitura Municipal de Ilhota - SC;4207106;SC;DCA-Anexo I-C;Padrão;Receitas Brutas Realizadas;RO1.7.9.1.99.0.0;1.7.9.1.99.0.0 - Outras Transferências de Pessoas Físicas;2632,02;14531
2023;Prefeitura Municipal de Ilhota - SC;4207106;SC;DCA-Anexo I-C;Padrão;Receitas Brutas Realizadas;RO1.9.0.0.00.0.0;1.9.0.0.00.0.0 - Outras Receitas Correntes;155249,20;14531
2023;Prefeitura Municipal de Ilhota - SC;4207106;SC;DCA-Anexo I-C;Padrão;Receitas Brutas Realizadas;RO1.9.1.0.00.0.0;1.9.1.0.00.0.0 - Multas Administrativas, Contratuais e Judiciais;51168,21;14531
2023;Prefeitura Municipal de Ilhota - SC;4207106;SC;DCA-Anexo I-C;Padrão;Receitas Brutas Realizadas;RO1.9.1.1.00.0.0;1.9.1.1.00.0.0 - Multas Administrativas, Contratuais e Judiciais;51168,21;14531
2023;Prefeitura Municipal de Ilhota - SC;4207106;SC;DCA-Anexo I-C;Padrão;Receitas Brutas Realizadas;RO1.9.1.1.09.0.0;1.9.1.1.09.0.0 - Multas e Juros Previstos em Contratos;490,00;14531
2023;Prefeitura Municipal de Ilhota - SC;4207106;SC;DCA-Anexo I-C;Padrão;Receitas Brutas Realizadas;RO1.9.1.1.14.0.0;1.9.1.1.14.0.0 - Multas Previstas no Código de Trânsito Brasileiro - CTB;50678,21;14531
2023;Prefeitura Municipal de Ilhota - SC;4207106;SC;DCA-Anexo I-C;Padrão;Receitas Brutas Realizadas;RO1.9.2.0.00.0.0;1.9.2.0.00.0.0 - Indenizações, Restituições e Ressarcimentos;10575,94;14531
2023;Prefeitura Municipal de Ilhota - SC;4207106;SC;DCA-Anexo I-C;Padrão;Receitas Brutas Realizadas;RO1.9.2.2.00.0.0;1.9.2.2.00.0.0 - Restituições;343,00;14531
2023;Prefeitura Municipal de Ilhota - SC;4207106;SC;DCA-Anexo I-C;Padrão;Receitas Brutas Realizadas;RO1.9.2.2.99.0.0;1.9.2.2.99.0.0 - Outras Restituições;343,00;14531
2023;Prefeitura Municipal de Ilhota - SC;4207106;SC;DCA-Anexo I-C;Padrão;Receitas Brutas Realizadas;RO1.9.2.3.00.0.0;1.9.2.3.00.0.0 - Ressarcimentos;10232,94;14531
2023;Prefeitura Municipal de Ilhota - SC;4207106;SC;DCA-Anexo I-C;Padrão;Receitas Brutas Realizadas;RO1.9.2.3.99.0.0;1.9.2.3.99.0.0 - Outros Ressarcimentos;10232,94;14531
2023;Prefeitura Municipal de Ilhota - SC;4207106;SC;DCA-Anexo I-C;Padrão;Receitas Brutas Realizadas;RO1.9.9.0.00.0.0;1.9.9.0.00.0.0 - Demais Receitas Correntes;93505,05;14531
2023;Prefeitura Municipal de Ilhota - SC;4207106;SC;DCA-Anexo I-C;Padrão;Receitas Brutas Realizadas;RO1.9.9.9.00.0.0;1.9.9.9.00.0.0 - Outras Receitas Correntes;93505,05;14531
2023;Prefeitura Municipal de Ilhota - SC;4207106;SC;DCA-Anexo I-C;Padrão;Receitas Brutas Realizadas;RO1.9.9.9.12.0.0;1.9.9.9.12.0.0 - Encargos Legais pela Inscrição em Dívida Ativa e Receitas de Ônus de Sucumbência;93505,05;14531
2023;Prefeitura Municipal de Ilhota - SC;4207106;SC;DCA-Anexo I-C;Padrão;Receitas Brutas Realizadas;RO1.9.9.9.12.2.0;1.9.9.9.12.2.0 - Ônus de Sucumbência;93505,05;14531
2023;Prefeitura Municipal de Ilhota - SC;4207106;SC;DCA-Anexo I-C;Padrão;Receitas Brutas Realizadas;RO2.0.0.0.00.0.0;2.0.0.0.00.0.0 - Receitas de Capital;8663632,13;14531
2023;Prefeitura Municipal de Ilhota - SC;4207106;SC;DCA-Anexo I-C;Padrão;Receitas Brutas Realizadas;RO2.1.0.0.00.0.0;2.1.0.0.00.0.0 - Operações de Crédito;4262067,96;14531
2023;Prefeitura Municipal de Ilhota - SC;4207106;SC;DCA-Anexo I-C;Padrão;Receitas Brutas Realizadas;RO2.1.1.0.00.0.0;2.1.1.0.00.0.0 - Operações de Crédito - Mercado Interno;4262067,96;14531
2023;Prefeitura Municipal de Ilhota - SC;4207106;SC;DCA-Anexo I-C;Padrão;Receitas Brutas Realizadas;RO2.1.1.2.00.0.0;2.1.1.2.00.0.0 - Operações de Crédito Contratuais - Mercado Interno;4262067,96;14531
2023;Prefeitura Municipal de Ilhota - SC;4207106;SC;DCA-Anexo I-C;Padrão;Receitas Brutas Realizadas;RO2.1.1.2.01.0.0;2.1.1.2.01.0.0 - Operações de Crédito Contratuais - Mercado Interno;4262067,96;14531
2023;Prefeitura Municipal de Ilhota - SC;4207106;SC;DCA-Anexo I-C;Padrão;Receitas Brutas Realizadas;RO2.2.0.0.00.0.0;2.2.0.0.00.0.0 - Alienação de Bens;365558,01;14531
2023;Prefeitura Municipal de Ilhota - SC;4207106;SC;DCA-Anexo I-C;Padrão;Receitas Brutas Realizadas;RO2.2.1.0.00.0.0;2.2.1.0.00.0.0 - Alienação de Bens Móveis;365558,01;14531
2023;Prefeitura Municipal de Ilhota - SC;4207106;SC;DCA-Anexo I-C;Padrão;Receitas Brutas Realizadas;RO2.2.1.3.00.0.0;2.2.1.3.00.0.0 - Alienação de Bens Móveis e Semoventes;365558,01;14531
2023;Prefeitura Municipal de Ilhota - SC;4207106;SC;DCA-Anexo I-C;Padrão;Receitas Brutas Realizadas;RO2.4.0.0.00.0.0;2.4.0.0.00.0.0 - Transferências de Capital;4036006,16;14531
2023;Prefeitura Municipal de Ilhota - SC;4207106;SC;DCA-Anexo I-C;Padrão;Receitas Brutas Realizadas;RO2.4.1.0.00.0.0;2.4.1.0.00.0.0 - Transferências da União e de suas Entidades;1370114,94;14531
2023;Prefeitura Municipal de Ilhota - SC;4207106;SC;DCA-Anexo I-C;Padrão;Receitas Brutas Realizadas;RO2.4.1.9.00.0.0;2.4.1.9.00.0.0 - Outras Transferências de Recursos da União e de suas Entidades;1370114,94;14531
2023;Prefeitura Municipal de Ilhota - SC;4207106;SC;DCA-Anexo I-C;Padrão;Receitas Brutas Realizadas;RO2.4.1.9.51.0.0;2.4.1.9.51.0.0 - Transferência Especial da União;100000,00;14531
2023;Prefeitura Municipal de Ilhota - SC;4207106;SC;DCA-Anexo I-C;Padrão;Receitas Brutas Realizadas;RO2.4.1.9.99.0.0;2.4.1.9.99.0.0 - Outras Transferências De Recursos da União e de suas Entidades;1270114,94;14531
2023;Prefeitura Municipal de Ilhota - SC;4207106;SC;DCA-Anexo I-C;Padrão;Receitas Brutas Realizadas;RO2.4.2.0.00.0.0;2.4.2.0.00.0.0 - Transferências dos Estados e do Distrito Federal e de suas Entidades;2665891,22;14531
2023;Prefeitura Municipal de Ilhota - SC;4207106;SC;DCA-Anexo I-C;Padrão;Receitas Brutas Realizadas;RO2.4.2.9.00.0.0;2.4.2.9.00.0.0 - Outras Transferências de Recursos dos Estados;2665891,22;14531
2023;Prefeitura Municipal de Ilhota - SC;4207106;SC;DCA-Anexo I-C;Padrão;Receitas Brutas Realizadas;RO2.4.2.9.99.0.0;2.4.2.9.99.0.0 - Outras Transferências de Recursos dos Estados;2665891,22;14531
2023;Prefeitura Municipal de Ilhota - SC;4207106;SC;DCA-Anexo I-C;Padrão;Receitas Brutas Realizadas;ReceitasIntraOrcamentarias;RECEITAS (INTRA-ORÇAMENTÁRIAS) (II);3868611,16;14531
2023;Prefeitura Municipal de Ilhota - SC;4207106;SC;DCA-Anexo I-C;Padrão;Receitas Brutas Realizadas;RI7.0.0.0.00.0.0;7.0.0.0.00.0.0 - Receitas Correntes;3868611,16;14531
2023;Prefeitura Municipal de Ilhota - SC;4207106;SC;DCA-Anexo I-C;Padrão;Receitas Brutas Realizadas;RI7.2.0.0.00.0.0;7.2.0.0.00.0.0 - Contribuições;2206061,99;14531
2023;Prefeitura Municipal de Ilhota - SC;4207106;SC;DCA-Anexo I-C;Padrão;Receitas Brutas Realizadas;RI7.2.1.0.00.0.0;7.2.1.0.00.0.0 - Contribuições Sociais;2206061,99;14531
2023;Prefeitura Municipal de Ilhota - SC;4207106;SC;DCA-Anexo I-C;Padrão;Receitas Brutas Realizadas;RI7.2.1.5.00.0.0;7.2.1.5.00.0.0 - Contribuições para Regimes Próprios de Previdência e Sistema de Proteção Social;2206061,99;14531
2023;Prefeitura Municipal de Ilhota - SC;4207106;SC;DCA-Anexo I-C;Padrão;Receitas Brutas Realizadas;RI7.2.1.5.02.0.0;7.2.1.5.02.0.0 - Contribuição Patronal - Servidor Civil;1686219,50;14531
2023;Prefeitura Municipal de Ilhota - SC;4207106;SC;DCA-Anexo I-C;Padrão;Receitas Brutas Realizadas;RI7.2.1.5.02.1.0;7.2.1.5.02.1.0 - Contribuição Patronal - Servidor Civil Ativo;1686219,50;14531
2023;Prefeitura Municipal de Ilhota - SC;4207106;SC;DCA-Anexo I-C;Padrão;Receitas Brutas Realizadas;RI7.2.1.5.51.0.0;7.2.1.5.51.0.0 - Contribuição Patronal - Parcelamentos;519842,49;14531
2023;Prefeitura Municipal de Ilhota - SC;4207106;SC;DCA-Anexo I-C;Padrão;Receitas Brutas Realizadas;RI7.2.1.5.51.1.0;7.2.1.5.51.1.0 - Contribuição Patronal - Servidor Civil Ativo - Parcelamentos;519842,49;14531
2023;Prefeitura Municipal de Ilhota - SC;4207106;SC;DCA-Anexo I-C;Padrão;Receitas Brutas Realizadas;RI7.6.0.0.00.0.0;7.6.0.0.00.0.0 - Receita de Serviços;82133,05;14531
2023;Prefeitura Municipal de Ilhota - SC;4207106;SC;DCA-Anexo I-C;Padrão;Receitas Brutas Realizadas;RI7.6.9.0.00.0.0;7.6.9.0.00.0.0 - Outros Serviços;82133,05;14531
2023;Prefeitura Municipal de Ilhota - SC;4207106;SC;DCA-Anexo I-C;Padrão;Receitas Brutas Realizadas;RI7.9.0.0.00.0.0;7.9.0.0.00.0.0 - Outras Receitas Correntes;1580416,12;14531
2023;Prefeitura Municipal de Ilhota - SC;4207106;SC;DCA-Anexo I-C;Padrão;Receitas Brutas Realizadas;RI7.9.9.0.00.0.0;7.9.9.0.00.0.0 - Demais Receitas Correntes;1580416,12;14531
2023;Prefeitura Municipal de Ilhota - SC;4207106;SC;DCA-Anexo I-C;Padrão;Receitas Brutas Realizadas;RI7.9.9.9.00.0.0;7.9.9.9.00.0.0 - Outras Receitas Correntes;1580416,12;14531
2023;Prefeitura Municipal de Ilhota - SC;4207106;SC;DCA-Anexo I-C;Padrão;Receitas Brutas Realizadas;RI7.9.9.9.01.0.0;7.9.9.9.01.0.0 - Aportes Periódicos para Amortização de Déficit Atuarial do Regimes Próprios de Previdência e Sistema de Proteção Social;1580416,12;14531
2023;Prefeitura Municipal de Ilhota - SC;4207106;SC;DCA-Anexo I-C;Padrão;Receitas Brutas Realizadas;TotalReceitas;TOTAL DAS RECEITAS (III) = (I + II);130184085,00;14531
2023;Prefeitura Municipal de Ilhota - SC;4207106;SC;DCA-Anexo I-C;Padrão;Deduções - FUNDEB;TotalReceitas;TOTAL DAS RECEITAS (III) = (I + II);11287654,80;14531
2023;Prefeitura Municipal de Ilhota - SC;4207106;SC;DCA-Anexo I-C;Padrão;Outras Deduções da Receita;TotalReceitas;TOTAL DAS RECEITAS (III) = (I + II);324171,21;14531
2024;Prefeitura Municipal de Ilhota - SC;4207106;SC;DCA-Anexo I-C;Padrão;Receitas Brutas Realizadas;ReceitasExcetoIntraOrcamentarias;RECEITAS (EXCETO INTRA-ORÇAMENTÁRIAS) (I);140135301,71;20319
2024;Prefeitura Municipal de Ilhota - SC;4207106;SC;DCA-Anexo I-C;Padrão;Deduções - FUNDEB;ReceitasExcetoIntraOrcamentarias;RECEITAS (EXCETO INTRA-ORÇAMENTÁRIAS) (I);11982942,45;20319
2024;Prefeitura Municipal de Ilhota - SC;4207106;SC;DCA-Anexo I-C;Padrão;Outras Deduções da Receita;ReceitasExcetoIntraOrcamentarias;RECEITAS (EXCETO INTRA-ORÇAMENTÁRIAS) (I);190827,04;20319
2024;Prefeitura Municipal de Ilhota - SC;4207106;SC;DCA-Anexo I-C;Padrão;Receitas Brutas Realizadas;RO1.0.0.0.00.0.0;1.0.0.0.00.0.0 - Receitas Correntes;127789100,55;20319
2024;Prefeitura Municipal de Ilhota - SC;4207106;SC;DCA-Anexo I-C;Padrão;Deduções - FUNDEB;RO1.0.0.0.00.0.0;1.0.0.0.00.0.0 - Receitas Correntes;11982942,45;20319
2024;Prefeitura Municipal de Ilhota - SC;4207106;SC;DCA-Anexo I-C;Padrão;Outras Deduções da Receita;RO1.0.0.0.00.0.0;1.0.0.0.00.0.0 - Receitas Correntes;190827,04;20319
2024;Prefeitura Municipal de Ilhota - SC;4207106;SC;DCA-Anexo I-C;Padrão;Receitas Brutas Realizadas;RO1.1.0.0.00.0.0;1.1.0.0.00.0.0 - Impostos, Taxas e Contribuições de Melhoria;15915762,20;20319
2024;Prefeitura Municipal de Ilhota - SC;4207106;SC;DCA-Anexo I-C;Padrão;Outras Deduções da Receita;RO1.1.0.0.00.0.0;1.1.0.0.00.0.0 - Impostos, Taxas e Contribuições de Melhoria;152592,03;20319
2024;Prefeitura Municipal de Ilhota - SC;4207106;SC;DCA-Anexo I-C;Padrão;Receitas Brutas Realizadas;RO1.1.1.0.00.0.0;1.1.1.0.00.0.0 - Impostos;12807847,00;20319
2024;Prefeitura Municipal de Ilhota - SC;4207106;SC;DCA-Anexo I-C;Padrão;Outras Deduções da Receita;RO1.1.1.0.00.0.0;1.1.1.0.00.0.0 - Impostos;150882,66;20319
2024;Prefeitura Municipal de Ilhota - SC;4207106;SC;DCA-Anexo I-C;Padrão;Receitas Brutas Realizadas;RO1.1.1.2.00.0.0;1.1.1.2.00.0.0 - Impostos sobre o Patrimônio;3439894,32;20319
2024;Prefeitura Municipal de Ilhota - SC;4207106;SC;DCA-Anexo I-C;Padrão;Outras Deduções da Receita;RO1.1.1.2.00.0.0;1.1.1.2.00.0.0 - Impostos sobre o Patrimônio;67489,68;20319
2024;Prefeitura Municipal de Ilhota - SC;4207106;SC;DCA-Anexo I-C;Padrão;Receitas Brutas Realizadas;RO1.1.1.2.50.0.0;1.1.1.2.50.0.0 - Imposto sobre a Propriedade Predial e Territorial Urbana;2100315,09;20319
2024;Prefeitura Municipal de Ilhota - SC;4207106;SC;DCA-Anexo I-C;Padrão;Outras Deduções da Receita;RO1.1.1.2.50.0.0;1.1.1.2.50.0.0 - Imposto sobre a Propriedade Predial e Territorial Urbana;66085,57;20319
2024;Prefeitura Municipal de Ilhota - SC;4207106;SC;DCA-Anexo I-C;Padrão;Receitas Brutas Realizadas;RO1.1.1.2.53.0.0;"1.1.1.2.53.0.0 - Impostos sobre Transmissão ""Inter Vivos"" de Bens Imóveis e de Direitos Reais sobre Imóveis";1339579,23;20319
2024;Prefeitura Municipal de Ilhota - SC;4207106;SC;DCA-Anexo I-C;Padrão;Outras Deduções da Receita;RO1.1.1.2.53.0.0;"1.1.1.2.53.0.0 - Impostos sobre Transmissão ""Inter Vivos"" de Bens Imóveis e de Direitos Reais sobre Imóveis";1404,11;20319
2024;Prefeitura Municipal de Ilhota - SC;4207106;SC;DCA-Anexo I-C;Padrão;Receitas Brutas Realizadas;RO1.1.1.3.00.0.0;1.1.1.3.00.0.0 - Impostos sobre a Renda e Proventos de Qualquer Natureza;4042805,62;20319
2024;Prefeitura Municipal de Ilhota - SC;4207106;SC;DCA-Anexo I-C;Padrão;Outras Deduções da Receita;RO1.1.1.3.00.0.0;1.1.1.3.00.0.0 - Impostos sobre a Renda e Proventos de Qualquer Natureza;0,07;20319
2024;Prefeitura Municipal de Ilhota - SC;4207106;SC;DCA-Anexo I-C;Padrão;Receitas Brutas Realizadas;RO1.1.1.3.03.0.0;1.1.1.3.03.0.0 - Imposto sobre a Renda - Retido na Fonte;4042805,62;20319
2024;Prefeitura Municipal de Ilhota - SC;4207106;SC;DCA-Anexo I-C;Padrão;Outras Deduções da Receita;RO1.1.1.3.03.0.0;1.1.1.3.03.0.0 - Imposto sobre a Renda - Retido na Fonte;0,07;20319
2024;Prefeitura Municipal de Ilhota - SC;4207106;SC;DCA-Anexo I-C;Padrão;Receitas Brutas Realizadas;RO1.1.1.3.03.1.0;1.1.1.3.03.1.0 - Imposto sobre a Renda - Retido na Fonte - Trabalho;3279838,71;20319
2024;Prefeitura Municipal de Ilhota - SC;4207106;SC;DCA-Anexo I-C;Padrão;Receitas Brutas Realizadas;RO1.1.1.3.03.4.0;1.1.1.3.03.4.0 - Imposto sobre a Renda - Retido na Fonte - Outros Rendimentos;762966,91;20319
2024;Prefeitura Municipal de Ilhota - SC;4207106;SC;DCA-Anexo I-C;Padrão;Outras Deduções da Receita;RO1.1.1.3.03.4.0;1.1.1.3.03.4.0 - Imposto sobre a Renda - Retido na Fonte - Outros Rendimentos;0,07;20319
2024;Prefeitura Municipal de Ilhota - SC;4207106;SC;DCA-Anexo I-C;Padrão;Receitas Brutas Realizadas;RO1.1.1.4.00.0.0;1.1.1.4.00.0.0 - Impostos sobre a Produção e Circulação de Mercadorias e Serviços;5325147,06;20319
2024;Prefeitura Municipal de Ilhota - SC;4207106;SC;DCA-Anexo I-C;Padrão;Outras Deduções da Receita;RO1.1.1.4.00.0.0;1.1.1.4.00.0.0 - Impostos sobre a Produção e Circulação de Mercadorias e Serviços;83392,91;20319
2024;Prefeitura Municipal de Ilhota - SC;4207106;SC;DCA-Anexo I-C;Padrão;Receitas Brutas Realizadas;RO1.1.1.4.51.0.0;1.1.1.4.51.0.0 - Impostos sobre Serviços;5325147,06;20319
2024;Prefeitura Municipal de Ilhota - SC;4207106;SC;DCA-Anexo I-C;Padrão;Outras Deduções da Receita;RO1.1.1.4.51.0.0;1.1.1.4.51.0.0 - Impostos sobre Serviços;83392,91;20319
2024;Prefeitura Municipal de Ilhota - SC;4207106;SC;DCA-Anexo I-C;Padrão;Receitas Brutas Realizadas;RO1.1.1.4.51.1.0;1.1.1.4.51.1.0 - Imposto sobre Serviços de Qualquer Natureza - ISSQN;5325147,06;20319
2024;Prefeitura Municipal de Ilhota - SC;4207106;SC;DCA-Anexo I-C;Padrão;Outras Deduções da Receita;RO1.1.1.4.51.1.0;1.1.1.4.51.1.0 - Imposto sobre Serviços de Qualquer Natureza - ISSQN;83392,91;20319
2024;Prefeitura Municipal de Ilhota - SC;4207106;SC;DCA-Anexo I-C;Padrão;Receitas Brutas Realizadas;RO1.1.2.0.00.0.0;1.1.2.0.00.0.0 - Taxas;3107915,20;20319
2024;Prefeitura Municipal de Ilhota - SC;4207106;SC;DCA-Anexo I-C;Padrão;Outras Deduções da Receita;RO1.1.2.0.00.0.0;1.1.2.0.00.0.0 - Taxas;1709,37;20319
2024;Prefeitura Municipal de Ilhota - SC;4207106;SC;DCA-Anexo I-C;Padrão;Receitas Brutas Realizadas;RO1.1.2.1.00.0.0;1.1.2.1.00.0.0 - Taxas pelo Exercício do Poder de Polícia;2016197,89;20319
2024;Prefeitura Municipal de Ilhota - SC;4207106;SC;DCA-Anexo I-C;Padrão;Outras Deduções da Receita;RO1.1.2.1.00.0.0;1.1.2.1.00.0.0 - Taxas pelo Exercício do Poder de Polícia;1594,45;20319
2024;Prefeitura Municipal de Ilhota - SC;4207106;SC;DCA-Anexo I-C;Padrão;Receitas Brutas Realizadas;RO1.1.2.1.01.0.0;1.1.2.1.01.0.0 - Taxas de Inspeção, Controle e Fiscalização;1300446,37;20319
2024;Prefeitura Municipal de Ilhota - SC;4207106;SC;DCA-Anexo I-C;Padrão;Outras Deduções da Receita;RO1.1.2.1.01.0.0;1.1.2.1.01.0.0 - Taxas de Inspeção, Controle e Fiscalização;1397,62;20319
2024;Prefeitura Municipal de Ilhota - SC;4207106;SC;DCA-Anexo I-C;Padrão;Receitas Brutas Realizadas;RO1.1.2.1.04.0.0;1.1.2.1.04.0.0 - Taxa de Controle e Fiscalização Ambiental;635613,37;20319
2024;Prefeitura Municipal de Ilhota - SC;4207106;SC;DCA-Anexo I-C;Padrão;Outras Deduções da Receita;RO1.1.2.1.04.0.0;1.1.2.1.04.0.0 - Taxa de Controle e Fiscalização Ambiental;196,83;20319
2024;Prefeitura Municipal de Ilhota - SC;4207106;SC;DCA-Anexo I-C;Padrão;Receitas Brutas Realizadas;RO1.1.2.1.50.0.0;1.1.2.1.50.0.0 - Taxa de Fiscalização de Vigilância Sanitária;80138,15;20319
2024;Prefeitura Municipal de Ilhota - SC;4207106;SC;DCA-Anexo I-C;Padrão;Receitas Brutas Realizadas;RO1.1.2.2.00.0.0;1.1.2.2.00.0.0 - Taxas pela Prestação de Serviços;1091717,31;20319
2024;Prefeitura Municipal de Ilhota - SC;4207106;SC;DCA-Anexo I-C;Padrão;Outras Deduções da Receita;RO1.1.2.2.00.0.0;1.1.2.2.00.0.0 - Taxas pela Prestação de Serviços;114,92;20319
2024;Prefeitura Municipal de Ilhota - SC;4207106;SC;DCA-Anexo I-C;Padrão;Receitas Brutas Realizadas;RO1.1.2.2.01.0.0;1.1.2.2.01.0.0 - Taxas pela Prestação de Serviços em Geral;1091717,31;20319
2024;Prefeitura Municipal de Ilhota - SC;4207106;SC;DCA-Anexo I-C;Padrão;Outras Deduções da Receita;RO1.1.2.2.01.0.0;1.1.2.2.01.0.0 - Taxas pela Prestação de Serviços em Geral;114,92;20319
2024;Prefeitura Municipal de Ilhota - SC;4207106;SC;DCA-Anexo I-C;Padrão;Receitas Brutas Realizadas;RO1.2.0.0.00.0.0;1.2.0.0.00.0.0 - Contribuições;4297650,49;20319
2024;Prefeitura Municipal de Ilhota - SC;4207106;SC;DCA-Anexo I-C;Padrão;Receitas Brutas Realizadas;RO1.2.1.0.00.0.0;1.2.1.0.00.0.0 - Contribuições Sociais;2667683,56;20319
2024;Prefeitura Municipal de Ilhota - SC;4207106;SC;DCA-Anexo I-C;Padrão;Receitas Brutas Realizadas;RO1.2.1.5.00.0.0;1.2.1.5.00.0.0 - Contribuições para Regimes Próprios de Previdência e Sistema de Proteção Social;2667683,56;20319
2024;Prefeitura Municipal de Ilhota - SC;4207106;SC;DCA-Anexo I-C;Padrão;Receitas Brutas Realizadas;RO1.2.1.5.01.0.0;1.2.1.5.01.0.0 - Contribuição do Servidor Civil;2667683,56;20319
2024;Prefeitura Municipal de Ilhota - SC;4207106;SC;DCA-Anexo I-C;Padrão;Receitas Brutas Realizadas;RO1.2.1.5.01.1.0;1.2.1.5.01.1.0 - Contribuição do Servidor Civil Ativo;2659551,36;20319
2024;Prefeitura Municipal de Ilhota - SC;4207106;SC;DCA-Anexo I-C;Padrão;Receitas Brutas Realizadas;RO1.2.1.5.01.2.0;1.2.1.5.01.2.0 - Contribuição do Servidor Civil Inativo;8132,20;20319
2024;Prefeitura Municipal de Ilhota - SC;4207106;SC;DCA-Anexo I-C;Padrão;Receitas Brutas Realizadas;RO1.2.4.0.00.0.0;1.2.4.0.00.0.0 - Contribuição para o Custeio do Serviço de Iluminação Pública;1629966,93;20319
2024;Prefeitura Municipal de Ilhota - SC;4207106;SC;DCA-Anexo I-C;Padrão;Receitas Brutas Realizadas;RO1.3.0.0.00.0.0;1.3.0.0.00.0.0 - Receita Patrimonial;6793234,21;20319
2024;Prefeitura Municipal de Ilhota - SC;4207106;SC;DCA-Anexo I-C;Padrão;Outras Deduções da Receita;RO1.3.0.0.00.0.0;1.3.0.0.00.0.0 - Receita Patrimonial;36056,07;20319
2024;Prefeitura Municipal de Ilhota - SC;4207106;SC;DCA-Anexo I-C;Padrão;Receitas Brutas Realizadas;RO1.3.2.0.00.0.0;1.3.2.0.00.0.0 - Valores Mobiliários;5358107,14;20319
2024;Prefeitura Municipal de Ilhota - SC;4207106;SC;DCA-Anexo I-C;Padrão;Outras Deduções da Receita;RO1.3.2.0.00.0.0;1.3.2.0.00.0.0 - Valores Mobiliários;36056,07;20319
2024;Prefeitura Municipal de Ilhota - SC;4207106;SC;DCA-Anexo I-C;Padrão;Receitas Brutas Realizadas;RO1.3.2.1.00.0.0;1.3.2.1.00.0.0 - Juros e Correções Monetárias;5358107,14;20319
2024;Prefeitura Municipal de Ilhota - SC;4207106;SC;DCA-Anexo I-C;Padrão;Outras Deduções da Receita;RO1.3.2.1.00.0.0;1.3.2.1.00.0.0 - Juros e Correções Monetárias;36056,07;20319
2024;Prefeitura Municipal de Ilhota - SC;4207106;SC;DCA-Anexo I-C;Padrão;Receitas Brutas Realizadas;RO1.3.2.1.01.0.0;1.3.2.1.01.0.0 - Remuneração de Depósitos Bancários;2598765,26;20319
2024;Prefeitura Municipal de Ilhota - SC;4207106;SC;DCA-Anexo I-C;Padrão;Outras Deduções da Receita;RO1.3.2.1.01.0.0;1.3.2.1.01.0.0 - Remuneração de Depósitos Bancários;34451,90;20319
2024;Prefeitura Municipal de Ilhota - SC;4207106;SC;DCA-Anexo I-C;Padrão;Receitas Brutas Realizadas;RO1.3.2.1.04.0.0;1.3.2.1.04.0.0 - Remuneração dos Recursos do Regime Próprio de Previdência Social - RPPS;2759341,88;20319
2024;Prefeitura Municipal de Ilhota - SC;4207106;SC;DCA-Anexo I-C;Padrão;Outras Deduções da Receita;RO1.3.2.1.04.0.0;1.3.2.1.04.0.0 - Remuneração dos Recursos do Regime Próprio de Previdência Social - RPPS;1604,17;20319
2024;Prefeitura Municipal de Ilhota - SC;4207106;SC;DCA-Anexo I-C;Padrão;Receitas Brutas Realizadas;RO1.3.4.0.00.0.0;1.3.4.0.00.0.0 - Exploração de Recursos Naturais;1435127,07;20319
2024;Prefeitura Municipal de Ilhota - SC;4207106;SC;DCA-Anexo I-C;Padrão;Receitas Brutas Realizadas;RO1.3.4.5.00.0.0;1.3.4.5.00.0.0 - Exploração de Recursos Hídricos;1000000,00;20319
2024;Prefeitura Municipal de Ilhota - SC;4207106;SC;DCA-Anexo I-C;Padrão;Receitas Brutas Realizadas;RO1.3.4.5.01.0.0;1.3.4.5.01.0.0 - Outorga de Direitos de Uso de Recursos Hídricos;1000000,00;20319
2024;Prefeitura Municipal de Ilhota - SC;4207106;SC;DCA-Anexo I-C;Padrão;Receitas Brutas Realizadas;RO1.3.4.9.00.0.0;1.3.4.9.00.0.0 - Exploração de Outros Recursos Naturais;435127,07;20319
2024;Prefeitura Municipal de Ilhota - SC;4207106;SC;DCA-Anexo I-C;Padrão;Receitas Brutas Realizadas;RO1.3.4.9.01.0.0;1.3.4.9.01.0.0 - Compensações Ambientais;435127,07;20319
2024;Prefeitura Municipal de Ilhota - SC;4207106;SC;DCA-Anexo I-C;Padrão;Receitas Brutas Realizadas;RO1.6.0.0.00.0.0;1.6.0.0.00.0.0 - Receita de Serviços;1001716,42;20319
2024;Prefeitura Municipal de Ilhota - SC;4207106;SC;DCA-Anexo I-C;Padrão;Outras Deduções da Receita;RO1.6.0.0.00.0.0;1.6.0.0.00.0.0 - Receita de Serviços;1343,68;20319
2024;Prefeitura Municipal de Ilhota - SC;4207106;SC;DCA-Anexo I-C;Padrão;Receitas Brutas Realizadas;RO1.6.1.0.00.0.0;1.6.1.0.00.0.0 - Serviços Administrativos e Comerciais Gerais;42714,00;20319
2024;Prefeitura Municipal de Ilhota - SC;4207106;SC;DCA-Anexo I-C;Padrão;Receitas Brutas Realizadas;RO1.6.1.1.00.0.0;1.6.1.1.00.0.0 - Serviços Administrativos e Comerciais Gerais;42714,00;20319
2024;Prefeitura Municipal de Ilhota - SC;4207106;SC;DCA-Anexo I-C;Padrão;Receitas Brutas Realizadas;RO1.6.1.1.02.0.0;1.6.1.1.02.0.0 - Inscrição em Concursos e Processos Seletivos;42714,00;20319
2024;Prefeitura Municipal de Ilhota - SC;4207106;SC;DCA-Anexo I-C;Padrão;Receitas Brutas Realizadas;RO1.6.9.0.00.0.0;1.6.9.0.00.0.0 - Outros Serviços;959002,42;20319
2024;Prefeitura Municipal de Ilhota - SC;4207106;SC;DCA-Anexo I-C;Padrão;Outras Deduções da Receita;RO1.6.9.0.00.0.0;1.6.9.0.00.0.0 - Outros Serviços;1343,68;20319
2024;Prefeitura Municipal de Ilhota - SC;4207106;SC;DCA-Anexo I-C;Padrão;Receitas Brutas Realizadas;RO1.7.0.0.00.0.0;1.7.0.0.00.0.0 - Transferências Correntes;99542823,30;20319
2024;Prefeitura Municipal de Ilhota - SC;4207106;SC;DCA-Anexo I-C;Padrão;Deduções - FUNDEB;RO1.7.0.0.00.0.0;1.7.0.0.00.0.0 - Transferências Correntes;11982942,45;20319
2024;Prefeitura Municipal de Ilhota - SC;4207106;SC;DCA-Anexo I-C;Padrão;Outras Deduções da Receita;RO1.7.0.0.00.0.0;1.7.0.0.00.0.0 - Transferências Correntes;176,38;20319
2024;Prefeitura Municipal de Ilhota - SC;4207106;SC;DCA-Anexo I-C;Padrão;Receitas Brutas Realizadas;RO1.7.1.0.00.0.0;1.7.1.0.00.0.0 - Transferências da União e de suas Entidades;40439328,77;20319
2024;Prefeitura Municipal de Ilhota - SC;4207106;SC;DCA-Anexo I-C;Padrão;Deduções - FUNDEB;RO1.7.1.0.00.0.0;1.7.1.0.00.0.0 - Transferências da União e de suas Entidades;5527344,69;20319
2024;Prefeitura Municipal de Ilhota - SC;4207106;SC;DCA-Anexo I-C;Padrão;Receitas Brutas Realizadas;RO1.7.1.1.00.0.0;1.7.1.1.00.0.0 - Transferências Decorrentes de Participação na Receita da União;30477064,28;20319
2024;Prefeitura Municipal de Ilhota - SC;4207106;SC;DCA-Anexo I-C;Padrão;Deduções - FUNDEB;RO1.7.1.1.00.0.0;1.7.1.1.00.0.0 - Transferências Decorrentes de Participação na Receita da União;5527344,69;20319
2024;Prefeitura Municipal de Ilhota - SC;4207106;SC;DCA-Anexo I-C;Padrão;Receitas Brutas Realizadas;RO1.7.1.1.51.0.0;1.7.1.1.51.0.0 -Cota-Parte do Fundo de Participação dos Municípios - FPM;30382506,54;20319
2024;Prefeitura Municipal de Ilhota - SC;4207106;SC;DCA-Anexo I-C;Padrão;Deduções - FUNDEB;RO1.7.1.1.51.0.0;1.7.1.1.51.0.0 -Cota-Parte do Fundo de Participação dos Municípios - FPM;5508432,61;20319
2024;Prefeitura Municipal de Ilhota - SC;4207106;SC;DCA-Anexo I-C;Padrão;Receitas Brutas Realizadas;RO1.7.1.1.51.1.0;1.7.1.1.51.1.0 - Cota-Parte do Fundo de Participação dos Municípios - Cota Mensal;27542165,14;20319
2024;Prefeitura Municipal de Ilhota - SC;4207106;SC;DCA-Anexo I-C;Padrão;Deduções - FUNDEB;RO1.7.1.1.51.1.0;1.7.1.1.51.1.0 - Cota-Parte do Fundo de Participação dos Municípios - Cota Mensal;5508432,61;20319
2024;Prefeitura Municipal de Ilhota - SC;4207106;SC;DCA-Anexo I-C;Padrão;Receitas Brutas Realizadas;RO1.7.1.1.51.2.0;1.7.1.1.51.2.0 - Cota-Parte do Fundo de Participação dos Municípios - Cotas Extraordinárias;2840341,40;20319
2024;Prefeitura Municipal de Ilhota - SC;4207106;SC;DCA-Anexo I-C;Padrão;Receitas Brutas Realizadas;RO1.7.1.1.52.0.0;1.7.1.1.52.0.0 - Cota-Parte do Imposto Sobre a Propriedade Territorial Rural;94557,74;20319
2024;Prefeitura Municipal de Ilhota - SC;4207106;SC;DCA-Anexo I-C;Padrão;Deduções - FUNDEB;RO1.7.1.1.52.0.0;1.7.1.1.52.0.0 - Cota-Parte do Imposto Sobre a Propriedade Territorial Rural;18912,08;20319
2024;Prefeitura Municipal de Ilhota - SC;4207106;SC;DCA-Anexo I-C;Padrão;Receitas Brutas Realizadas;RO1.7.1.2.00.0.0;1.7.1.2.00.0.0 -Transferências das Compensações Financeiras pela Exploração de Recursos Naturais;596755,93;20319
2024;Prefeitura Municipal de Ilhota - SC;4207106;SC;DCA-Anexo I-C;Padrão;Receitas Brutas Realizadas;RO1.7.1.2.51.0.0;1.7.1.2.51.0.0 -Cota-parte da Compensação Financeira pela Exploração de Recursos Minerais - CFEM;49648,85;20319
2024;Prefeitura Municipal de Ilhota - SC;4207106;SC;DCA-Anexo I-C;Padrão;Receitas Brutas Realizadas;RO1.7.1.2.52.0.0;1.7.1.2.52.0.0 - Cota-parte da Compensação Financeira pela Produção de Petróleo;547107,08;20319
2024;Prefeitura Municipal de Ilhota - SC;4207106;SC;DCA-Anexo I-C;Padrão;Receitas Brutas Realizadas;RO1.7.1.2.52.4.0;1.7.1.2.52.4.0 - Cota-Parte do Fundo Especial do Petróleo ¿ FEP;547107,08;20319
2024;Prefeitura Municipal de Ilhota - SC;4207106;SC;DCA-Anexo I-C;Padrão;Receitas Brutas Realizadas;RO1.7.1.3.00.0.0;1.7.1.3.00.0.0 -Transferências de Recursos do Sistema Único de Saúde ¿ SUS ;4837749,50;20319
2024;Prefeitura Municipal de Ilhota - SC;4207106;SC;DCA-Anexo I-C;Padrão;Receitas Brutas Realizadas;RO1.7.1.3.50.0.0;1.7.1.3.50.0.0 - Transferências de Recursos do Sistema Único de Saúde ¿ SUS ¿ Repasses Fundo a Fundo - Bloco de Manutenção das Ações e Serviços Públicos de Saúde;4837749,50;20319
2024;Prefeitura Municipal de Ilhota - SC;4207106;SC;DCA-Anexo I-C;Padrão;Receitas Brutas Realizadas;RO1.7.1.3.50.1.0;1.7.1.3.50.1.0 - Transferências de Recursos do Bloco de Manutenção das Ações e Serviços Públicos de Saúde ¿ Atenção Primária;4115101,87;20319
2024;Prefeitura Municipal de Ilhota - SC;4207106;SC;DCA-Anexo I-C;Padrão;Receitas Brutas Realizadas;RO1.7.1.3.50.2.0;1.7.1.3.50.2.0 - Transferências de Recursos do Bloco de Manutenção das Ações e Serviços Públicos de Saúde ¿ Atenção Especializada;288897,69;20319
2024;Prefeitura Municipal de Ilhota - SC;4207106;SC;DCA-Anexo I-C;Padrão;Receitas Brutas Realizadas;RO1.7.1.3.50.3.0;1.7.1.3.50.3.0 - Transferências de Recursos do Bloco de Manutenção das Ações e Serviços Públicos de Saúde ¿ Vigilância em Saúde;229400,65;20319
2024;Prefeitura Municipal de Ilhota - SC;4207106;SC;DCA-Anexo I-C;Padrão;Receitas Brutas Realizadas;RO1.7.1.3.50.4.0;1.7.1.3.50.4.0 -Transferências de Recursos do Bloco de Manutenção das Ações e Serviços Públicos de Saúde ¿ Assistência Farmacêutica;150293,80;20319
2024;Prefeitura Municipal de Ilhota - SC;4207106;SC;DCA-Anexo I-C;Padrão;Receitas Brutas Realizadas;RO1.7.1.3.50.5.0;1.7.1.3.50.5.0 - Transferências de Recursos do Bloco de Manutenção das Ações e Serviços Públicos de Saúde ¿ Gestão do SUS;54055,49;20319
2024;Prefeitura Municipal de Ilhota - SC;4207106;SC;DCA-Anexo I-C;Padrão;Receitas Brutas Realizadas;RO1.7.1.4.00.0.0;1.7.1.4.00.0.0 -Transferências de Recursos do Fundo Nacional do Desenvolvimento da Educação ¿ FNDE¿ ;2303003,54;20319
2024;Prefeitura Municipal de Ilhota - SC;4207106;SC;DCA-Anexo I-C;Padrão;Receitas Brutas Realizadas;RO1.7.1.4.50.0.0;1.7.1.4.50.0.0 - Transferências do Salário-Educação;1525145,72;20319
2024;Prefeitura Municipal de Ilhota - SC;4207106;SC;DCA-Anexo I-C;Padrão;Receitas Brutas Realizadas;RO1.7.1.4.52.0.0;1.7.1.4.52.0.0 - Transferências referentes ao Programa Nacional de Alimentação Escolar ¿ PNAE;417850,00;20319
2024;Prefeitura Municipal de Ilhota - SC;4207106;SC;DCA-Anexo I-C;Padrão;Receitas Brutas Realizadas;RO1.7.1.4.53.0.0;1.7.1.4.53.0.0 - Transferências referentes ao Programa Nacional de Apoio ao Transporte do Escolar ¿ PNATE;156821,12;20319
2024;Prefeitura Municipal de Ilhota - SC;4207106;SC;DCA-Anexo I-C;Padrão;Receitas Brutas Realizadas;RO1.7.1.4.99.0.0;1.7.1.4.99.0.0 - Outras Transferências Diretas do Fundo Nacional do Desenvolvimento da Educação - FNDE;203186,70;20319
2024;Prefeitura Municipal de Ilhota - SC;4207106;SC;DCA-Anexo I-C;Padrão;Receitas Brutas Realizadas;RO1.7.1.5.00.0.0;1.7.1.5.00.0.0 - Transferências de Recursos de Complementação da União ao Fundo de Manutenção e Desenvolvimento da Educação Básica e de Valorização dos Profissionais da Educação ¿ FUNDEB ;1683519,06;20319
2024;Prefeitura Municipal de Ilhota - SC;4207106;SC;DCA-Anexo I-C;Padrão;Receitas Brutas Realizadas;RO1.7.1.6.00.0.0;1.7.1.6.00.0.0 - Transferências de Recursos do Fundo Nacional de Assistência Social ¿ FNAS;138094,44;20319
2024;Prefeitura Municipal de Ilhota - SC;4207106;SC;DCA-Anexo I-C;Padrão;Receitas Brutas Realizadas;RO1.7.1.9.00.0.0;1.7.1.9.00.0.0 - Outras Transferências de Recursos da União e de suas Entidades;403142,02;20319
2024;Prefeitura Municipal de Ilhota - SC;4207106;SC;DCA-Anexo I-C;Padrão;Receitas Brutas Realizadas;RO1.7.1.9.57.0.0;1.7.1.9.57.0.0 - Transferência Especial da União;200000,00;20319
2024;Prefeitura Municipal de Ilhota - SC;4207106;SC;DCA-Anexo I-C;Padrão;Receitas Brutas Realizadas;RO1.7.1.9.58.0.0;1.7.1.9.58.0.0 - Transferência Obrigatória Decorrente da Lei Complementar nº 176/2020;57564,12;20319
2024;Prefeitura Municipal de Ilhota - SC;4207106;SC;DCA-Anexo I-C;Padrão;Receitas Brutas Realizadas;RO1.7.1.9.60.0.0;1.7.1.9.60.0.0 - Transferências da Política Nacional Aldir Blanc de Fomento à Cultura - Lei nº 14.399/2022;142650,46;20319
2024;Prefeitura Municipal de Ilhota - SC;4207106;SC;DCA-Anexo I-C;Padrão;Receitas Brutas Realizadas;RO1.7.1.9.99.0.0;1.7.1.9.99.0.0 - Outras Transferências de Recursos da União e de suas Entidades;2927,44;20319
2024;Prefeitura Municipal de Ilhota - SC;4207106;SC;DCA-Anexo I-C;Padrão;Receitas Brutas Realizadas;RO1.7.2.0.00.0.0;1.7.2.0.00.0.0 - Transferências dos Estados e do Distrito Federal e de suas Entidades;34451446,47;20319
2024;Prefeitura Municipal de Ilhota - SC;4207106;SC;DCA-Anexo I-C;Padrão;Deduções - FUNDEB;RO1.7.2.0.00.0.0;1.7.2.0.00.0.0 - Transferências dos Estados e do Distrito Federal e de suas Entidades;6455597,76;20319
2024;Prefeitura Municipal de Ilhota - SC;4207106;SC;DCA-Anexo I-C;Padrão;Outras Deduções da Receita;RO1.7.2.0.00.0.0;1.7.2.0.00.0.0 - Transferências dos Estados e do Distrito Federal e de suas Entidades;176,38;20319
2024;Prefeitura Municipal de Ilhota - SC;4207106;SC;DCA-Anexo I-C;Padrão;Receitas Brutas Realizadas;RO1.7.2.1.00.0.0;1.7.2.1.00.0.0 - Participação na Receita dos Estados e Distrito Federal;32315348,13;20319
2024;Prefeitura Municipal de Ilhota - SC;4207106;SC;DCA-Anexo I-C;Padrão;Deduções - FUNDEB;RO1.7.2.1.00.0.0;1.7.2.1.00.0.0 - Participação na Receita dos Estados e Distrito Federal;6455597,76;20319
2024;Prefeitura Municipal de Ilhota - SC;4207106;SC;DCA-Anexo I-C;Padrão;Outras Deduções da Receita;RO1.7.2.1.00.0.0;1.7.2.1.00.0.0 - Participação na Receita dos Estados e Distrito Federal;176,38;20319
2024;Prefeitura Municipal de Ilhota - SC;4207106;SC;DCA-Anexo I-C;Padrão;Receitas Brutas Realizadas;RO1.7.2.1.50.0.0;1.7.2.1.50.0.0 - Cota-Parte do ICMS;28620862,80;20319
2024;Prefeitura Municipal de Ilhota - SC;4207106;SC;DCA-Anexo I-C;Padrão;Deduções - FUNDEB;RO1.7.2.1.50.0.0;1.7.2.1.50.0.0 - Cota-Parte do ICMS;5724171,31;20319
2024;Prefeitura Municipal de Ilhota - SC;4207106;SC;DCA-Anexo I-C;Padrão;Receitas Brutas Realizadas;RO1.7.2.1.51.0.0;1.7.2.1.51.0.0 - Cota-Parte do IPVA;3328725,99;20319
2024;Prefeitura Municipal de Ilhota - SC;4207106;SC;DCA-Anexo I-C;Padrão;Deduções - FUNDEB;RO1.7.2.1.51.0.0;1.7.2.1.51.0.0 - Cota-Parte do IPVA;665744,18;20319
2024;Prefeitura Municipal de Ilhota - SC;4207106;SC;DCA-Anexo I-C;Padrão;Outras Deduções da Receita;RO1.7.2.1.51.0.0;1.7.2.1.51.0.0 - Cota-Parte do IPVA;176,38;20319
2024;Prefeitura Municipal de Ilhota - SC;4207106;SC;DCA-Anexo I-C;Padrão;Receitas Brutas Realizadas;RO1.7.2.1.52.0.0;1.7.2.1.52.0.0 - Cota-Parte do IPI - Municípios;340489,33;20319
2024;Prefeitura Municipal de Ilhota - SC;4207106;SC;DCA-Anexo I-C;Padrão;Deduções - FUNDEB;RO1.7.2.1.52.0.0;1.7.2.1.52.0.0 - Cota-Parte do IPI - Municípios;65682,27;20319
2024;Prefeitura Municipal de Ilhota - SC;4207106;SC;DCA-Anexo I-C;Padrão;Receitas Brutas Realizadas;RO1.7.2.1.53.0.0;1.7.2.1.53.0.0 - Cota-Parte da Contribuição de Intervenção no Domínio Econômico;25270,01;20319
2024;Prefeitura Municipal de Ilhota - SC;4207106;SC;DCA-Anexo I-C;Padrão;Receitas Brutas Realizadas;RO1.7.2.3.00.0.0;1.7.2.3.00.0.0 - Transferências de Recursos do Sistema Único de Saúde ¿ SUS;404531,18;20319
2024;Prefeitura Municipal de Ilhota - SC;4207106;SC;DCA-Anexo I-C;Padrão;Receitas Brutas Realizadas;RO1.7.2.4.00.0.0;1.7.2.4.00.0.0 - Transferências de Convênios dos Estados e DF e de Suas Entidades;350000,00;20319
2024;Prefeitura Municipal de Ilhota - SC;4207106;SC;DCA-Anexo I-C;Padrão;Receitas Brutas Realizadas;RO1.7.2.4.99.0.0;1.7.2.4.99.0.0 - Outras Transferências de Convênios dos Estados e DF e de Suas Entidades;350000,00;20319
2024;Prefeitura Municipal de Ilhota - SC;4207106;SC;DCA-Anexo I-C;Padrão;Receitas Brutas Realizadas;RO1.7.2.9.00.0.0;1.7.2.9.00.0.0 - Outras Transferências dos Estados e Distrito Federal;1381567,16;20319
2024;Prefeitura Municipal de Ilhota - SC;4207106;SC;DCA-Anexo I-C;Padrão;Receitas Brutas Realizadas;RO1.7.2.9.51.0.0;1.7.2.9.51.0.0 - Transferências de Estados destinadas à Assistência Social;119685,42;20319
2024;Prefeitura Municipal de Ilhota - SC;4207106;SC;DCA-Anexo I-C;Padrão;Receitas Brutas Realizadas;RO1.7.2.9.52.0.0;1.7.2.9.52.0.0 - Transferências de Recursos Destinados a Programas de Educação;1261881,74;20319
2024;Prefeitura Municipal de Ilhota - SC;4207106;SC;DCA-Anexo I-C;Padrão;Receitas Brutas Realizadas;RO1.7.5.0.00.0.0;1.7.5.0.00.0.0 - Transferências de Outras Instituições Públicas;24647537,89;20319
2024;Prefeitura Municipal de Ilhota - SC;4207106;SC;DCA-Anexo I-C;Padrão;Receitas Brutas Realizadas;RO1.7.5.1.00.0.0;1.7.5.1.00.0.0 - Transferências de Recursos do Fundo de Manutenção e Desenvolvimento da Educação Básica e de Valorização dos Profissionais da Educação - FUNDEB;24647537,89;20319
2024;Prefeitura Municipal de Ilhota - SC;4207106;SC;DCA-Anexo I-C;Padrão;Receitas Brutas Realizadas;RO1.7.9.0.00.0.0;1.7.9.0.00.0.0 - Demais Transferências Correntes;4510,17;20319
2024;Prefeitura Municipal de Ilhota - SC;4207106;SC;DCA-Anexo I-C;Padrão;Receitas Brutas Realizadas;RO1.7.9.1.00.0.0;1.7.9.1.00.0.0 - Transferências de Pessoas Físicas;2384,07;20319
2024;Prefeitura Municipal de Ilhota - SC;4207106;SC;DCA-Anexo I-C;Padrão;Receitas Brutas Realizadas;RO1.7.9.1.99.0.0;1.7.9.1.99.0.0 - Outras Transferências de Pessoas Físicas;2384,07;20319
2024;Prefeitura Municipal de Ilhota - SC;4207106;SC;DCA-Anexo I-C;Padrão;Receitas Brutas Realizadas;RO1.7.9.2.00.0.0;1.7.9.2.00.0.0 - Transferências Provenientes de Depósitos Não Identificados;2126,10;20319
2024;Prefeitura Municipal de Ilhota - SC;4207106;SC;DCA-Anexo I-C;Padrão;Receitas Brutas Realizadas;RO1.9.0.0.00.0.0;1.9.0.0.00.0.0 - Outras Receitas Correntes;237913,93;20319
2024;Prefeitura Municipal de Ilhota - SC;4207106;SC;DCA-Anexo I-C;Padrão;Outras Deduções da Receita;RO1.9.0.0.00.0.0;1.9.0.0.00.0.0 - Outras Receitas Correntes;658,88;20319
2024;Prefeitura Municipal de Ilhota - SC;4207106;SC;DCA-Anexo I-C;Padrão;Receitas Brutas Realizadas;RO1.9.1.0.00.0.0;1.9.1.0.00.0.0 - Multas Administrativas, Contratuais e Judiciais;74180,57;20319
2024;Prefeitura Municipal de Ilhota - SC;4207106;SC;DCA-Anexo I-C;Padrão;Receitas Brutas Realizadas;RO1.9.1.1.00.0.0;1.9.1.1.00.0.0 - Multas Administrativas, Contratuais e Judiciais;74180,57;20319
2024;Prefeitura Municipal de Ilhota - SC;4207106;SC;DCA-Anexo I-C;Padrão;Receitas Brutas Realizadas;RO1.9.1.1.09.0.0;1.9.1.1.09.0.0 - Multas e Juros Previstos em Contratos;1067,36;20319
2024;Prefeitura Municipal de Ilhota - SC;4207106;SC;DCA-Anexo I-C;Padrão;Receitas Brutas Realizadas;RO1.9.1.1.14.0.0;1.9.1.1.14.0.0 - Multas Previstas no Código de Trânsito Brasileiro - CTB;73113,21;20319
2024;Prefeitura Municipal de Ilhota - SC;4207106;SC;DCA-Anexo I-C;Padrão;Receitas Brutas Realizadas;RO1.9.2.0.00.0.0;1.9.2.0.00.0.0 - Indenizações, Restituições e Ressarcimentos;74007,32;20319
2024;Prefeitura Municipal de Ilhota - SC;4207106;SC;DCA-Anexo I-C;Padrão;Outras Deduções da Receita;RO1.9.2.0.00.0.0;1.9.2.0.00.0.0 - Indenizações, Restituições e Ressarcimentos;658,88;20319
2024;Prefeitura Municipal de Ilhota - SC;4207106;SC;DCA-Anexo I-C;Padrão;Receitas Brutas Realizadas;RO1.9.2.1.00.0.0;1.9.2.1.00.0.0 - Indenizações;11457,14;20319
2024;Prefeitura Municipal de Ilhota - SC;4207106;SC;DCA-Anexo I-C;Padrão;Receitas Brutas Realizadas;RO1.9.2.1.01.0.0;1.9.2.1.01.0.0 - Indenizações por Danos Causados ao Patrimônio Público;11457,14;20319
2024;Prefeitura Municipal de Ilhota - SC;4207106;SC;DCA-Anexo I-C;Padrão;Receitas Brutas Realizadas;RO1.9.2.2.00.0.0;1.9.2.2.00.0.0 - Restituições;62550,18;20319
2024;Prefeitura Municipal de Ilhota - SC;4207106;SC;DCA-Anexo I-C;Padrão;Outras Deduções da Receita;RO1.9.2.2.00.0.0;1.9.2.2.00.0.0 - Restituições;658,88;20319
2024;Prefeitura Municipal de Ilhota - SC;4207106;SC;DCA-Anexo I-C;Padrão;Receitas Brutas Realizadas;RO1.9.2.2.99.0.0;1.9.2.2.99.0.0 - Outras Restituições;62550,18;20319
2024;Prefeitura Municipal de Ilhota - SC;4207106;SC;DCA-Anexo I-C;Padrão;Outras Deduções da Receita;RO1.9.2.2.99.0.0;1.9.2.2.99.0.0 - Outras Restituições;658,88;20319
2024;Prefeitura Municipal de Ilhota - SC;4207106;SC;DCA-Anexo I-C;Padrão;Receitas Brutas Realizadas;RO1.9.9.0.00.0.0;1.9.9.0.00.0.0 - Demais Receitas Correntes;89726,04;20319
2024;Prefeitura Municipal de Ilhota - SC;4207106;SC;DCA-Anexo I-C;Padrão;Receitas Brutas Realizadas;RO1.9.9.9.00.0.0;1.9.9.9.00.0.0 - Outras Receitas Correntes;89726,04;20319
2024;Prefeitura Municipal de Ilhota - SC;4207106;SC;DCA-Anexo I-C;Padrão;Receitas Brutas Realizadas;RO1.9.9.9.03.0.0;1.9.9.9.03.0.0 - Compensações Financeiras entre os Regimes de Previdência;86552,19;20319
2024;Prefeitura Municipal de Ilhota - SC;4207106;SC;DCA-Anexo I-C;Padrão;Receitas Brutas Realizadas;RO1.9.9.9.12.0.0;1.9.9.9.12.0.0 - Encargos Legais pela Inscrição em Dívida Ativa e Receitas de Ônus de Sucumbência;3173,85;20319
2024;Prefeitura Municipal de Ilhota - SC;4207106;SC;DCA-Anexo I-C;Padrão;Receitas Brutas Realizadas;RO1.9.9.9.12.2.0;1.9.9.9.12.2.0 - Ônus de Sucumbência;3173,85;20319
2024;Prefeitura Municipal de Ilhota - SC;4207106;SC;DCA-Anexo I-C;Padrão;Receitas Brutas Realizadas;RO2.0.0.0.00.0.0;2.0.0.0.00.0.0 - Receitas de Capital;12346201,16;20319
2024;Prefeitura Municipal de Ilhota - SC;4207106;SC;DCA-Anexo I-C;Padrão;Receitas Brutas Realizadas;RO2.1.0.0.00.0.0;2.1.0.0.00.0.0 - Operações de Crédito;5818270,22;20319
2024;Prefeitura Municipal de Ilhota - SC;4207106;SC;DCA-Anexo I-C;Padrão;Receitas Brutas Realizadas;RO2.1.1.0.00.0.0;2.1.1.0.00.0.0 - Operações de Crédito - Mercado Interno;5818270,22;20319
2024;Prefeitura Municipal de Ilhota - SC;4207106;SC;DCA-Anexo I-C;Padrão;Receitas Brutas Realizadas;RO2.1.1.2.00.0.0;2.1.1.2.00.0.0 - Operações de Crédito Contratuais - Mercado Interno;5818270,22;20319
2024;Prefeitura Municipal de Ilhota - SC;4207106;SC;DCA-Anexo I-C;Padrão;Receitas Brutas Realizadas;RO2.1.1.2.01.0.0;2.1.1.2.01.0.0 - Operações de Crédito Contratuais - Mercado Interno;5818270,22;20319
2024;Prefeitura Municipal de Ilhota - SC;4207106;SC;DCA-Anexo I-C;Padrão;Receitas Brutas Realizadas;RO2.2.0.0.00.0.0;2.2.0.0.00.0.0 - Alienação de Bens;717700,00;20319
2024;Prefeitura Municipal de Ilhota - SC;4207106;SC;DCA-Anexo I-C;Padrão;Receitas Brutas Realizadas;RO2.2.1.0.00.0.0;2.2.1.0.00.0.0 - Alienação de Bens Móveis;717700,00;20319
2024;Prefeitura Municipal de Ilhota - SC;4207106;SC;DCA-Anexo I-C;Padrão;Receitas Brutas Realizadas;RO2.2.1.3.00.0.0;2.2.1.3.00.0.0 - Alienação de Bens Móveis e Semoventes;717700,00;20319
2024;Prefeitura Municipal de Ilhota - SC;4207106;SC;DCA-Anexo I-C;Padrão;Receitas Brutas Realizadas;RO2.4.0.0.00.0.0;2.4.0.0.00.0.0 - Transferências de Capital;5810230,94;20319
2024;Prefeitura Municipal de Ilhota - SC;4207106;SC;DCA-Anexo I-C;Padrão;Receitas Brutas Realizadas;RO2.4.1.0.00.0.0;2.4.1.0.00.0.0 - Transferências da União e de suas Entidades;1122405,00;20319
2024;Prefeitura Municipal de Ilhota - SC;4207106;SC;DCA-Anexo I-C;Padrão;Receitas Brutas Realizadas;RO2.4.1.4.00.0.0;2.4.1.4.00.0.0 - Transferências de Convênios da União e de suas Entidades ;1022405,00;20319
2024;Prefeitura Municipal de Ilhota - SC;4207106;SC;DCA-Anexo I-C;Padrão;Receitas Brutas Realizadas;RO2.4.1.4.54.0.0;2.4.1.4.54.0.0 - Transferências de Convênios da União destinadas a Programas de Infraestrutura em Transporte;735905,00;20319
2024;Prefeitura Municipal de Ilhota - SC;4207106;SC;DCA-Anexo I-C;Padrão;Receitas Brutas Realizadas;RO2.4.1.4.99.0.0;2.4.1.4.99.0.0 - Outras Transferências de Convênios da União e de Suas Entidades;286500,00;20319
2024;Prefeitura Municipal de Ilhota - SC;4207106;SC;DCA-Anexo I-C;Padrão;Receitas Brutas Realizadas;RO2.4.1.9.00.0.0;2.4.1.9.00.0.0 - Outras Transferências de Recursos da União e de suas Entidades;100000,00;20319
2024;Prefeitura Municipal de Ilhota - SC;4207106;SC;DCA-Anexo I-C;Padrão;Receitas Brutas Realizadas;RO2.4.1.9.51.0.0;2.4.1.9.51.0.0 - Transferência Especial da União;100000,00;20319
2024;Prefeitura Municipal de Ilhota - SC;4207106;SC;DCA-Anexo I-C;Padrão;Receitas Brutas Realizadas;RO2.4.2.0.00.0.0;2.4.2.0.00.0.0 - Transferências dos Estados e do Distrito Federal e de suas Entidades;4687825,94;20319
2024;Prefeitura Municipal de Ilhota - SC;4207106;SC;DCA-Anexo I-C;Padrão;Receitas Brutas Realizadas;RO2.4.2.9.00.0.0;2.4.2.9.00.0.0 - Outras Transferências de Recursos dos Estados;4687825,94;20319
2024;Prefeitura Municipal de Ilhota - SC;4207106;SC;DCA-Anexo I-C;Padrão;Receitas Brutas Realizadas;RO2.4.2.9.99.0.0;2.4.2.9.99.0.0 - Outras Transferências de Recursos dos Estados;4687825,94;20319
2024;Prefeitura Municipal de Ilhota - SC;4207106;SC;DCA-Anexo I-C;Padrão;Receitas Brutas Realizadas;ReceitasIntraOrcamentarias;RECEITAS (INTRA-ORÇAMENTÁRIAS) (II);6129812,40;20319
2024;Prefeitura Municipal de Ilhota - SC;4207106;SC;DCA-Anexo I-C;Padrão;Receitas Brutas Realizadas;RI7.0.0.0.00.0.0;7.0.0.0.00.0.0 - Receitas Correntes;6129812,40;20319
2024;Prefeitura Municipal de Ilhota - SC;4207106;SC;DCA-Anexo I-C;Padrão;Receitas Brutas Realizadas;RI7.2.0.0.00.0.0;7.2.0.0.00.0.0 - Contribuições;3669902,73;20319
2024;Prefeitura Municipal de Ilhota - SC;4207106;SC;DCA-Anexo I-C;Padrão;Receitas Brutas Realizadas;RI7.2.1.0.00.0.0;7.2.1.0.00.0.0 - Contribuições Sociais;3669902,73;20319
2024;Prefeitura Municipal de Ilhota - SC;4207106;SC;DCA-Anexo I-C;Padrão;Receitas Brutas Realizadas;RI7.2.1.5.00.0.0;7.2.1.5.00.0.0 - Contribuições para Regimes Próprios de Previdência e Sistema de Proteção Social;3669902,73;20319
2024;Prefeitura Municipal de Ilhota - SC;4207106;SC;DCA-Anexo I-C;Padrão;Receitas Brutas Realizadas;RI7.2.1.5.02.0.0;7.2.1.5.02.0.0 - Contribuição Patronal - Servidor Civil;3171953,57;20319
2024;Prefeitura Municipal de Ilhota - SC;4207106;SC;DCA-Anexo I-C;Padrão;Receitas Brutas Realizadas;RI7.2.1.5.02.1.0;7.2.1.5.02.1.0 - Contribuição Patronal - Servidor Civil Ativo;3171953,57;20319
2024;Prefeitura Municipal de Ilhota - SC;4207106;SC;DCA-Anexo I-C;Padrão;Receitas Brutas Realizadas;RI7.2.1.5.51.0.0;7.2.1.5.51.0.0 - Contribuição Patronal - Parcelamentos;497949,16;20319
2024;Prefeitura Municipal de Ilhota - SC;4207106;SC;DCA-Anexo I-C;Padrão;Receitas Brutas Realizadas;RI7.2.1.5.51.1.0;7.2.1.5.51.1.0 - Contribuição Patronal - Servidor Civil Ativo - Parcelamentos;497949,16;20319
2024;Prefeitura Municipal de Ilhota - SC;4207106;SC;DCA-Anexo I-C;Padrão;Receitas Brutas Realizadas;RI7.6.0.0.00.0.0;7.6.0.0.00.0.0 - Receita de Serviços;20399,67;20319
2024;Prefeitura Municipal de Ilhota - SC;4207106;SC;DCA-Anexo I-C;Padrão;Receitas Brutas Realizadas;RI7.6.9.0.00.0.0;7.6.9.0.00.0.0 - Outros Serviços;20399,67;20319
2024;Prefeitura Municipal de Ilhota - SC;4207106;SC;DCA-Anexo I-C;Padrão;Receitas Brutas Realizadas;RI7.9.0.0.00.0.0;7.9.0.0.00.0.0 - Outras Receitas Correntes;2439510,00;20319
2024;Prefeitura Municipal de Ilhota - SC;4207106;SC;DCA-Anexo I-C;Padrão;Receitas Brutas Realizadas;RI7.9.9.0.00.0.0;7.9.9.0.00.0.0 - Demais Receitas Correntes;2439510,00;20319
2024;Prefeitura Municipal de Ilhota - SC;4207106;SC;DCA-Anexo I-C;Padrão;Receitas Brutas Realizadas;RI7.9.9.9.00.0.0;7.9.9.9.00.0.0 - Outras Receitas Correntes;2439510,00;20319
2024;Prefeitura Municipal de Ilhota - SC;4207106;SC;DCA-Anexo I-C;Padrão;Receitas Brutas Realizadas;RI7.9.9.9.01.0.0;7.9.9.9.01.0.0 - Aportes Periódicos para Amortização de Déficit Atuarial do Regimes Próprios de Previdência e Sistema de Proteção Social;2439510,00;20319
2024;Prefeitura Municipal de Ilhota - SC;4207106;SC;DCA-Anexo I-C;Padrão;Receitas Brutas Realizadas;TotalReceitas;TOTAL DAS RECEITAS (III) = (I + II);146265114,11;20319
2024;Prefeitura Municipal de Ilhota - SC;4207106;SC;DCA-Anexo I-C;Padrão;Deduções - FUNDEB;TotalReceitas;TOTAL DAS RECEITAS (III) = (I + II);11982942,45;20319
2024;Prefeitura Municipal de Ilhota - SC;4207106;SC;DCA-Anexo I-C;Padrão;Outras Deduções da Receita;TotalReceitas;TOTAL DAS RECEITAS (III) = (I + II);190827,04;20319
